#Cauchy - Cost J(iterations) convergence
#iterations, J(iterations)
1,47256273.02350014
2,47210906.67906722
3,47166206.78544413
4,47122161.52878793
5,47078759.33531464
6,47035988.86603673
7,46993839.01162019
8,46952298.8873582
9,46911357.82825926
10,46871005.3842465
11,46831231.31546605
12,46792025.5877018
13,46753378.36789415
14,46715280.01976018
15,46677721.09951316
16,46640692.35167897
17,46604184.70500709
18,46568189.26847431
19,46532697.32737862
20,46497700.3395215
21,46463189.93147644
22,46429157.89494178
23,46395596.1831758
24,46362496.90751239
25,46329852.33395512
26,46297654.87984833
27,46265897.11062296
28,46234571.73661596
29,46203671.60996109
30,46173189.72154975
31,46143119.19806018
32,46113453.29905351
33,46084185.41413484
34,46055309.06017827
35,46026817.87861419
36,45998705.63277736
37,45970966.20531444
38,45943593.59564966
39,45916581.91750731
40,45889925.39648952
41,45863618.3677084
42,45837655.27347101
43,45812030.66101608
44,45786739.18030141
45,45761775.58184043
46,45737134.71458711
47,45712811.52386827
48,45688801.04936137
49,45665098.42311807
50,45641698.86763116
51,45618597.69394472
52,45595790.29980638
53,45573272.16786041
54,45551038.86388101
55,45529086.03504489
56,45507409.40824189
57,45486004.7884232
58,45464868.05698618
59,45443995.17019476
60,45423382.15763479
61,45403025.12070365
62,45382920.23113295
63,45363063.72954402
64,45343451.92403521
65,45324081.18880009
66,45304947.96277642
67,45286048.74832448
68,45267380.10993462
69,45248938.67296317
70,45230721.12239607
71,45212724.2016395
72,45194944.71133718
73,45177379.50821341
74,45160025.50394142
75,45142879.6640365
76,45125939.00677325
77,45109200.60212646
78,45092661.57073503
79,45076319.08288847
80,45060170.35753548
81,45044212.66131395
82,45028443.30760223
83,45012859.65559069
84,44997459.10937371
85,44982239.11706109
86,44967197.16990875
87,44952330.80146828
88,44937637.58675474
89,44923115.14143249
90,44908761.12101848
91,44894573.22010276
92,44880549.17158569
93,44866686.74593159
94,44852983.75043832
95,44839438.02852256
96,44826047.45902042
97,44812809.95550293
98,44799723.46560618
99,44786785.97037581
100,44773995.48362535
101,44761350.05130838
102,44748847.75090378
103,44736486.6908144
104,44724265.00977813
105,44712180.87629169
106,44700232.48804645
107,44688418.0713763
108,44676735.8807171
109,44665184.19807758
110,44653761.33252128
111,44642465.61965948
112,44631295.42115483
113,44620249.1242351
114,44609325.14121763
115,44598521.90904307
116,44587837.88881957
117,44577271.56537583
118,44566821.44682391
119,44556486.06413095
120,44546263.97069979
121,44536153.74195834
122,44526153.97495738
123,44516263.28797685
124,44506480.32014001
125,44496803.73103584
126,44487232.20034897
127,44477764.42749734
128,44468399.1312774
129,44459135.04951635
130,44449970.93873165
131,44440905.5737975
132,44431937.74761805
133,44423066.2708073
134,44414289.97137555
135,44405607.6944221
136,44397018.3018344
137,44388520.67199299
138,44380113.69948266
139,44371796.29480929
140,44363567.38412248
141,44355425.9089437
142,44347370.82589988
143,44339401.1064624
144,44331515.73669126
145,44323713.71698435
146,44315994.06183176
147,44308355.79957491
148,44300797.97217048
149,44293319.63495914
150,44285919.85643863
151,44278597.71804145
152,44271352.31391702
153,44264182.75071795
154,44257088.14739054
155,44250067.63496954
156,44243120.35637666
157,44236245.46622332
158,44229442.13061692
159,44222709.52697118
160,44216046.84381989
161,44209453.28063448
162,44202928.04764496
163,44196470.36566441
164,44190079.4659168
165,44183754.58986813
166,44177494.98906079
167,44171299.92495108
168,44165168.66874988
169,44159100.50126634
170,44153094.7127544
171,44147150.60276245
172,44141267.47998568
173,44135444.66212122
174,44129681.47572611
175,44123977.25607771
176,44118331.34703711
177,44112743.10091462
178,44107211.87833821
179,44101737.04812407
180,44096317.98714969
181,44090954.08022948
182,44085644.71999223
183,44080389.30676137
184,44075187.24843697
185,44070037.96038024
186,44064940.86529992
187,44059895.39314084
188,44054900.98097452
189,44049957.07289172
190,44045063.11989696
191,44040218.57980492
192,44035422.91713873
193,44030675.60303005
194,44025976.11512104
195,44021323.93746794
196,44016718.56044649
197,44012159.48065898
198,44007646.20084292
199,44003178.22978143
200,43998755.0822151
201,43994376.27875541
202,43990041.34579983
203,43985749.81544814
204,43981501.2254204
205,43977295.11897637
206,43973131.04483619
207,43969008.55710251
208,43964927.21518397
209,43960886.58372002
210,43956886.23250695
211,43952925.73642524
212,43949004.67536823
213,43945122.63417176
214,43941279.20254535
215,43937473.97500423
216,43933706.55080269
217,43929976.53386855
218,43926283.53273863
219,43922627.16049546
220,43919007.03470477
221,43915422.77735443
222,43911874.01479398
223,43908360.37767547
224,43904881.50089516
225,43901437.02353605
226,43898026.58881166
227,43894649.84401042
228,43891306.44044116
229,43887996.03337946
230,43884718.28201473
231,43881472.84939831
232,43878259.40239239
233,43875077.61161961
234,43871927.15141363
235,43868807.69977047
236,43865718.93830039
237,43862660.55218098
238,43859632.23011053
239,43856633.66426241
240,43853664.55024017
241,43850724.58703311
242,43847813.47697286
243,43844930.92569039
244,43842076.64207383
245,43839250.33822687
246,43836451.72942782
247,43833680.53408933
248,43830936.4737187
249,43828219.27287878
250,43825528.6591495
251,43822864.36308997
252,43820226.1182012
253,43817613.66088925
254,43815026.73042915
255,43812465.0689291
256,43809928.42129546
257,43807416.53519807
258,43804929.16103621
259,43802466.05190501
260,43800026.96356234
261,43797611.65439624
262,43795219.88539279
263,43792851.42010441
264,43790506.02461883
265,43788183.46752818
266,43785883.51989876
267,43783605.95524132
268,43781350.54948143
269,43779117.08093064
270,43776905.33025785
271,43774715.08046117
272,43772546.11684009
273,43770398.22696816
274,43768271.20066603
275,43766164.82997477
276,43764078.9091297
277,43762013.23453451
278,43759967.60473571
279,43757941.82039763
280,43755935.68427745
281,43753949.00120089
282,43751981.57803801
283,43750033.22367945
284,43748103.74901303
285,43746192.96690054
286,43744300.69215498
287,43742426.74151806
288,43740570.93363795
289,43738733.08904743
290,43736913.03014224
291,43735110.58115984
292,43733325.56815831
293,43731557.81899565
294,43729807.16330931
295,43728073.432496
296,43726356.45969172
297,43724656.07975211
298,43722972.12923309
299,43721304.44637172
300,43719652.8710672
301,43718017.2448623
302,43716397.41092499
303,43714793.21403012
304,43713204.50054171
305,43711631.11839504
306,43710072.91707931
307,43708529.7476203
308,43707001.46256347
309,43705487.91595703
310,43703988.96333537
311,43702504.46170276
312,43701034.26951705
313,43699578.24667379
314,43698136.25449049
315,43696708.15569089
316,43695293.81438979
317,43693893.09607772
318,43692505.86760598
319,43691131.99717194
320,43689771.3543042
321,43688423.80984839
322,43687089.23595278
323,43685767.50605413
324,43684458.49486395
325,43683162.07835463
326,43681878.1337459
327,43680606.53949142
328,43679347.17526556
329,43678099.92195029
330,43676864.6616222
331,43675641.27753989
332,43674429.65413116
333,43673229.67698069
334,43672041.23281766
335,43670864.20950358
336,43669698.49602034
337,43668543.98245818
338,43667400.56000417
339,43666268.1209304
340,43665146.55858264
341,43664035.76736899
342,43662935.6427487
343,43661846.08122104
344,43660766.98031447
345,43659698.23857579
346,43658639.75555947
347,43657591.43181701
348,43656553.16888669
349,43655524.86928312
350,43654506.4364871
351,43653497.77493554
352,43652498.7900115
353,43651509.38803437
354,43650529.47625013
355,43649558.96282168
356,43648597.75681947
357,43647645.76821195
358,43646702.90785636
359,43645769.08748957
360,43644844.2197189
361,43643928.21801326
362,43643020.99669414
363,43642122.47092698
364,43641232.55671238
365,43640351.17087759
366,43639478.23106794
367,43638613.65573857
368,43637757.36414603
369,43636909.27634011
370,43636069.31315578
371,43635237.39620509
372,43634413.44786926
373,43633597.39129089
374,43632789.15036612
375,43631988.64973703
376,43631195.81478399
377,43630410.57161821
378,43629632.84707426
379,43628862.56870279
380,43628099.66476327
381,43627344.0642167
382,43626595.69671869
383,43625854.49261225
384,43625120.38292097
385,43624393.29934211
386,43623673.17423977
387,43622959.94063819
388,43622253.53221515
389,43621553.88329524
390,43620860.92884353
391,43620174.60445902
392,43619494.84636829
393,43618821.59141924
394,43618154.77707475
395,43617494.34140665
396,43616840.22308955
397,43616192.36139476
398,43615550.6961844
399,43614915.16790543
400,43614285.71758386
401,43613662.2868189
402,43613044.81777728
403,43612433.2531876
404,43611827.53633469
405,43611227.61105406
406,43610633.4217265
407,43610044.91327254
408,43609462.03114714
409,43608884.72133442
410,43608312.93034228
411,43607746.6051973
412,43607185.69343955
413,43606630.14311757
414,43606079.90278316
415,43605534.92148659
416,43604995.14877153
417,43604460.5346702
418,43603931.02969858
419,43603406.58485154
420,43602887.15159818
421,43602372.68187714
422,43601863.12809189
423,43601358.44310626
424,43600858.58023974
425,43600363.49326319
426,43599873.13639417
427,43599387.46429274
428,43598906.43205696
429,43598429.99521863
430,43597958.10973902
431,43597490.73200468
432,43597027.81882316
433,43596569.32741901
434,43596115.21542954
435,43595665.44090091
436,43595219.96228398
437,43594778.73843044
438,43594341.72858884
439,43593908.8924007
440,43593480.18989666
441,43593055.58149264
442,43592635.02798615
443,43592218.49055246
444,43591805.93074096
445,43591397.31047144
446,43590992.59203061
447,43590591.7380683
448,43590194.7115941
449,43589801.47597375
450,43589411.99492566
451,43589026.23251754
452,43588644.15316289
453,43588265.72161771
454,43587890.90297711
455,43587519.66267199
456,43587151.96646591
457,43586787.78045159
458,43586427.07104795
459,43586069.80499677
460,43585715.94935966
461,43585365.47151488
462,43585018.33915426
463,43584674.52028015
464,43584333.98320246
465,43583996.69653562
466,43583662.62919557
467,43583331.75039694
468,43583004.02965009
469,43582679.43675821
470,43582357.94181453
471,43582039.5151995
472,43581724.12757793
473,43581411.74989634
474,43581102.35338017
475,43580795.90953101
476,43580492.3901241
477,43580191.76720552
478,43579894.01308957
479,43579599.1003563
480,43579307.00184875
481,43579017.6906706
482,43578731.14018352
483,43578447.3240047
484,43578166.21600434
485,43577887.7903033
486,43577612.02127061
487,43577338.88352107
488,43577068.35191285
489,43576800.40154521
490,43576535.0077561
491,43576272.14611989
492,43576011.79244508
493,43575753.92277205
494,43575498.51337077
495,43575245.54073861
496,43574994.98159821
497,43574746.81289517
498,43574501.01179604
499,43574257.55568608
500,43574016.4221672
501,43573777.58905588
502,43573541.03438105
503,43573306.73638212
504,43573074.67350684
505,43572844.82440941
506,43572617.1679484
507,43572391.68318482
508,43572168.34938019
509,43571947.14599454
510,43571728.05268458
511,43571511.04930172
512,43571296.11589029
513,43571083.23268557
514,43570872.38011208
515,43570663.53878164
516,43570456.68949166
517,43570251.81322326
518,43570048.89113961
519,43569847.90458408
520,43569648.83507856
521,43569451.66432177
522,43569256.37418743
523,43569062.94672277
524,43568871.36414672
525,43568681.60884824
526,43568493.66338485
527,43568307.51048082
528,43568123.1330257
529,43567940.51407263
530,43567759.63683689
531,43567580.48469422
532,43567403.04117934
533,43567227.28998443
534,43567053.21495759
535,43566880.80010136
536,43566710.02957121
537,43566540.88767414
538,43566373.35886709
539,43566207.42775571
540,43566043.07909271
541,43565880.29777658
542,43565719.0688502
543,43565559.37749933
544,43565401.2090514
545,43565244.54897404
546,43565089.38287379
547,43564935.69649469
548,43564783.4757171
549,43564632.70655625
550,43564483.37516103
551,43564335.46781267
552,43564188.97092351
553,43564043.87103569
554,43563900.15481997
555,43563757.80907441
556,43563616.82072325
557,43563477.17681562
558,43563338.86452442
559,43563201.871145
560,43563066.18409417
561,43562931.79090887
562,43562798.67924516
563,43562666.83687694
564,43562536.25169493
565,43562406.91170548
566,43562278.80502954
567,43562151.91990148
568,43562026.24466804
569,43561901.76778727
570,43561778.47782743
571,43561656.36346595
572,43561535.41348842
573,43561415.61678749
574,43561296.96236185
575,43561179.4393153
576,43561063.03685567
577,43560947.7442938
578,43560833.55104265
579,43560720.44661619
580,43560608.42062859
581,43560497.46279312
582,43560387.56292129
583,43560278.71092188
584,43560170.89679998
585,43560064.11065617
586,43559958.34268547
587,43559853.58317649
588,43559749.82251062
589,43559647.05116101
590,43559545.25969177
591,43559444.43875708
592,43559344.57910032
593,43559245.67155324
594,43559147.70703511
595,43559050.67655186
596,43558954.57119524
597,43558859.3821421
598,43558765.10065341
599,43558671.71807361
600,43558579.22582973
601,43558487.61543062
602,43558396.87846615
603,43558307.00660652
604,43558217.9916013
605,43558129.82527894
606,43558042.49954576
607,43557956.00638536
608,43557870.33785784
609,43557785.48609909
610,43557701.44331999
611,43557618.20180578
612,43557535.75391532
613,43557454.09208038
614,43557373.20880493
615,43557293.09666448
616,43557213.74830539
617,43557135.15644414
618,43557057.31386676
619,43556980.21342809
620,43556903.84805115
621,43556828.21072644
622,43556753.29451142
623,43556679.0925297
624,43556605.59797056
625,43556532.80408822
626,43556460.70420127
627,43556389.29169206
628,43556318.56000604
629,43556248.50265121
630,43556179.11319751
631,43556110.38527624
632,43556042.31257939
633,43555974.88885918
634,43555908.10792744
635,43555841.96365499
636,43555776.44997117
637,43555711.56086317
638,43555647.29037558
639,43555583.63260979
640,43555520.58172346
641,43555458.13192996
642,43555396.2774979
643,43555335.01275048
644,43555274.33206517
645,43555214.22987297
646,43555154.70065803
647,43555095.73895712
648,43555037.33935912
649,43554979.49650451
650,43554922.20508491
651,43554865.45984253
652,43554809.25556979
653,43554753.58710875
654,43554698.44935066
655,43554643.83723549
656,43554589.74575148
657,43554536.16993468
658,43554483.10486848
659,43554430.54568315
660,43554378.4875554
661,43554326.92570799
662,43554275.85540915
663,43554225.27197236
664,43554175.17075568
665,43554125.54716149
666,43554076.39663606
667,43554027.71466899
668,43553979.496793
669,43553931.73858335
670,43553884.43565748
671,43553837.5836747
672,43553791.17833566
673,43553745.21538202
674,43553699.69059605
675,43553654.59980024
676,43553609.93885697
677,43553565.70366796
678,43553521.89017416
679,43553478.49435508
680,43553435.5122287
681,43553392.93985088
682,43553350.77331515
683,43553309.00875226
684,43553267.64232987
685,43553226.67025218
686,43553186.08875958
687,43553145.89412835
688,43553106.0826702
689,43553066.65073209
690,43553027.59469577
691,43552988.91097753
692,43552950.59602776
693,43552912.6463308
694,43552875.05840441
695,43552837.82879962
696,43552800.95410036
697,43552764.43092306
698,43552728.25591647
699,43552692.4257613
700,43552656.93716989
701,43552621.78688592
702,43552586.97168413
703,43552552.48837002
704,43552518.33377956
705,43552484.50477885
706,43552450.9982639
707,43552417.81116032
708,43552384.94042301
709,43552352.38303597
710,43552320.13601182
711,43552288.19639184
712,43552256.56124539
713,43552225.22766982
714,43552194.19279017
715,43552163.45375884
716,43552133.00775544
717,43552102.85198645
718,43552072.98368496
719,43552043.40011048
720,43552014.09854864
721,43551985.07631092
722,43551956.33073446
723,43551927.8591818
724,43551899.65904061
725,43551871.72772345
726,43551844.0626676
727,43551816.66133472
728,43551789.52121069
729,43551762.63980538
730,43551736.01465237
731,43551709.64330878
732,43551683.52335501
733,43551657.65239453
734,43551632.02805367
735,43551606.64798139
736,43551581.509849
737,43551556.61135016
738,43551531.95020031
739,43551507.5241369
740,43551483.33091878
741,43551459.36832622
742,43551435.6341607
743,43551412.12624458
744,43551388.84242105
745,43551365.78055381
746,43551342.93852697
747,43551320.31424478
748,43551297.9056315
749,43551275.71063114
750,43551253.72720736
751,43551231.95334321
752,43551210.38704094
753,43551189.02632191
754,43551167.86922629
755,43551146.91381295
756,43551126.15815927
757,43551105.60036097
758,43551085.23853192
759,43551065.07080393
760,43551045.0953267
761,43551025.31026751
762,43551005.7138111
763,43550986.30415958
764,43550967.07953217
765,43550948.03816501
766,43550929.17831117
767,43550910.49824029
768,43550891.99623851
769,43550873.67060833
770,43550855.51966845
771,43550837.54175358
772,43550819.73521428
773,43550802.09841688
774,43550784.62974328
775,43550767.32759074
776,43550750.19037189
777,43550733.21651445
778,43550716.40446111
779,43550699.75266944
780,43550683.25961172
781,43550666.92377475
782,43550650.7436598
783,43550634.71778239
784,43550618.84467224
785,43550603.12287306
786,43550587.55094241
787,43550572.12745167
788,43550556.85098577
789,43550541.72014316
790,43550526.73353571
791,43550511.8897884
792,43550497.18753943
793,43550482.62543991
794,43550468.20215387
795,43550453.91635801
796,43550439.76674168
797,43550425.75200675
798,43550411.87086742
799,43550398.12205017
800,43550384.50429361
801,43550371.0163484
802,43550357.65697706
803,43550344.42495398
804,43550331.31906515
805,43550318.33810819
806,43550305.48089219
807,43550292.74623754
808,43550280.13297591
809,43550267.63995014
810,43550255.26601402
811,43550243.01003233
812,43550230.87088066
813,43550218.8474453
814,43550206.93862317
815,43550195.14332172
816,43550183.46045878
817,43550171.88896254
818,43550160.42777136
819,43550149.07583378
820,43550137.8321083
821,43550126.69556337
822,43550115.66517731
823,43550104.73993811
824,43550093.91884349
825,43550083.20090065
826,43550072.58512632
827,43550062.07054653
828,43550051.65619666
829,43550041.34112126
830,43550031.12437399
831,43550021.00501751
832,43550010.98212345
833,43550001.05477227
834,43549991.22205321
835,43549981.48306417
836,43549971.83691168
837,43549962.28271075
838,43549952.81958485
839,43549943.44666582
840,43549934.16309373
841,43549924.96801691
842,43549915.86059175
843,43549906.83998271
844,43549897.90536221
845,43549889.05591056
846,43549880.29081591
847,43549871.60927409
848,43549863.01048864
849,43549854.49367067
850,43549846.05803887
851,43549837.70281926
852,43549829.42724536
853,43549821.23055793
854,43549813.11200499
855,43549805.07084169
856,43549797.10633036
857,43549789.21774027
858,43549781.40434773
859,43549773.66543591
860,43549766.0002948
861,43549758.40822122
862,43549750.8885186
863,43549743.44049712
864,43549736.06347345
865,43549728.7567708
866,43549721.51971883
867,43549714.35165361
868,43549707.25191753
869,43549700.21985921
870,43549693.25483356
871,43549686.35620154
872,43549679.52333028
873,43549672.75559292
874,43549666.05236856
875,43549659.41304223
876,43549652.83700483
877,43549646.32365306
878,43549639.87238935
879,43549633.48262188
880,43549627.15376442
881,43549620.88523635
882,43549614.67646257
883,43549608.52687348
884,43549602.43590491
885,43549596.40299805
886,43549590.42759944
887,43549584.50916086
888,43549578.64713937
889,43549572.84099718
890,43549567.09020159
891,43549561.39422502
892,43549555.75254492
893,43549550.1646437
894,43549544.63000872
895,43549539.14813224
896,43549533.71851131
897,43549528.34064782
898,43549523.01404837
899,43549517.73822434
900,43549512.51269167
901,43549507.33697098
902,43549502.21058743
903,43549497.13307071
904,43549492.10395501
905,43549487.12277896
906,43549482.18908557
907,43549477.30242219
908,43549472.46234053
909,43549467.66839656
910,43549462.92015046
911,43549458.21716662
912,43549453.55901358
913,43549448.94526399
914,43549444.37549458
915,43549439.84928611
916,43549435.36622335
917,43549430.925895
918,43549426.5278937
919,43549422.17181596
920,43549417.85726217
921,43549413.58383647
922,43549409.35114686
923,43549405.15880498
924,43549401.00642623
925,43549396.89362966
926,43549392.82003798
927,43549388.78527744
928,43549384.78897792
929,43549380.83077274
930,43549376.91029882
931,43549373.02719648
932,43549369.18110944
933,43549365.37168489
934,43549361.59857334
935,43549357.86142863
936,43549354.15990791
937,43549350.49367163
938,43549346.86238338
939,43549343.26571007
940,43549339.70332173
941,43549336.17489151
942,43549332.68009574
943,43549329.2186138
944,43549325.79012809
945,43549322.39432412
946,43549319.03089035
947,43549315.69951818
948,43549312.39990202
949,43549309.13173913
950,43549305.8947297
951,43549302.68857677
952,43549299.51298618
953,43549296.36766662
954,43549293.25232951
955,43549290.16668907
956,43549287.11046219
957,43549284.08336852
958,43549281.08513032
959,43549278.11547256
960,43549275.17412277
961,43549272.26081111
962,43549269.37527033
963,43549266.51723567
964,43549263.68644497
965,43549260.8826385
966,43549258.10555905
967,43549255.35495184
968,43549252.63056453
969,43549249.93214719
970,43549247.25945223
971,43549244.6122345
972,43549241.99025109
973,43549239.3932615
974,43549236.82102746
975,43549234.27331298
976,43549231.74988436
977,43549229.25051004
978,43549226.77496079
979,43549224.32300947
980,43549221.89443113
981,43549219.48900297
982,43549217.10650433
983,43549214.74671661
984,43549212.40942334
985,43549210.09441009
986,43549207.80146446
987,43549205.53037613
988,43549203.28093671
989,43549201.05293985
990,43549198.84618115
991,43549196.66045815
992,43549194.49557035
993,43549192.35131913
994,43549190.22750776
995,43549188.1239414
996,43549186.0404271
997,43549183.97677369
998,43549181.93279183
999,43549179.90829404
1000,43549177.90309456
1001,43549175.91700944
1002,43549173.9498565
1003,43549172.00145522
1004,43549170.07162688
1005,43549168.16019445
1006,43549166.26698255
1007,43549164.3918175
1008,43549162.53452728
1009,43549160.69494148
1010,43549158.87289136
1011,43549157.06820973
1012,43549155.28073105
1013,43549153.51029134
1014,43549151.75672816
1015,43549150.01988063
1016,43549148.29958944
1017,43549146.59569675
1018,43549144.90804624
1019,43549143.23648309
1020,43549141.58085392
1021,43549139.94100689
1022,43549138.31679153
1023,43549136.70805884
1024,43549135.11466122
1025,43549133.53645252
1026,43549131.97328791
1027,43549130.42502403
1028,43549128.89151879
1029,43549127.37263153
1030,43549125.86822294
1031,43549124.37815495
1032,43549122.90229088
1033,43549121.44049533
1034,43549119.99263419
1035,43549118.55857466
1036,43549117.13818513
1037,43549115.73133534
1038,43549114.33789618
1039,43549112.95773984
1040,43549111.5907397
1041,43549110.23677034
1042,43549108.89570756
1043,43549107.56742833
1044,43549106.25181077
1045,43549104.94873421
1046,43549103.6580791
1047,43549102.37972701
1048,43549101.11356068
1049,43549099.85946394
1050,43549098.61732175
1051,43549097.38702016
1052,43549096.16844631
1053,43549094.96148837
1054,43549093.76603562
1055,43549092.58197842
1056,43549091.40920811
1057,43549090.24761712
1058,43549089.09709886
1059,43549087.95754781
1060,43549086.82885939
1061,43549085.71093011
1062,43549084.60365734
1063,43549083.50693955
1064,43549082.42067611
1065,43549081.34476734
1066,43549080.27911459
1067,43549079.22362004
1068,43549078.17818689
1069,43549077.14271922
1070,43549076.11712205
1071,43549075.10130126
1072,43549074.09516368
1073,43549073.09861701
1074,43549072.1115698
1075,43549071.13393153
1076,43549070.16561249
1077,43549069.20652384
1078,43549068.25657761
1079,43549067.31568664
1080,43549066.38376462
1081,43549065.46072605
1082,43549064.54648624
1083,43549063.64096132
1084,43549062.74406824
1085,43549061.85572469
1086,43549060.97584917
1087,43549060.10436099
1088,43549059.24118017
1089,43549058.38622753
1090,43549057.53942463
1091,43549056.70069379
1092,43549055.86995807
1093,43549055.04714126
1094,43549054.23216786
1095,43549053.42496309
1096,43549052.62545293
1097,43549051.83356402
1098,43549051.0492237
1099,43549050.27236003
1100,43549049.50290172
1101,43549048.74077818
1102,43549047.98591951
1103,43549047.23825647
1104,43549046.49772043
1105,43549045.76424348
1106,43549045.03775832
1107,43549044.31819831
1108,43549043.60549741
1109,43549042.89959026
1110,43549042.20041212
1111,43549041.5078988
1112,43549040.82198679
1113,43549040.14261316
1114,43549039.4697156
1115,43549038.80323236
1116,43549038.1431023
1117,43549037.48926485
1118,43549036.84166005
1119,43549036.20022847
1120,43549035.56491127
1121,43549034.93565016
1122,43549034.31238743
1123,43549033.69506587
1124,43549033.08362885
1125,43549032.47802032
1126,43549031.87818468
1127,43549031.28406689
1128,43549030.69561248
1129,43549030.11276745
1130,43549029.53547832
1131,43549028.96369214
1132,43549028.39735647
1133,43549027.83641931
1134,43549027.28082922
1135,43549026.73053527
1136,43549026.18548691
1137,43549025.64563416
1138,43549025.11092751
1139,43549024.58131791
1140,43549024.05675672
1141,43549023.53719587
1142,43549023.02258769
1143,43549022.51288495
1144,43549022.0080409
1145,43549021.50800923
1146,43549021.01274405
1147,43549020.52219991
1148,43549020.03633187
1149,43549019.55509529
1150,43549019.07844606
1151,43549018.60634043
1152,43549018.1387351
1153,43549017.67558716
1154,43549017.21685414
1155,43549016.76249393
1156,43549016.31246488
1157,43549015.86672566
1158,43549015.42523543
1159,43549014.98795363
1160,43549014.55484019
1161,43549014.12585535
1162,43549013.70095977
1163,43549013.28011446
1164,43549012.86328081
1165,43549012.45042057
1166,43549012.0414959
1167,43549011.63646924
1168,43549011.23530347
1169,43549010.83796176
1170,43549010.44440769
1171,43549010.0546051
1172,43549009.66851828
1173,43549009.28611178
1174,43549008.90735053
1175,43549008.53219979
1176,43549008.16062514
1177,43549007.79259247
1178,43549007.42806803
1179,43549007.0670184
1180,43549006.70941041
1181,43549006.3552113
1182,43549006.00438855
1183,43549005.65690999
1184,43549005.31274372
1185,43549004.9718582
1186,43549004.63422211
1187,43549004.2998045
1188,43549003.9685747
1189,43549003.6405023
1190,43549003.31555724
1191,43549002.99370966
1192,43549002.67493007
1193,43549002.35918921
1194,43549002.04645811
1195,43549001.7367081
1196,43549001.42991074
1197,43549001.12603788
1198,43549000.82506168
1199,43549000.52695448
1200,43549000.23168898
1201,43548999.93923805
1202,43548999.64957488
1203,43548999.36267289
1204,43548999.07850578
1205,43548998.79704744
1206,43548998.51827207
1207,43548998.24215411
1208,43548997.96866822
1209,43548997.69778929
1210,43548997.4294925
1211,43548997.16375323
1212,43548996.90054706
1213,43548996.63984988
1214,43548996.38163778
1215,43548996.12588707
1216,43548995.87257425
1217,43548995.62167613
1218,43548995.37316965
1219,43548995.12703203
1220,43548994.88324071
1221,43548994.64177328
1222,43548994.40260765
1223,43548994.1657218
1224,43548993.93109407
1225,43548993.69870289
1226,43548993.46852696
1227,43548993.24054516
1228,43548993.01473655
1229,43548992.79108046
1230,43548992.56955634
1231,43548992.35014387
1232,43548992.13282292
1233,43548991.91757359
1234,43548991.70437606
1235,43548991.49321084
1236,43548991.28405853
1237,43548991.07689993
1238,43548990.87171605
1239,43548990.66848806
1240,43548990.46719733
1241,43548990.26782537
1242,43548990.07035391
1243,43548989.87476483
1244,43548989.68104018
1245,43548989.48916218
1246,43548989.29911324
1247,43548989.11087593
1248,43548988.92443296
1249,43548988.73976724
1250,43548988.55686183
1251,43548988.37569996
1252,43548988.19626498
1253,43548988.01854044
1254,43548987.84251004
1255,43548987.66815764
1256,43548987.49546725
1257,43548987.32442298
1258,43548987.15500918
1259,43548986.98721031
1260,43548986.82101096
1261,43548986.6563959
1262,43548986.49335
1263,43548986.33185832
1264,43548986.17190603
1265,43548986.0134785
1266,43548985.85656115
1267,43548985.70113958
1268,43548985.54719955
1269,43548985.39472697
1270,43548985.24370778
1271,43548985.09412818
1272,43548984.94597444
1273,43548984.79923295
1274,43548984.65389027
1275,43548984.50993304
1276,43548984.36734807
1277,43548984.22612228
1278,43548984.08624269
1279,43548983.94769651
1280,43548983.81047101
1281,43548983.67455359
1282,43548983.53993177
1283,43548983.40659325
1284,43548983.27452575
1285,43548983.14371715
1286,43548983.01415549
1287,43548982.88582886
1288,43548982.75872549
1289,43548982.63283373
1290,43548982.50814199
1291,43548982.3846389
1292,43548982.26231307
1293,43548982.14115331
1294,43548982.02114847
1295,43548981.90228757
1296,43548981.7845597
1297,43548981.66795406
1298,43548981.55245996
1299,43548981.43806677
1300,43548981.32476404
1301,43548981.21254136
1302,43548981.10138842
1303,43548980.99129503
1304,43548980.88225111
1305,43548980.77424663
1306,43548980.66727168
1307,43548980.56131648
1308,43548980.45637127
1309,43548980.35242645
1310,43548980.24947247
1311,43548980.14749987
1312,43548980.04649933
1313,43548979.94646157
1314,43548979.8473774
1315,43548979.74923775
1316,43548979.6520336
1317,43548979.55575604
1318,43548979.46039624
1319,43548979.36594542
1320,43548979.27239497
1321,43548979.17973626
1322,43548979.08796083
1323,43548978.99706022
1324,43548978.90702614
1325,43548978.81785028
1326,43548978.72952447
1327,43548978.64204063
1328,43548978.55539071
1329,43548978.46956678
1330,43548978.38456095
1331,43548978.30036545
1332,43548978.2169725
1333,43548978.13437452
1334,43548978.05256388
1335,43548977.97153308
1336,43548977.89127472
1337,43548977.8117814
1338,43548977.73304583
1339,43548977.65506081
1340,43548977.57781918
1341,43548977.50131385
1342,43548977.42553779
1343,43548977.35048407
1344,43548977.27614576
1345,43548977.2025161
1346,43548977.12958831
1347,43548977.05735568
1348,43548976.98581161
1349,43548976.91494951
1350,43548976.84476292
1351,43548976.77524536
1352,43548976.70639047
1353,43548976.63819193
1354,43548976.5706435
1355,43548976.50373895
1356,43548976.43747218
1357,43548976.37183706
1358,43548976.30682763
1359,43548976.24243788
1360,43548976.17866192
1361,43548976.1154939
1362,43548976.05292802
1363,43548975.99095856
1364,43548975.92957981
1365,43548975.86878612
1366,43548975.80857196
1367,43548975.7489318
1368,43548975.68986013
1369,43548975.63135155
1370,43548975.57340071
1371,43548975.51600228
1372,43548975.45915098
1373,43548975.40284164
1374,43548975.34706905
1375,43548975.29182809
1376,43548975.23711373
1377,43548975.1829209
1378,43548975.12924468
1379,43548975.07608011
1380,43548975.02342235
1381,43548974.97126652
1382,43548974.91960788
1383,43548974.86844165
1384,43548974.81776316
1385,43548974.76756776
1386,43548974.71785085
1387,43548974.66860785
1388,43548974.61983424
1389,43548974.57152559
1390,43548974.52367742
1391,43548974.47628537
1392,43548974.42934508
1393,43548974.38285223
1394,43548974.33680257
1395,43548974.29119188
1396,43548974.24601597
1397,43548974.20127068
1398,43548974.15695193
1399,43548974.11305565
1400,43548974.06957779
1401,43548974.02651439
1402,43548973.9838615
1403,43548973.94161517
1404,43548973.89977156
1405,43548973.85832682
1406,43548973.81727714
1407,43548973.77661876
1408,43548973.73634797
1409,43548973.69646106
1410,43548973.65695434
1411,43548973.61782424
1412,43548973.57906713
1413,43548973.54067945
1414,43548973.50265773
1415,43548973.46499842
1416,43548973.42769812
1417,43548973.39075337
1418,43548973.35416079
1419,43548973.31791702
1420,43548973.28201874
1421,43548973.24646266
1422,43548973.21124552
1423,43548973.17636408
1424,43548973.14181513
1425,43548973.10759553
1426,43548973.07370213
1427,43548973.0401318
1428,43548973.00688148
1429,43548972.97394813
1430,43548972.94132869
1431,43548972.90902019
1432,43548972.8770197
1433,43548972.84532423
1434,43548972.81393089
1435,43548972.78283682
1436,43548972.75203913
1437,43548972.72153503
1438,43548972.69132169
1439,43548972.66139636
1440,43548972.63175631
1441,43548972.60239878
1442,43548972.57332112
1443,43548972.5445206
1444,43548972.51599466
1445,43548972.48774061
1446,43548972.45975591
1447,43548972.43203796
1448,43548972.40458424
1449,43548972.37739221
1450,43548972.35045938
1451,43548972.3237833
1452,43548972.29736149
1453,43548972.27119155
1454,43548972.24527108
1455,43548972.21959769
1456,43548972.19416903
1457,43548972.16898275
1458,43548972.14403656
1459,43548972.11932818
1460,43548972.09485533
1461,43548972.07061576
1462,43548972.04660725
1463,43548972.0228276
1464,43548971.99927462
1465,43548971.97594615
1466,43548971.95284008
1467,43548971.92995425
1468,43548971.90728658
1469,43548971.88483499
1470,43548971.86259741
1471,43548971.84057182
1472,43548971.81875618
1473,43548971.79714849
1474,43548971.77574678
1475,43548971.75454907
1476,43548971.73355342
1477,43548971.71275793
1478,43548971.69216066
1479,43548971.67175973
1480,43548971.65155329
1481,43548971.63153944
1482,43548971.61171637
1483,43548971.59208227
1484,43548971.57263532
1485,43548971.55337376
1486,43548971.53429582
1487,43548971.51539971
1488,43548971.49668374
1489,43548971.47814618
1490,43548971.45978532
1491,43548971.44159947
1492,43548971.42358701
1493,43548971.40574622
1494,43548971.38807551
1495,43548971.37057324
1496,43548971.35323782
1497,43548971.33606764
1498,43548971.31906112
1499,43548971.30221672
1500,43548971.28553291
