#Cauchy - Linearized data and linear fitting
#Linearized-data(x), Linearized-data(y), Aproximation(x), Aproximation(y)
5e-08,-340.9089103267913,5e-08,-797.0812715290474
4.2e-05,-170.4529884959474,4.2e-05,-796.9287915896257
7.8e-05,-113.6336960259954,7.8e-05,-796.7979387214687
7.9e-05,-85.22356088784866,7.9e-05,-796.7943039195754
0.000273,-68.17708867299997,0.000273,-796.0891523522852
0.000278,-56.81244790970563,0.000278,-796.0709783428189
0.000281,-48.69456796529159,0.000281,-796.0600739371391
0.000282,-42.60591352173972,0.000282,-796.0564391352459
0.000283,-37.87007606754163,0.000283,-796.0528043333527
0.000285,-34.08121049444649,0.000285,-796.0455347295662
0.000289,-30.98105173234134,0.000289,-796.0309955219932
0.000329,-28.39742306669531,0.000329,-795.8856034462632
0.000379,-26.21112523256463,0.000379,-795.7038633516007
0.000441,-24.33701589688406,0.000441,-795.4785056342193
0.000448,-22.71265734783936,0.000448,-795.4530620209666
0.000457,-21.29122130072656,0.000457,-795.4203488039274
0.000458,-20.03689788997828,0.000458,-795.416714002034
0.000465,-18.92183499718055,0.000465,-795.3912703887813
0.000467,-17.92404410708501,0.000467,-795.3840007849949
0.000469,-17.02593440681748,0.000469,-795.3767311812084
0.000474,-16.21326571388328,0.000474,-795.3585571717421
0.000476,-15.47438696926305,0.000476,-795.3512875679556
0.000486,-14.79967338448261,0.000486,-795.3149395490232
0.00049,-14.18110430191594,0.00049,-795.3004003414501
0.000498,-13.61194236861529,0.000498,-795.2713219263042
0.000514,-12.59988116732338,0.000514,-795.2131650960122
0.000514,-12.59988116732338,0.000514,-795.2131650960122
0.000515,-12.14796311245563,0.000515,-795.2095302941188
0.000528,-11.7271442049117,0.000528,-795.1622778695066
0.000538,-11.33431451712847,0.000538,-795.1259298505742
0.000549,-10.96676540208004,0.000549,-795.0859470297485
0.000564,-10.62212679319336,0.000564,-795.0314250013497
0.000569,-10.29831590427936,0.000569,-795.0132509918834
0.000585,-9.993494982417422,0.000585,-794.9550941615914
0.0005910000000000001,-9.434493000116696,0.0005910000000000001,-794.9332853502319
0.0005910000000000001,-9.434493000116696,0.0005910000000000001,-794.9332853502319
0.000605,-9.177574624276005,0.000605,-794.8823981237265
0.000625,-8.934126563160273,0.000625,-794.8097020858615
0.000627,-8.70311262569555,0.000627,-794.802432482075
0.000635,-8.483600239572691,0.000635,-794.773354066929
0.000661,-8.274747814812368,0.000661,-794.6788492177045
0.000669,-8.075793912535051,0.000669,-794.6497708025586
0.000677,-7.886047925065267,0.000677,-794.6206923874125
0.000678,-7.704882026930933,0.000678,-794.6170575855193
0.000687,-7.531724199062573,0.000687,-794.5843443684801
0.000961,-7.207388088749193,0.000961,-793.5884086497299
0.000961,-7.207388088749193,0.000961,-793.5884086497299
0.00098,-7.055293965886144,0.00098,-793.5193474137582
0.001078,-6.90936753920588,0.001078,-793.1631368282198
0.001084,-6.769238733753601,0.001084,-793.1413280168603
0.001087,-6.634566499789312,0.001087,-793.1304236111805
0.001104,-6.505036021901537,0.001104,-793.0686319789952
0.001149,-6.380356244070279,0.001149,-792.905065893799
0.001166,-6.260257669723068,0.001166,-792.8432742616138
0.001175,-6.144490401784894,0.001175,-792.8105610445746
0.001219,-6.032822392722694,0.001219,-792.6506297612716
0.001431,-5.925037878795768,0.001431,-791.8800517599028
0.001491,-5.820935976280269,0.001491,-791.6619636463079
0.001578,-5.720329420450453,0.001578,-791.3457358815953
0.001714,-5.623043430661875,0.001714,-790.8514028241134
0.001739,-5.528914687065723,0.001739,-790.7605327767822
0.001887,-5.437790406350734,0.001887,-790.2225820965813
0.001913,-5.349527505509784,0.001913,-790.1280772473568
0.001937,-5.263991844003249,0.001937,-790.0408420019188
0.001954,-5.181057535876585,0.001954,-789.9790503697336
0.001985,-5.100606324412659,0.001985,-789.8663715110429
0.002148,-5.02252701278531,0.002148,-789.2738988024433
0.002273,-4.946714944949406,0.002273,-788.8195485657872
0.002325,-4.873071531670893,0.002325,-788.6305388673383
0.002343,-4.801503817182773,0.002343,-788.5651124332597
0.002365,-4.731924082461787,0.002365,-788.4851467916083
0.002412,-4.664249481565281,0.002412,-788.3143111026255
0.002432,-4.598401707858254,0.002432,-788.2416150647606
0.002433,-4.534306687303052,0.002433,-788.2379802628674
0.002438,-4.471894296285859,0.002438,-788.2198062534011
0.002441,-4.411098101720064,0.002441,-788.2089018477213
0.002469,-4.351855121401323,0.002469,-788.1071273947103
0.002481,-4.294105602796783,0.002481,-788.0635097719914
0.002498,-4.237792818635201,0.002498,-788.0017181398061
0.002513,-4.182862877827719,0.002513,-787.9471961114074
0.002564,-4.129264550394561,0.002564,-787.7618212148517
0.002609,-4.076949105201954,0.002609,-787.5982551296555
0.00261,-4.025870159428872,0.00261,-787.5946203277623
0.002723,-3.975983538786196,0.002723,-787.1838877138251
0.00275,-3.927247147602738,0.00275,-787.0857480627075
0.002852,-3.879620847974996,0.002852,-786.714998269596
0.002886,-3.833066347251461,0.002886,-786.5914150052256
0.002888,-3.78754709318839,0.002888,-786.5841454014391
0.002895,-3.743028176173749,0.002895,-786.5587017881863
0.002946,-3.699476237969574,0.002946,-786.3733268916307
0.002959,-3.656859386471268,0.002959,-786.3260744670184
0.002973,-3.61514711602611,0.002973,-786.2751872405129
0.002974,-3.574310232892493,0.002974,-786.2715524386197
0.00299,-3.534320785457062,0.00299,-786.2133956083277
0.002998,-3.495151998859197,0.002998,-786.1843171931816
0.003013,-3.456778213701481,0.003013,-786.129795164783
0.003022,-3.419174828551224,0.003022,-786.0970819477437
0.003044,-3.382318245962346,0.003044,-786.0171163060922
0.003045,-3.34618582176862,0.003045,-786.013481504199
0.003056,-3.310755817419338,0.003056,-785.9734986833732
0.003096,-3.276007355146516,0.003096,-785.8281066076432
0.003119,-3.241920375769297,0.003119,-785.7445061640985
0.003124,-3.208475598956376,0.003124,-785.7263321546324
0.00313,-3.175654485780957,0.00313,-785.7045233432729
0.003131,-3.143439203415415,0.003131,-785.7008885413795
0.003165,-3.111812591824398,0.003165,-785.5773052770091
0.003168,-3.080758132325562,0.003168,-785.5664008713294
0.003175,-3.050259917896958,0.003175,-785.5409572580766
0.003178,-3.020302625118869,0.003178,-785.5300528523969
0.0032,-2.990871487646068,0.0032,-785.4500872107454
0.003221,-2.961952271114023,0.003221,-785.3737563709872
0.003234,-2.933531249389408,0.003234,-785.3265039463749
0.003239,-2.905595182081625,0.003239,-785.3083299369086
0.003248,-2.878131293237959,0.003248,-785.2756167198694
0.003254,-2.824571149206081,0.003254,-785.25380790851
0.003254,-2.824571149206081,0.003254,-785.25380790851
0.003285,-2.798451487721914,0.003285,-785.1411290498193
0.003294,-2.772757156699994,0.003294,-785.10841583278
0.003299,-2.747477419454629,0.003299,-785.0902418233137
0.003342,-2.722601897057166,0.003342,-784.9339453419041
0.003344,-2.698120553552268,0.003344,-784.9266757381175
0.003355,-2.674023681901279,0.003355,-784.8866929172918
0.003357,-2.650301890611254,0.003357,-784.8794233135053
0.003369,-2.626946091010979,0.003369,-784.8358056907863
0.003373,-2.603947485137743,0.003373,-784.8212664832133
0.003404,-2.581297554200908,0.003404,-784.7085876245226
0.003412,-2.537010972401144,0.003412,-784.6795092093766
0.003412,-2.537010972401144,0.003412,-784.6795092093766
0.003415,-2.515358583442926,0.003415,-784.6686048036969
0.003472,-2.494023373713716,0.003472,-784.4614210957817
0.003482,-2.472998065307565,0.003482,-784.4250730768492
0.003503,-2.452275600736455,0.003503,-784.348742237091
0.003542,-2.431849134643554,0.003542,-784.2069849632543
0.003556,-2.411712025887484,0.003556,-784.1560977367487
0.003576,-2.391857829978424,0.003576,-784.0834016988838
0.003589,-2.372280291847895,0.003589,-784.0361492742716
0.003619,-2.352973338935195,0.003619,-783.927105217474
0.00364,-2.33393107457442,0.00364,-783.8507743777159
0.003654,-2.315147771666946,0.003654,-783.7998871512103
0.003679,-2.296617866625061,0.003679,-783.7090171038791
0.003685,-2.278335953573342,0.003685,-783.6872082925196
0.003689,-2.260296778795013,0.003689,-783.6726690849466
0.003708,-2.242495235411338,0.003708,-783.6036078489749
0.003718,-2.224926358282699,0.003718,-783.5672598300424
0.003731,-2.190467421800844,0.003731,-783.5200074054302
0.003731,-2.190467421800844,0.003731,-783.5200074054302
0.003745,-2.1735680978673,0.003745,-783.4691201789246
0.003756,-2.156882902218861,0.003756,-783.429137358099
0.003802,-2.140407508969406,0.003802,-783.2619364710094
0.003823,-2.124137707473621,0.003823,-783.1856056312513
0.003829,-2.108069398510687,0.003829,-783.1637968198918
0.003847,-2.09219859061862,0.003847,-783.0983703858133
0.003848,-2.076521396572343,0.003848,-783.0947355839201
0.003849,-2.06103402999898,0.003849,-783.0911007820268
0.003853,-2.045732802124171,0.003853,-783.0765615744538
0.003883,-2.030614118643516,0.003883,-782.9675175176563
0.003887,-2.015674476713589,0.003887,-782.9529783100834
0.003897,-2.000910462057202,0.003897,-782.9166302911508
0.003906,-1.986318746177908,0.003906,-782.8839170741117
0.003914,-1.971896083678964,0.003914,-782.8548386589656
0.003915,-1.957639309682182,0.003915,-782.8512038570724
0.003916,-1.9435453373424,0.003916,-782.8475690551791
0.003918,-1.929611155453426,0.003918,-782.8402994513926
0.003923,-1.915833826141571,0.003923,-782.8221254419263
0.003931,-1.902210482643049,0.003931,-782.7930470267804
0.003935,-1.888738327161709,0.003935,-782.7785078192073
0.003936,-1.87541462880373,0.003936,-782.7748730173141
0.003947,-1.862236721586076,0.003947,-782.7348901964884
0.003955,-1.849202002515649,0.003955,-782.7058117813424
0.003959,-1.836307929736237,0.003959,-782.6912725737694
0.003966,-1.823552020740477,0.003966,-782.6658289605167
0.003969,-1.810931850644186,0.003969,-782.654924554837
0.003976,-1.798445050520538,0.003976,-782.6294809415842
0.003982,-1.786089305791687,0.003982,-782.6076721302247
0.003987,-1.773862354675516,0.003987,-782.5894981207584
0.003999,-1.761761986685354,0.003999,-782.5458804980394
0.00404,-1.749786041180524,0.00404,-782.3968536204162
0.004055,-1.737932405965767,0.004055,-782.3423315920176
0.004068,-1.726199015937592,0.004068,-782.2950791674052
0.00407,-1.714583851775758,0.00407,-782.2878095636188
0.004071,-1.703084938678114,0.004071,-782.2841747617256
0.004095,-1.691700345137162,0.004095,-782.1969395162876
0.004102,-1.680428181756707,0.004102,-782.1714959030348
0.004122,-1.669266600107118,0.004122,-782.0987998651698
0.004131,-1.658213791617682,0.004131,-782.0660866481306
0.004136,-1.64726798650471,0.004136,-782.0479126386643
0.004152,-1.636427452734022,0.004152,-781.9897558083724
0.004158,-1.625690495016534,0.004158,-781.9679469970129
0.004165,-1.615055453835738,0.004165,-781.9425033837601
0.004173,-1.60452070450589,0.004173,-781.9134249686141
0.004178,-1.594084656259765,0.004178,-781.8952509591479
0.004185,-1.583745751364939,0.004185,-781.8698073458952
0.004194,-1.573502464267519,0.004194,-781.8370941288559
0.004195,-1.563353300762365,0.004195,-781.8334593269626
0.004196,-1.553296797188838,0.004196,-781.8298245250694
0.004199,-1.543331519651157,0.004199,-781.8189201193896
0.004224,-1.533456063262511,0.004224,-781.7280500720584
0.004225,-1.523669051412058,0.004225,-781.7244152701652
0.004239,-1.513969135054034,0.004239,-781.6735280436596
0.00424,-1.504354992018177,0.00424,-781.6698932417664
0.004245,-1.494825326340733,0.004245,-781.6517192323003
0.004272,-1.485378867615335,0.004272,-781.5535795811825
0.004276,-1.476014370363052,0.004276,-781.5390403736095
0.004297,-1.466730613420979,0.004297,-781.4627095338512
0.00433,-1.457526399348704,0.00433,-781.3427610713741
0.004338,-1.448400553852062,0.004338,-781.313682656228
0.004339,-1.439351925223597,0.004339,-781.3100478543348
0.004352,-1.430379383799146,0.004352,-781.2627954297226
0.004359,-1.421481821430034,0.004359,-781.2373518164699
0.00436,-1.412658150970333,0.00436,-781.2337170145765
0.004387,-1.403907305778708,0.004387,-781.1355773634589
0.004407,-1.395228239234353,0.004407,-781.0628813255938
0.004408,-1.386619924266556,0.004408,-781.0592465237006
0.004423,-1.378081352897454,0.004423,-781.0047244953018
0.004425,-1.369611535797549,0.004425,-780.9974548915154
0.004433,-1.361209501853554,0.004433,-780.9683764763694
0.00444,-1.352874297748199,0.00444,-780.9429328631167
0.004484,-1.336400652323734,0.004484,-780.7830015798137
0.004484,-1.336400652323734,0.004484,-780.7830015798137
0.00449,-1.328260389727991,0.00449,-780.7611927684542
0.004557,-1.32018331365489,0.004557,-780.5176610416065
0.004574,-1.312168553856196,0.004574,-780.4558694094213
0.004575,-1.304215255588797,0.004575,-780.452234607528
0.004585,-1.296322579268115,0.004585,-780.4158865885955
0.004592,-1.28848970013077,0.004592,-780.3904429753428
0.004595,-1.280715807906183,0.004595,-780.3795385696631
0.004607,-1.273000106496867,0.004607,-780.335920946944
0.004633,-1.257740160739864,0.004633,-780.2414160977196
0.004633,-1.257740160739864,0.004633,-780.2414160977196
0.00467,-1.250194392301417,0.00467,-780.1069284276693
0.004672,-1.242703765913888,0.004672,-780.0996588238829
0.004675,-1.235267551835041,0.004675,-780.0887544182032
0.004679,-1.220555503482045,0.004679,-780.0742152106302
0.004679,-1.220555503482045,0.004679,-780.0742152106302
0.00468,-1.213278270779979,0.00468,-780.0705804087369
0.004681,-1.206052653019026,0.004681,-780.0669456068437
0.004708,-1.198877979977908,0.004708,-779.9688059557259
0.004724,-1.191753592594215,0.004724,-779.9106491254339
0.004727,-1.184678842730439,0.004727,-779.8997447197542
0.004736,-1.170675716274109,0.004736,-779.867031502715
0.004736,-1.170675716274109,0.004736,-779.867031502715
0.004738,-1.163746096006223,0.004738,-779.8597618989285
0.004743,-1.156863625479085,0.004743,-779.8415878894622
0.004744,-1.150027707869033,0.004744,-779.837953087569
0.004758,-1.143237755990532,0.004758,-779.7870658610635
0.004763,-1.136493192099753,0.004763,-779.7688918515972
0.004784,-1.129793447702917,0.004784,-779.692561011839
0.004792,-1.12313796336927,0.004792,-779.663482596693
0.004817,-1.116526188548558,0.004817,-779.5726125493618
0.00483,-1.109957581392891,0.00483,-779.5253601247496
0.004831,-1.103431608582845,0.004831,-779.5217253228564
0.004844,-1.096947745157709,0.004844,-779.474472898244
0.004852,-1.090505474349754,0.004852,-779.4453944830981
0.004855,-1.084104287422406,0.004855,-779.4344900774183
0.00486,-1.077743683512231,0.00486,-779.416316067952
0.004869,-1.071423169474612,0.004869,-779.3836028509129
0.004876,-1.065142259733028,0.004876,-779.3581592376601
0.004893,-1.058900476131831,0.004893,-779.2963676054749
0.004898,-1.052697347792437,0.004898,-779.2781935960086
0.004905,-1.046532410972818,0.004905,-779.2527499827559
0.004919,-1.040405208930231,0.004919,-779.2018627562504
0.004935,-1.034315291787081,0.004935,-779.1437059259584
0.00495,-1.028262216399843,0.00495,-779.0891838975597
0.004966,-1.022245546230952,0.004966,-779.0310270672677
0.004981,-1.016264851223597,0.004981,-778.9765050388689
0.005023,-1.010319707679328,0.005023,-778.8238433593525
0.00505,-1.004409698138416,0.00505,-778.7257037082347
0.005116,-0.9985344112628763,0.005116,-778.4858067832804
0.005143,-0.9926934417221103,0.005143,-778.3876671321626
0.00516,-0.9868863900810704,0.00516,-778.3258754999774
0.005165,-0.9811128626909051,0.005165,-778.3077014905111
0.005193,-0.9753724715820079,0.005193,-778.2059270375001
0.005196,-0.9696648343594134,0.005196,-778.1950226318204
0.005205,-0.9639895741004787,0.005205,-778.1623094147811
0.00523,-0.9583463192547929,0.00523,-778.07143936745
0.005267,-0.9527347035462563,0.005267,-777.9369516973998
0.005307,-0.9471543658772789,0.005307,-777.7915596216698
0.005308,-0.9416049502350379,0.005308,-777.7879248197765
0.005339,-0.9360861055997498,0.005339,-777.6752459610858
0.005354,-0.9305974858549,0.005354,-777.620723932687
0.005362,-0.9251387496993875,0.005362,-777.5916455175411
0.00539,-0.9197095605615316,0.00539,-777.4898710645301
0.005396,-0.9143095865148981,0.005396,-777.4680622531706
0.005403,-0.9089385001958976,0.005403,-777.4426186399179
0.005404,-0.9035959787231154,0.005404,-777.4389838380247
0.005408,-0.8982817036183273,0.005408,-777.4244446304516
0.005412,-0.8929953607291623,0.005412,-777.4099054228786
0.005419,-0.8877366401533704,0.005419,-777.3844618096259
0.00542,-0.8825052361646597,0.00542,-777.3808270077327
0.005421,-0.8773008471400605,0.005421,-777.3771922058394
0.00543,-0.8721231754887835,0.00543,-777.3444789888001
0.005435,-0.8669719275825333,0.005435,-777.3263049793339
0.005469,-0.8618468136872453,0.005469,-777.2027217149634
0.005509,-0.8567475478962093,0.005509,-777.0573296392334
0.00555,-0.8516738480645489,0.00555,-776.9083027616102
0.005588,-0.8466254357450218,0.005588,-776.7701802896668
0.005592,-0.8416020361251153,0.005592,-776.7556410820938
0.005621,-0.8366033779653996,0.005621,-776.6502318271896
0.005626,-0.8316291935391141,0.005626,-776.6320578177233
0.00564,-0.8266792185729573,0.00564,-776.5811705912179
0.005655,-0.8217531921890505,0.005655,-776.5266485628191
0.005658,-0.8168508568480494,0.005658,-776.5157441571394
0.005682,-0.8119719582933763,0.005682,-776.4285089117014
0.005684,-0.8071162454965489,0.005684,-776.4212393079149
0.005691,-0.8022834706035776,0.005691,-776.3957956946622
0.005698,-0.7974733888824086,0.005698,-776.3703520814095
0.005709,-0.7926857586713885,0.005709,-776.3303692605837
0.005781,-0.7879203413287279,0.005781,-776.0686635242698
0.00582,-0.7831769011829401,0.00582,-775.926906250433
0.005845,-0.7784552054842333,0.005845,-775.8360362031018
0.005847,-0.7737550243568342,0.005847,-775.8287665993154
0.005868,-0.7690761307522245,0.005868,-775.7524357595571
0.005872,-0.7644183004032664,0.005872,-775.7378965519841
0.005894,-0.7597813117791995,0.005894,-775.6579309103327
0.005896,-0.7551649460414881,0.005896,-775.6506613065461
0.005898,-0.7459932210730165,0.005898,-775.6433917027597
0.005898,-0.7459932210730165,0.005898,-775.6433917027597
0.005905,-0.7414374372404896,0.005905,-775.6179480895069
0.005906,-0.736901427008145,0.005906,-775.6143132876136
0.005907,-0.7234099899824646,0.005907,-775.6106784857204
0.005907,-0.7234099899824646,0.005907,-775.6106784857204
0.005907,-0.7234099899824646,0.005907,-775.6106784857204
0.005911,-0.7189510382878651,0.005911,-775.5961392781475
0.005912,-0.7145108541957538,0.005912,-775.5925044762541
0.005916,-0.7056860143955676,0.005916,-775.5779652686812
0.005916,-0.7056860143955676,0.005916,-775.5779652686812
0.005917,-0.6969339441005679,0.005917,-775.574330466788
0.005917,-0.6969339441005679,0.005917,-775.574330466788
0.00592,-0.6925847300945527,0.00592,-775.5634260611082
0.005927,-0.6882531518381001,0.005927,-775.5379824478554
0.00593,-0.6839390281902107,0.00593,-775.5270780421756
0.005945,-0.6796421800651596,0.005945,-775.472556013777
0.005951,-0.6753624304008486,0.005951,-775.4507472024175
0.005957,-0.6710996041277199,0.005957,-775.428938391058
0.005961,-0.6668535281382211,0.005961,-775.414399183485
0.005963,-0.6626240312568089,0.005963,-775.4071295796984
0.005969,-0.6584109442104787,0.005969,-775.3853207683389
0.006028,-0.6542140995998118,0.006028,-775.1708674566373
0.00606,-0.6500333318705279,0.00606,-775.0545537960533
0.00609,-0.6458684772855333,0.00609,-774.9455097392558
0.006142,-0.6417193738974527,0.006142,-774.7565000408069
0.006148,-0.6375858615216372,0.006148,-774.7346912294474
0.00615,-0.6334677817096376,0.00615,-774.7274216256609
0.006152,-0.6293649777231319,0.006152,-774.7201520218744
0.006157,-0.6252772945083015,0.006157,-774.7019780124082
0.006159,-0.6212045786706414,0.006159,-774.6947084086216
0.006166,-0.6171466784502025,0.006166,-774.6692647953689
0.006168,-0.6131034436972509,0.006168,-774.6619951915824
0.006206,-0.6090747258483393,0.006206,-774.5238727196389
0.006211,-0.605060377902781,0.006211,-774.5056987101727
0.006231,-0.6010602543995199,0.006231,-774.4330026723077
0.006254,-0.5970742113943854,0.006254,-774.349402228763
0.006305,-0.5931021064377283,0.006305,-774.1640273322073
0.006319,-0.5891437985524265,0.006319,-774.1131401057019
0.006355,-0.5851991482122568,0.006355,-773.9822872375448
0.006364,-0.5812680173206224,0.006364,-773.9495740205056
0.00639,-0.5773502691896303,0.00639,-773.8550691712811
0.006397,-0.5734457685195115,0.006397,-773.8296255580284
0.006412,-0.5695543813783789,0.006412,-773.7751035296296
0.006418,-0.5656759751823127,0.006418,-773.7532947182701
0.006482,-0.5618104186757704,0.006482,-773.5206673971022
0.006641,-0.5579575819123124,0.006641,-772.9427338960757
0.006651,-0.5541173362356394,0.006651,-772.9063858771432
0.006716,-0.5502895542609341,0.006716,-772.6701237540819
0.006795,-0.5464741098564999,0.006795,-772.3829744045153
0.006957,-0.5426708781256955,0.006957,-771.7941364978089
0.007101,-0.5388797353891538,0.007101,-771.2707250251812
0.007142,-0.5351005591672836,0.007142,-771.1216981475579
0.007383,-0.5313332281630483,0.007383,-770.2457108912849
0.007435,-0.5275776222450136,0.007435,-770.0567011928359
0.007504,-0.523833622430663,0.007504,-769.8058998622018
0.007731,-0.5201011108699722,0.007731,-768.9807998324343
0.00781,-0.5163799708292404,0.00781,-768.6936504828676
0.007813000000000001,-0.5126700866751711,0.007813000000000001,-768.6827460771879
0.007828,-0.5089713438592008,0.007828,-768.6282240487891
0.007875999999999999,-0.5052836289020669,0.007875999999999999,-768.4537535579132
0.007882999999999999,-0.5016068293786137,0.007882999999999999,-768.4283099446604
0.007884,-0.4979408339028306,0.007884,-768.4246751427672
0.007952000000000001,-0.4942855321131179,0.007952000000000001,-768.1775086140262
0.008129000000000001,-0.4906408146577763,0.008129000000000001,-767.5341486789212
0.008351000000000001,-0.4870065731807159,0.008351000000000001,-766.7272226586199
0.008377000000000001,-0.4833827003073806,0.008377000000000001,-766.6327178093954
0.008389000000000001,-0.4797690896308838,0.008389000000000001,-766.5891001866764
0.008525,-0.4761656356983511,0.008525,-766.0947671291946
0.008649,-0.4725722339974671,0.008649,-765.6440516944317
0.008697999999999999,-0.4689887809432214,0.008697999999999999,-765.4659464016624
0.008765,-0.465415173864851,0.008765,-765.2224146748148
0.009013,-0.4618513109929746,0.009013,-764.3209838052891
0.009021,-0.4582970914469159,0.009021,-764.291905390143
0.009082,-0.4547524152222129,0.009082,-764.0701824746549
0.009183999999999999,-0.4512171831783076,0.009183999999999999,-763.6994326815435
0.009207,-0.4476912970264159,0.009207,-763.6158322379988
0.009245,-0.4441746593175718,0.009245,-763.4777097660553
0.009414,-0.4406671734308436,0.009414,-762.8634282460962
0.009593000000000001,-0.4371687435617199,0.009593000000000001,-762.2127987072047
0.009611,-0.4336792747106603,0.009611,-762.1473722731262
0.009669000000000001,-0.4301986726718096,0.009669000000000001,-761.9365537633178
0.009775000000000001,-0.4267268440218717,0.009775000000000001,-761.5512647626333
0.009797,-0.4232636961091405,0.009797,-761.4712991209818
0.009849999999999999,-0.4198091370426845,0.009849999999999999,-761.2786546206397
0.009877,-0.4163630756816826,0.009877,-761.1805149695219
0.009884,-0.4129254216249098,0.009884,-761.1550713562692
0.009889999999999999,-0.4094960852003662,0.009889999999999999,-761.1332625449097
0.009933000000000001,-0.4060749774550518,0.009933000000000001,-760.9769660635
0.010075,-0.4026620101448801,0.010075,-760.4608241946587
0.010112,-0.3992570957247307,0.010112,-760.3263365246085
0.010193,-0.3958601473386368,0.010193,-760.0319175712552
0.010452,-0.392471078810107,0.010452,-759.0905038809038
0.010514,-0.3890898046325761,0.010514,-758.8651461635224
0.010561,-0.385716239959986,0.010561,-758.6943104745396
0.010574,-0.3823503005974915,0.010574,-758.6470580499274
0.010588,-0.3789919029922907,0.010588,-758.596170823422
0.010634,-0.3756409642245762,0.010634,-758.4289699363325
0.010736,-0.3722974019986068,0.010736,-758.0582201432211
0.010806,-0.3689611346338951,0.010806,-757.8037840106937
0.010828,-0.3656320810565121,0.010828,-757.7238183690422
0.010926,-0.3623101607905026,0.010926,-757.3676077835038
0.010958,-0.3589952939494143,0.010958,-757.2512941229198
0.01097,-0.3556874012279335,0.01097,-757.2076765002008
0.011067,-0.3523864038936302,0.011067,-756.8551007165556
0.011094,-0.3490922237788067,0.011094,-756.756961065438
0.011095,-0.3458047832724508,0.011095,-756.7533262635447
0.011124,-0.3425240053122898,0.011124,-756.6479170086404
0.011211,-0.3392498133769445,0.011211,-756.3316892439278
0.011338,-0.3359821314781812,0.011338,-755.8700694034852
0.011414,-0.3327208841532598,0.011414,-755.5938244595983
0.011425,-0.3294659964573763,0.011425,-755.5538416387725
0.011509,-0.3262173939561982,0.011509,-755.2485182797396
0.011539,-0.3229750027184912,0.011539,-755.1394742229421
0.011566,-0.3197387493088351,0.011566,-755.0413345718244
0.011582,-0.3165085607804276,0.011582,-754.9831777415325
0.011614,-0.313284364667975,0.011614,-754.8668640809485
0.011801,-0.310066088980667,0.011801,-754.187156126911
0.011998,-0.3068536621952348,0.011998,-753.4711001539408
0.012004,-0.3036470132490919,0.012004,-753.4492913425814
0.012032,-0.300446071533554,0.012032,-753.3475168895704
0.012073,-0.2972507668871387,0.012073,-753.1984900119472
0.01221,-0.294061029588942,0.01221,-752.7005221525721
0.012229,-0.2908767903520917,0.012229,-752.6314609166004
0.012332,-0.2876979803172742,0.012332,-752.2570763215957
0.012543,-0.2845245310463365,0.012543,-751.4901331221201
0.012698,-0.2813563745159579,0.012698,-750.9267388286665
0.012792,-0.278193443111395,0.012792,-750.5850674507012
0.01331,-0.2750356696202937,0.01331,-748.7022400699982
0.013454,-0.2718829872265718,0.013454,-748.1788285973704
0.013498,-0.2687353295043657,0.013498,-748.0188973140674
0.013544,-0.265592630412046,0.013544,-747.8516964269779
0.013626,-0.2624548242862949,0.013626,-747.5536426717315
0.013655,-0.2593218458362487,0.013655,-747.4482334168273
0.013702,-0.2561936301377017,0.013702,-747.2773977278446
0.01395,-0.2530701126273714,0.01395,-746.3759668583189
0.013964,-0.2499512290972232,0.013964,-746.3250796318134
0.014038,-0.2437271088879372,0.014038,-746.0561042917129
0.014038,-0.2437271088879372,0.014038,-746.0561042917129
0.014104,-0.2406217455187133,0.014104,-745.8162073667585
0.014112,-0.2375207627385515,0.014112,-745.7871289516125
0.014188,-0.2344240980325541,0.014188,-745.5108840077256
0.014423,-0.2313316892082191,0.014423,-744.6567055628121
0.014526,-0.2282434743901546,0.014526,-744.2823209678074
0.01478,-0.2251593920148444,0.01478,-743.3590812869222
0.014798,-0.2220793808254649,0.014798,-743.2936548528437
0.014985,-0.2190033798667505,0.014985,-742.6139468988061
0.015045,-0.2159313284799085,0.015045,-742.3958587852112
0.015257,-0.2128631662975811,0.015257,-741.6252807838424
0.015474,-0.2097988332388547,0.015474,-740.8365287730074
0.01548,-0.2067382695043144,0.01548,-740.8147199616479
0.015489,-0.2036814155711438,0.015489,-740.7820067446087
0.01552,-0.2006282121882687,0.01552,-740.6693278859179
0.015529,-0.1975786003715443,0.015529,-740.6366146688788
0.015548,-0.1945325213989843,0.015548,-740.5675534329071
0.015635,-0.1914899168060317,0.015635,-740.2513256681943
0.015953,-0.18845072838087,0.015953,-739.0954586661412
0.015994,-0.1854148981597742,0.015994,-738.946431788518
0.016017,-0.1823823684225016,0.016017,-738.8628313449732
0.016033,-0.1793530816877192,0.016033,-738.8046745146812
0.016114,-0.1763269807084697,0.016114,-738.5102555613281
0.016393,-0.173304008467674,0.016393,-737.4961458331117
0.016548,-0.1702841081736689,0.016548,-736.9327515396581
0.016558,-0.1672672232557801,0.016558,-736.8964035207256
0.016581,-0.1642532973599299,0.016581,-736.8128030771808
0.016628,-0.1612422743442777,0.016628,-736.6419673881981
0.017006,-0.1582340982748942,0.017006,-735.26801227255
0.01706,-0.1552287134214666,0.01706,-735.0717329703145
0.017087,-0.1522260642530363,0.017087,-734.9735933191969
0.017222,-0.1492260954337662,0.017222,-734.4828950636082
0.017331,-0.1462287518187385,0.017331,-734.086701657244
0.01754,-0.1432339784497817,0.01754,-733.327028061555
0.017593,-0.1402417205513261,0.017593,-733.1343835612129
0.017946,-0.1372519235262872,0.017946,-731.8512984928959
0.018275,-0.1342645329519758,0.018275,-730.655448670017
0.019088,-0.1312794945760356,0.019088,-727.7003547308057
0.019364,-0.1282967543124058,0.019364,-726.697149408269
0.019814,-0.1253162582373092,0.019814,-725.0614885563068
0.019857,-0.1223379525852653,0.019857,-724.9051920748972
0.019955,-0.1193617837451264,0.019955,-724.5489814893588
0.019956,-0.1163876982561378,0.019956,-724.5453466874656
0.020059,-0.1134156428040202,0.020059,-724.1709620924609
0.020081,-0.1104455642170746,0.020081,-724.0909964508094
0.020504,-0.1074774094623083,0.020504,-722.553475249965
0.020839,-0.1045111256415816,0.020839,-721.3358166157267
0.020968,-0.1015466599877748,0.020968,-720.8669271714975
0.021453,-0.09858395986097528,0.021453,-719.1040482532718
0.021662,-0.09562297274468304,0.021662,-718.3443746575828
0.021674,-0.09266364624203471,0.021674,-718.3007570348638
0.021855,-0.08970592807204576,0.021855,-717.6428578921857
0.021929,-0.08674976606586959,0.021929,-717.3738825520853
0.021937,-0.08379510816307362,0.021937,-717.3448041369393
0.021951,-0.08084190240793125,0.021951,-717.2939169104338
0.021961,-0.0778900969457296,0.021961,-717.2575688915013
0.022203,-0.07493964001909197,0.022203,-716.377946833335
0.022436,-0.07199047996431494,0.022436,-715.531037992208
0.02244,-0.06904256520771933,0.02244,-715.516498784635
0.022551,-0.06609584426201433,0.022551,-715.1130357744844
0.022758,-0.0631502657226745,0.022758,-714.3606317825819
0.022788,-0.06020577826432909,0.022788,-714.2515877257844
0.022882,-0.05726233063716277,0.022882,-713.909916347819
0.023217,-0.05431987166332782,0.023217,-712.6922577135806
0.023388,-0.05137835023336668,0.023388,-712.070706589835
0.023403,-0.0484377153026447,0.023403,-712.0161845614363
0.023851,-0.04549791588779237,0.023851,-710.3877933132608
0.023853,-0.04255890106315664,0.023853,-710.3805237094742
0.023862,-0.03962061995726057,0.023862,-710.347810492435
0.024249,-0.03668302174927111,0.024249,-708.9411421597476
0.024404,-0.03374605566547424,0.024404,-708.377747866294
0.02457,-0.03080967097575697,0.02457,-707.7743707520148
0.024645,-0.02787381699009581,0.024645,-707.5017606100211
0.02477,-0.02493844305505115,0.02477,-707.047410373365
0.024874,-0.02200349855026686,0.024874,-706.6693909764671
0.024907,-0.0190689328849749,0.024907,-706.5494425139898
0.024997,-0.01613469549450415,0.024997,-706.2223103435974
0.02543,-0.01320073583679311,0.02543,-704.6484411238206
0.025571,-0.0102670033889059,0.025571,-704.1359340568725
0.02585,-0.007333447643551059,0.02585,-703.121824328656
0.025854,-0.004400018105602648,0.025854,-703.107285121083
0.02611,-0.0014666642886231,0.02611,-702.1767758364113
0.026157,0.001466664288612636,0.026157,-702.0059401474286
0.026599,0.004400018105592185,0.026599,-700.3993577106125
0.02664,0.007333447643540595,0.02664,-700.2503308329893
0.026675,0.01026700338889543,0.026675,-700.1231127667256
0.02688,0.01320073583678264,0.02688,-699.3779783786096
0.026937,0.01613469549449369,0.026937,-699.1707946706944
0.027009,0.01906893288496444,0.027009,-698.9090889343805
0.02701,0.02200349855025639,0.02701,-698.9054541324872
0.027042,0.02493844305504068,0.027042,-698.7891404719032
0.027183,0.02787381699008534,0.027183,-698.2766334049552
0.027362,0.03080967097574649,0.027362,-697.6260038660636
0.027483,0.03374605566546376,0.027483,-697.1861928369805
0.027773,0.03668302174926064,0.027773,-696.1321002879382
0.028081,0.03962061995725008,0.028081,-695.0125813048176
0.028101,0.04255890106314615,0.028101,-694.9398852669526
0.028144,0.04549791588778189,0.028144,-694.7835887855429
0.028518,0.04843771530263421,0.028518,-693.4241728774678
0.028859,0.05137835023335619,0.028859,-692.1847054318698
0.028946,0.05431987166331733,0.028946,-691.8684776671572
0.029521,0.05726233063715228,0.029521,-689.778466578539
0.029645,0.06020577826431858,0.029645,-689.3277511437761
0.029789,0.063150265722664,0.029789,-688.8043396711483
0.03047,0.06609584426200381,0.03047,-686.3290395818458
0.030473,0.06904256520770882,0.030473,-686.318135176166
0.030599,0.07199047996430442,0.030599,-685.8601501376166
0.030954,0.07493964001908145,0.030954,-684.5697954655133
0.030958,0.07789009694571906,0.030958,-684.5552562579403
0.031317,0.08084190240792073,0.031317,-683.2503623782638
0.03143,0.08379510816306307,0.03143,-682.8396297643267
0.031947,0.08674976606585905,0.031947,-680.960437185517
0.031987,0.08970592807203522,0.031987,-680.8150451097871
0.032017,0.09266364624202417,0.032017,-680.7060010529896
0.032095,0.09562297274467248,0.032095,-680.4224865053162
0.032567,0.09858395986096471,0.032567,-678.7068600117027
0.032813,0.1015466599877642,0.032813,-677.8126987459634
0.032942,0.104511125641571,0.032942,-677.3438093017343
0.033019,0.1074774094622978,0.033019,-677.0639295559541
0.033044,0.110445564217064,0.033044,-676.9730595086229
0.033552,0.1134156428040096,0.033552,-675.1265801468523
0.033655,0.1163876982561271,0.033655,-674.7521955518478
0.033805,0.1193617837451158,0.033805,-674.2069752678603
0.034006,0.1223379525852547,0.034006,-673.4763800873174
0.034144,0.1253162582372986,0.034144,-672.9747774260491
0.034896,0.1282967543123951,0.034896,-670.2414064023258
0.034914,0.1312794945760249,0.034914,-670.1759799682472
0.035005,0.1342645329519651,0.035005,-669.8452129959617
0.035564,0.1372519235262765,0.035564,-667.8133587376354
0.035883,0.1402417205513155,0.035883,-666.653856933689
0.035889,0.143233978449771,0.035889,-666.6320481223296
0.035973,0.1462287518187278,0.035973,-666.3267247632966
0.036377,0.1492260954337555,0.036377,-664.858264798424
0.036397,0.1522260642530257,0.036397,-664.785568760559
0.036481,0.1552287134214559,0.036481,-664.4802454015262
0.036558,0.1582340982748834,0.036558,-664.2003656557459
0.036863,0.1612422743442669,0.036863,-663.091751078305
0.036912,0.1642532973599191,0.036912,-662.9136457855359
0.036926,0.1672672232557693,0.036926,-662.8627585590303
0.03698,0.1702841081736582,0.03698,-662.6664792567949
0.037301,0.1733040084676633,0.037301,-661.499707849062
0.037915,0.1763269807084589,0.037915,-659.2679394866071
0.038376,0.1793530816877084,0.038376,-657.5922958138193
0.038505,0.1823823684224908,0.038505,-657.1234063695902
0.038547,0.1854148981597634,0.038547,-656.9707446900737
0.038707,0.1884507283808591,0.038707,-656.389176387154
0.039552,0.1914899168060209,0.039552,-653.3177687873585
0.039589,0.1945325213989735,0.039589,-653.1832811173083
0.039728,0.1975786003715334,0.039728,-652.6780436541467
0.039995,0.2006282121882578,0.039995,-651.7075515486492
0.040853,0.2036814155711329,0.040853,-648.5888915242416
0.041286,0.2067382695043035,0.041286,-647.0150223044648
0.042009,0.2097988332388438,0.042009,-644.3870605356458
0.042558,0.2128631662975702,0.042558,-642.3915542962521
0.042885,0.2159313284798975,0.042885,-641.2029740771598
0.043513,0.2190033798667395,0.043513,-638.9203184881993
0.043579,0.2220793808254539,0.043579,-638.6804215632449
0.043838,0.2251593920148335,0.043838,-637.7390078728934
0.044118,0.2282434743901436,0.044118,-636.7212633427837
0.044237,0.2313316892082081,0.044237,-636.288721917487
0.044845,0.2344240980325431,0.044845,-634.0787623663916
0.045371,0.2375207627385404,0.045371,-632.1668565705427
0.045426,0.2406217455187022,0.045426,-631.966942466414
0.045532,0.2437271088879261,0.045532,-631.5816534657297
0.046036,0.2468369156888437,0.046036,-629.7497133115321
0.046347,0.2499512290972121,0.046347,-628.6192899227317
0.046486,0.2530701126273603,0.046486,-628.1140524595701
0.046682,0.2561936301376906,0.046682,-627.4016312884933
0.047304,0.2593218458362375,0.047304,-625.1407845108924
0.047777,0.2624548242862837,0.047777,-623.4215232153857
0.048029,0.2655926304120347,0.048029,-622.5055531382869
0.048074,0.2687353295043545,0.048074,-622.3419870530907
0.0484,0.2718829872265605,0.0484,-621.1570416358916
0.048733,0.2750356696202825,0.048733,-619.9466526054397
0.049333,0.2781934431113837,0.049333,-617.7657714694902
0.050179,0.2813563745159466,0.050179,-614.6907290678016
0.050414,0.2845245310463251,0.050414,-613.8365506228881
0.050447,0.287697980317263,0.050447,-613.716602160411
0.050455,0.2908767903520803,0.050455,-613.6875237452649
0.051643,0.2940610295889307,0.051643,-609.3693790960851
0.052078,0.2972507668871273,0.052078,-607.7882402725219
0.052206,0.3004460715335426,0.052206,-607.3229856301859
0.052381,0.3036470132490804,0.052381,-606.6868952988674
0.052472,0.3068536621952234,0.052472,-606.3561283265817
0.052909,0.3100660889806555,0.052909,-604.7677198992319
0.053049,0.3132843646679636,0.053049,-604.2588476341771
0.053112,0.3165085607804161,0.053112,-604.0298551149024
0.053283,0.3197387493088235,0.053283,-603.4083039911568
0.053422,0.3229750027184797,0.053422,-602.9030665279952
0.053566,0.3262173939561866,0.053566,-602.3796550553674
0.053705,0.3294659964573647,0.053705,-601.8744175922058
0.054743,0.3327208841532482,0.054743,-598.1014932270133
0.055669,0.3359821314781696,0.055669,-594.7356666738648
0.055934,0.3392498133769329,0.055934,-593.7724441721538
0.056289,0.3425240053122782,0.056289,-592.4820895000504
0.056442,0.3458047832724391,0.056442,-591.9259648103833
0.056545,0.349092223778795,0.056545,-591.5515802153786
0.056691,0.3523864038936184,0.056691,-591.0208991389643
0.058049,0.3556874012279217,0.058049,-586.0848381679322
0.059361,0.3589952939494024,0.059361,-581.3159780839895
0.059607,0.3623101607904908,0.059607,-580.4218168182502
0.059651,0.3656320810565002,0.059651,-580.2618855349473
0.059757,0.3689611346338833,0.059757,-579.8765965342629
0.060431,0.3722974019985948,0.060431,-577.4267400582131
0.060439,0.3756409642245643,0.060439,-577.3976616430671
0.060666,0.3789919029922787,0.060666,-576.5725616132996
0.061083,0.3823503005974795,0.061083,-575.0568492238148
0.061351,0.3857162399599739,0.061351,-574.082722316424
0.062469,0.389089804632564,0.062469,-570.0190137997718
0.063247,0.3924710788100949,0.063247,-567.191137926824
0.063711,0.3958601473386247,0.063711,-565.5045898483564
0.064164,0.3992570957247185,0.064164,-563.8580245907146
0.064347,0.402662010144868,0.064347,-563.1928558442501
0.064362,0.4060749774550396,0.064362,-563.1383338158514
0.065056,0.409496085200354,0.065056,-560.6157813019365
0.065412,0.4129254216248975,0.065412,-559.3217918279399
0.065609,0.4163630756816704,0.065609,-558.6057358549699
0.06625300000000001,0.4198091370426721,0.06625300000000001,-556.2649234357175
0.067417,0.4232636961091282,0.067417,-552.0340140319757
0.06762700000000001,0.4267268440218593,0.06762700000000001,-551.2707056343934
0.06789000000000001,0.4301986726717971,0.06789000000000001,-550.314752736469
0.068929,0.4336792747106478,0.068929,-546.5381935693833
0.068955,0.4371687435617074,0.068955,-546.4436887201589
0.069096,0.4406671734308312,0.069096,-545.9311816532107
0.06927700000000001,0.4441746593175592,0.06927700000000001,-545.2732825105327
0.069953,0.4476912970264034,0.069953,-542.8161564306963
0.07047399999999999,0.451217183178295,0.07047399999999999,-540.9224246443137
0.071571,0.4547524152222003,0.071571,-536.9350469674196
0.071918,0.4582970914469033,0.071918,-535.6737707104621
0.072841,0.4618513109929619,0.072841,-532.3188485629933
0.07299,0.4654151738648383,0.07299,-531.7772630808993
0.07317,0.4689887809432087,0.07317,-531.1229987401143
0.073825,0.4725722339974543,0.073825,-528.7422035000363
0.073834,0.4761656356983383,0.073834,-528.7094902829971
0.07546799999999999,0.4797690896308709,0.07546799999999999,-522.7702239894282
0.076223,0.4833827003073678,0.076223,-520.0259485600252
0.077139,0.487006573180703,0.077139,-516.6964700258093
0.07774200000000001,0.4906408146577634,0.07774200000000001,-514.50468448418
0.078296,0.4942855321131049,0.078296,-512.4910042353201
0.07860399999999999,0.4979408339028176,0.07860399999999999,-511.3714852521995
0.079064,0.5016068293786006,0.079064,-509.6994763813049
0.080056,0.5052836289020538,0.080056,-506.0937529032019
0.080429,0.5089713438591876,0.080429,-504.7379717970201
0.080606,0.5126700866751579,0.080606,-504.094611861915
0.08067000000000001,0.516379970829227,0.08067000000000001,-503.861984540747
0.081333,0.5201011108699589,0.081333,-501.452110885523
0.082153,0.5238336224306497,0.082153,-498.4715733330588
0.08347400000000001,0.5275776222450003,0.08347400000000001,-493.6700000320769
0.08348,0.5313332281630347,0.08348,-493.6481912207174
0.083555,0.5351005591672702,0.083555,-493.3755810787237
0.08451699999999999,0.5388797353891402,0.08451699999999999,-489.8789016574182
0.084775,0.5426708781256819,0.084775,-488.94112276896
0.085812,0.5464741098564864,0.085812,-485.1718332056608
0.087007,0.5502895542609203,0.087007,-480.8282449432283
0.087362,0.5541173362356258,0.087362,-479.5378902711249
0.087468,0.5579575819122986,0.087468,-479.1526012704405
0.087871,0.5618104186757565,0.087871,-477.6877761074612
0.087965,0.565675975182299,0.087965,-477.3461047294958
0.08860999999999999,0.5695543813783651,0.08860999999999999,-475.0016575083502
0.08969199999999999,0.5734457685194977,0.08969199999999999,-471.0688018598548
0.09086900000000001,0.5773502691896162,0.09086900000000001,-466.7906400315007
0.091936,0.5812680173206085,0.091936,-462.9123064114041
0.092249,0.5851991482122428,0.092249,-461.7746134188171
0.093336,0.5891437985524124,0.093336,-457.8235837608555
0.09334000000000001,0.5931021064377141,0.09334000000000001,-457.8090445532825
0.094289,0.5970742113943712,0.094289,-454.3596175565892
0.094848,0.6010602543995057,0.094848,-452.3277632982631
0.096217,0.6050603779027668,0.096217,-447.3517195064052
0.097119,0.6090747258483248,0.097119,-444.0731281986946
0.097371,0.6131034436972366,0.097371,-443.1571581215959
0.098096,0.6171466784501881,0.098096,-440.5219267489903
0.098194,0.621204578670627,0.098194,-440.165716163452
0.099521,0.6252772945082868,0.099521,-435.3423340511106
0.099579,0.6293649777231174,0.099579,-435.1315155413021
0.100528,0.6334677817096229,0.100528,-431.6820885446088
0.100562,0.6375858615216226,0.100562,-431.5585052802384
0.101653,0.6417193738974378,0.101653,-427.5929364147038
0.102317,0.6458684772855184,0.102317,-425.1794279575864
0.102497,0.6500333318705132,0.102497,-424.5251636168016
0.104926,0.6542140995997969,0.104926,-415.6962298180998
0.105548,0.6584109442104636,0.105548,-413.4353830404989
0.105589,0.6626240312567939,0.105589,-413.2863561628757
0.106932,0.666853528138206,0.106932,-408.4048172202424
0.107374,0.6710996041277046,0.107374,-406.7982347834263
0.10851,0.6753624304008333,0.10851,-402.6690998326955
0.108935,0.6796421800651444,0.108935,-401.1243090280647
0.108955,0.6839390281901954,0.108955,-401.0516129901997
0.110085,0.6882531518380847,0.110085,-396.9442868508283
0.111157,0.6925847300945372,0.111157,-393.0477792212654
0.111446,0.6969339441005524,0.111446,-391.9973214741165
0.112327,0.7013009770846245,0.112327,-388.7950610061642
0.112587,0.7056860143955517,0.112587,-387.8500125139194
0.113134,0.7100892435358434,0.113134,-385.8617758783122
0.113445,0.714510854195738,0.113445,-384.7313524895118
0.113628,0.7189510382878492,0.113628,-384.0661837430472
0.113827,0.7234099899824485,0.113827,-383.3428581662907
0.114893,0.7278879057434032,0.114893,-379.4681593480873
0.115186,0.7323849843647793,0.115186,-378.4031623933653
0.116652,0.7369014270081289,0.116652,-373.0745428178623
0.116992,0.7414374372404733,0.116992,-371.8387101741577
0.11701,0.7459932210730001,0.11701,-371.7732837400792
0.117737,0.7505689870004871,0.117737,-369.1307827636872
0.118412,0.7551649460414718,0.118412,-366.6772914857441
0.11899,0.7597813117791828,0.11899,-364.5763759914462
0.119441,0.7644183004032499,0.119441,-362.9370803375909
0.121092,0.7690761307522079,0.121092,-356.9360224118369
0.121511,0.7737550243568174,0.121511,-355.4130404185656
0.121993,0.7784552054842163,0.121993,-353.6610659060195
0.122373,0.7831769011829233,0.122373,-352.2798411865849
0.122404,0.7879203413287109,0.122404,-352.1671623278942
0.122795,0.7926857586713715,0.122795,-350.7459547876338
0.122939,0.7974733888823914,0.122939,-350.222543315006
0.123468,0.8022834706035605,0.123468,-348.2997331134773
0.123667,0.8071162454965317,0.123667,-347.5764075367208
0.125154,0.811971958293359,0.125154,-342.1714571214596
0.12589,0.8168508568480318,0.12589,-339.4962429280283
0.127612,0.821753192189033,0.127612,-333.2371140678535
0.12848,0.8266792185729398,0.12848,-330.0821060245134
0.129016,0.8316291935390965,0.129016,-328.133852209732
0.129753,0.8366033779653818,0.129753,-325.4550032144074
0.132337,0.8416020361250974,0.132337,-316.0626751222521
0.132366,0.8466254357450039,0.132366,-315.9572658673478
0.132891,0.8516738480645308,0.132891,-314.0489948733921
0.13317,0.8567475478961912,0.13317,-313.0348851451757
0.133271,0.861846813687227,0.133271,-312.6677701539576
0.133903,0.866971927582515,0.133903,-310.3705753574242
0.135541,0.8721231754887649,0.135541,-304.4167698562824
0.135918,0.8773008471400421,0.135918,-303.0464495425275
0.136972,0.8825052361646412,0.136972,-299.2153683470431
0.139891,0.8877366401533517,0.139891,-288.6053816206494
0.140126,0.8929953607291433,0.140126,-287.7512031757358
0.140452,0.8982817036183084,0.140452,-286.5662577585367
0.140894,0.9035959787230964,0.140894,-284.9596753217206
0.141749,0.9089385001958785,0.141749,-281.8519197029926
0.141891,0.9143095865148787,0.141891,-281.3357778341514
0.141907,0.9197095605615123,0.141907,-281.2776210038594
0.143052,0.9251387496993682,0.143052,-277.1157728360893
0.14564,0.9305974858548806,0.14564,-267.7089055363609
0.147593,0.93608610559973,0.147593,-260.6101374388456
0.14837,0.9416049502350182,0.14837,-257.7858963677912
0.148656,0.947154365877259,0.148656,-256.7463430263219
0.148747,0.9527347035462365,0.148747,-256.4155760540364
0.150035,0.9583463192547726,0.150035,-251.7339512155316
0.150337,0.9639895741004586,0.150337,-250.6362410437705
0.150401,0.9696648343593932,0.150401,-250.4036137226026
0.150563,0.9753724715819876,0.150563,-249.8147758158963
0.150995,0.9811128626908845,0.150995,-248.2445413980128
0.151431,0.9868863900810497,0.151431,-246.6597677725561
0.152564,0.9926934417220895,0.152564,-242.541537227505
0.15445,0.9985344112628555,0.15445,-235.6863008568374
0.154687,1.004409698138395,0.154687,-234.8248528081375
0.155098,1.010319707679307,0.155098,-233.330949230012
0.160482,1.016264851223576,0.160482,-213.7611758367595
0.161047,1.022245546230931,0.161047,-211.7075127670739
0.161611,1.028262216399822,0.161611,-209.6574844992815
0.161829,1.03431529178706,0.161829,-208.8650976865532
0.168149,1.040405208930209,0.168149,-185.8931497212197
0.169785,1.046532410972796,0.169785,-179.9466138238644
0.173648,1.052697347792415,0.173648,-165.9053741102435
0.178968,1.058900476131809,0.178968,-146.5682280381591
0.179261,1.065142259733005,0.179261,-145.5032310834371
0.17934,1.07142316947459,0.17934,-145.2160817338704
0.181888,1.077743683512209,0.181888,-135.9546065098721
0.182391,1.084104287422383,0.182391,-134.1263011575678
0.184339,1.090505474349731,0.184339,-127.0457070695187
0.187405,1.096947745157686,0.187405,-115.9014044648175
0.18872,1.103431608582822,0.18872,-111.121639975195
0.189832,1.109957581392867,0.189832,-107.0797402699021
0.192857,1.116526188548534,0.192857,-96.08446454282398
0.193455,1.123137963369246,0.193455,-93.91085301066107
0.19512,1.129793447702894,0.19512,-87.85890785840161
0.195522,1.136493192099729,0.195522,-86.3977174973154
0.196372,1.143237755990508,0.196372,-83.30813588805381
0.19839,1.150027707869008,0.19839,-75.97310566747728
0.199061,1.156863625479061,0.199061,-73.53415359710732
0.20523,1.163746096006199,0.20523,-51.11106071765437
0.205914,1.170675716274084,0.205914,-48.62485622267195
0.206933,1.177653092945837,0.206933,-44.92099309345133
0.207804,1.184678842730414,0.207804,-41.75508064443147
0.215791,1.19175359259419,0.215791,-12.72391792305189
0.216077,1.198877979977883,0.216077,-11.68436458158271
0.220019,1.206052653019,0.220019,2.644024481604788
0.223613,1.213278270779954,0.223613,15.70750248594163
0.224143,1.220555503482019,0.224143,17.63394748936366
0.23108,1.227885032745321,0.23108,42.84856822283177
0.231087,1.235267551835014,0.231087,42.87401183608449
0.238922,1.242703765913862,0.238922,71.35268466969023
0.243754,1.25019439230139,0.243754,88.91604741786932
0.247596,1.257740160739837,0.247596,102.8809562917319
0.248603,1.26534181366709,0.248603,106.5412017982336
0.251173,1.273000106496839,0.251173,115.8826426638834
0.258895,1.280715807906155,0.258895,143.950582883552
0.264807,1.288489700130741,0.264807,165.4395316764401
0.265025,1.296322579268087,0.265025,166.2319184891684
0.268041,1.304215255588768,0.268041,177.1944809992071
0.27196,1.312168553856168,0.27196,191.4392696188499
0.274097,1.320183313654861,0.274097,199.2068412647229
0.277131,1.328260389727963,0.277131,210.2348302088405
0.277799,1.336400652323704,0.277799,212.6628778735309
0.297628,1.344604987551553,0.297628,284.7373646147647
0.298414,1.352874297748169,0.298414,287.5943189028584
0.298541,1.361209501853525,0.298541,288.055938743301
0.29887,1.369611535797519,0.29887,289.2517885661802
0.300338,1.378081352897424,0.300338,294.5876777454695
0.302127,1.386619924266525,0.302127,301.0903383324918
0.302636,1.395228239234322,0.302636,302.9404524961557
0.3056,1.403907305778677,0.3056,313.7140053077454
0.308451,1.412658150970302,0.308451,324.0768255053982
0.310829,1.421481821430002,0.310829,332.7203844075447
0.323059,1.430379383799114,0.323059,377.1740115619795
0.325674,1.439351925223565,0.325674,386.6790185128256
0.325843,1.44840055385203,0.325843,387.2933000327847
0.325935,1.457526399348671,0.325935,387.6277018069635
0.332378,1.466730613420946,0.332378,411.0467304051668
0.348712,1.476014370363019,0.348712,470.4175845294957
0.352546,1.485378867615301,0.352546,484.3534149882122
0.353582,1.494825326340699,0.353582,488.119069749618
0.356982,1.504354992018143,0.356982,500.4773961866646
0.373649,1.513969135054,0.373649,561.0586393414454
0.378127,1.523669051412023,0.378127,577.3352822194141
0.380862,1.533456063262476,0.380862,587.2764653974501
0.383681,1.543331519651122,0.383681,597.522971934519
0.3861,1.553296797188802,0.3861,606.3155577142883
0.391403,1.563353300762329,0.391403,625.5909121541878
0.392207,1.573502464267483,0.392207,628.5132928763597
0.394328,1.583745751364903,0.394328,636.2227076919409
0.401646,1.594084656259728,0.401646,662.822187946737
0.402097,1.604520704505852,0.402097,664.4614836005923
0.403569,1.6150554538357,0.403569,669.8119119874547
0.41104,1.625690495016495,0.41104,696.9675169319179
0.413005,1.636427452733983,0.413005,704.1099026521521
0.432612,1.647267986504671,0.432612,775.3774633730849
0.434191,1.658213791617643,0.434191,781.1168155625249
0.435538,1.669266600107078,0.435538,786.0128937127312
0.441992,1.680428181756668,0.441992,809.4719051317603
0.442595,1.691700345137122,0.442595,811.6636906733894
0.444918,1.703084938678074,0.444918,820.1073354714066
0.446453,1.714583851775716,0.446453,825.6867563775439
0.447933,1.726199015937551,0.447933,831.0662631795525
0.448193,1.737932405965725,0.448193,832.0113116717972
0.448885,1.749786041180482,0.448885,834.5265945819255
0.450338,1.761761986685311,0.450338,839.8079617328164
0.454107,1.773862354675473,0.454107,853.5075300684715
0.459078,1.786089305791643,0.459078,871.5761302798122
0.463266,1.798445050520494,0.463266,886.7986806087391
0.468039,1.81093185064414,0.468039,904.1475900452164
0.468136,1.823552020740432,0.468136,904.5001658288614
0.47005,1.836307929736191,0.47005,911.4571766525402
0.476503,1.849202002515603,0.476503,934.9125532696756
0.47689,1.862236721586029,0.47689,936.319221602363
0.479527,1.875414628803683,0.479527,945.9041941948605
0.488735,1.888738327161662,0.488735,979.3734500278971
0.490221,1.902210482643001,0.490221,984.7747656412652
0.492518,1.915833826141522,0.492518,993.1239055900581
0.49896,1.929611155453377,0.49896,1016.539299386368
0.499671,1.94354533734235,0.499671,1019.123643532468
0.500074,1.957639309682132,0.500074,1020.588468695447
0.50062,1.971896083678913,0.50062,1022.573070529161
0.504018,1.986318746177857,0.504018,1034.924127362421
0.510977,2.00091046205715,0.510977,1060.218713737541
0.513682,2.015674476713536,0.513682,1070.050852858779
0.519974,2.030614118643463,0.519974,1092.921026371102
0.523074,2.045732802124117,0.523074,1104.188912240174
0.5418269999999999,2.061034029998925,0.5418269999999999,1172.352352144272
0.542365,2.076521396572287,0.542365,1174.30787556284
0.554009,2.092198590618565,0.554009,1216.631508807831
0.554635,2.10806939851063,0.554635,1218.906894793005
0.564449,2.124137707473563,0.564449,1254.57884057335
0.570844,2.140407508969348,0.570844,1277.823398680678
0.5742159999999999,2.156882902218802,0.5742159999999999,1290.079950664713
0.583105,2.17356809786724,0.583105,1322.389704693803
0.586897,2.190467421800783,0.586897,1336.172873473004
0.591318,2.207585319120584,0.591318,1352.242332643057
0.601423,2.224926358282636,0.601423,1388.972005774338
0.606869,2.242495235411275,0.606869,1408.767136884972
0.607281,2.26029677879495,0.607281,1410.264675264991
0.616325,2.278335953573277,0.616325,1443.137823587535
0.620041,2.296617866624996,0.620041,1456.644747422848
0.623468,2.315147771666879,0.623468,1469.101213511012
0.628444,2.333931074574353,0.628444,1487.187987731819
0.630883,2.352973338935125,0.630883,1496.053269549453
0.638705,2.372280291847826,0.638705,1524.484689958446
0.643107,2.391857829978354,0.643107,1540.485087892529
0.648019,2.411712025887413,0.648019,1558.339234792168
0.649239,2.431849134643481,0.649239,1562.773693101931
0.655134,2.452275600736382,0.655134,1584.200850262634
0.662364,2.472998065307491,0.662364,1610.480467950824
0.666862,2.494023373713641,0.666862,1626.829806866658
0.678567,2.515358583442848,0.678567,1669.375163027138
0.680895,2.537010972401067,0.680895,1677.836981834621
0.683902,2.558988047590442,0.683902,1688.766831127621
0.694223,2.581297554200828,0.694223,1726.281621467843
0.698807,2.603947485137661,0.698807,1742.943553346497
0.699421,2.626946091010896,0.699421,1745.175321708951
0.705389,2.65030189061117,0.705389,1766.867819407862
0.711175,2.674023681901194,0.711175,1787.8987831622
0.719004,2.698120553552181,0.719004,1816.355647184446
0.719732,2.722601897057078,0.719732,1819.001782962732
0.727047,2.74747741945454,0.727047,1845.590358811848
0.739326,2.772757156699901,0.739326,1890.222091259052
0.749654,2.798451487721821,0.749654,1927.762325212528
0.7497200000000001,2.824571149205987,0.7497200000000001,1928.002222137482
0.754948,2.851127251150157,0.754948,1947.004966435387
0.759582,2.878131293237862,0.759582,1963.848638408703
0.761324,2.905595182081526,0.761324,1970.180463306743
0.763539,2.933531249389308,0.763539,1978.231549500289
0.764803,2.961952271113922,0.764803,1982.825939093356
0.765236,2.990871487645963,0.765236,1984.399808313133
0.765907,3.020302625118763,0.765907,1986.838760383503
0.7739279999999999,3.05025991789685,0.7739279999999999,2015.993506369253
0.803984,3.080758132325452,0.803984,2125.241112072745
0.808629,3.111812591824287,0.808629,2142.124766866886
0.8135790000000001,3.143439203415302,0.8135790000000001,2160.117036238469
0.836557,3.175654485780841,0.836557,2243.637514141543
0.855901,3.208475598956257,0.855901,2313.949121964552
0.859337,3.241920375769174,0.859337,2326.438301269755
0.861151,3.276007355146393,0.861151,2333.031831904109
0.895555,3.310755817419214,0.895555,2458.083556239446
0.957974,3.346185821768493,0.957974,2684.964255614154
0.966574,3.382318245962216,0.966574,2716.223551896096
0.973505,3.419174828551091,0.973505,2741.416363818204
0.9991,3.456778213701346,0.9991,2834.449118275912
1.002586,3.495151998859059,1.002586,2847.120037675778
1.010175,3.534320785456918,1.010175,2874.704549243645
1.013637,3.57431023289235,1.013637,2887.288233398072
1.014622,3.615147116025963,1.014622,2890.868513262923
1.018455,3.656859386471118,1.018455,2904.800708919746
1.022061,3.699476237969421,1.022061,2917.907804546802
1.024322,3.743028176173592,1.024322,2926.126091627438
1.081143,3.78754709318823,1.081143,3132.659170003738
1.088452,3.833066347251298,1.088452,3159.225937041494
1.113484,3.879620847974828,1.113484,3250.212298033303
1.138009,3.927247147602566,1.138009,3339.355814465234
1.139538,3.975983538786021,1.139538,3344.913426560011
1.154042,4.025870159428689,1.154042,3397.632593219695
1.208995,4.07694910520177,1.208995,3597.375861659407
1.220596,4.129264550394373,1.220596,3639.543198422988
1.292992,4.182862877827526,1.292992,3902.688316286641
1.300822,4.237792818635003,1.300822,3931.14881511078
1.310248,4.294105602796581,1.310248,3965.410457756545
1.311466,4.351855121401115,1.311466,3969.837646462523
1.315757,4.411098101719851,1.315757,3985.434581386454
1.344967,4.471894296285635,1.344967,4091.607144688256
1.345621,4.534306687302827,1.345621,4093.984305126441
1.368339,4.598401707858022,1.368339,4176.559734537272
1.376714,4.664249481565044,1.376714,4207.001200393232
1.384948,4.731924082461543,1.384948,4236.930159182244
1.429005,4.801503817182523,1.429005,4397.068626193114
1.46105,4.873071531670635,1.46105,4513.545852862278
1.478633,4.94671494494914,1.478633,4577.456574551275
1.480017,5.02252701278503,1.480017,4582.487140371531
1.511574,5.100606324412377,1.511574,4697.190583716789
1.522315,5.181057535876294,1.522315,4736.231990852177
1.554307,5.26399184400295,1.554307,4852.516573020997
1.570228,5.349527505509475,1.570228,4910.386253963415
1.574791,5.437790406350415,1.574791,4926.97185500231
1.577996,5.528914687065393,1.577996,4938.621395070172
1.6233,5.623043430661534,1.6233,5103.292460041924
1.645831,5.720329420450094,1.645831,5185.188181498717
1.670279,5.820935976279904,1.670279,5274.051818184868
1.675078,5.925037878795391,1.675078,5291.49523247057
1.719515,6.032822392722304,1.719515,5453.014924200874
1.741257,6.144490401784489,1.741257,5532.042786963894
1.78233,6.260257669722649,1.78233,5681.335005125309
1.800132,6.380356244069844,1.800132,5746.041748428927
1.845423,6.505036021901086,1.845423,5910.665560976067
1.870179,6.634566499788842,1.870179,6000.648716645339
1.886535,6.769238733753112,1.886535,6060.09953641132
1.910275,6.909367539205371,1.910275,6146.389733357049
1.91416,7.055293965885603,1.91416,6160.510938712322
1.940621,7.207388088748639,1.940621,6256.691431609583
1.950403,7.366052162879131,1.950403,6292.247063729345
2.006969,7.531724199061971,2.006969,6497.853267622865
2.007037,7.704882026930304,2.007037,6498.100434151607
2.054133,7.886047925064608,2.054133,6669.285064116062
2.077491,8.07579391253436,2.077491,6754.186766738571
2.13247,8.274747814811644,2.13247,6954.024540027507
2.14601,8.483600239571913,2.14601,7003.239757662097
2.204586,8.703112625694748,2.204586,7216.151913361049
2.208654,8.934126563159429,2.208654,7230.938287462787
2.212297,9.177574624275115,2.212297,7244.179870759893
2.282772,9.434493000115756,2.282772,7500.342534186615
2.324131,9.70603630320127,2.324131,7650.674305689499
2.337228,9.993494982416369,2.337228,7698.27930608538
2.37717,10.29831590427825,2.37717,7843.460563305531
2.381613,10.62212679319215,2.381613,7859.609988117238
2.461126,10.96676540207878,2.461126,8148.623991055143
2.475701,11.33431451712712,2.475701,8201.601228649246
2.484326,11.72714420491026,2.484326,8232.951394978518
2.513064,12.14796311245408,2.513064,8337.408331786708
2.616656,12.59988116732171,2.616656,8713.944729512155
2.807755,13.08648674694785,2.807755,9408.551736510142
2.809856,13.61194236861335,2.809856,9416.188455287858
2.857196,14.18110430191378,2.857196,9588.259976914265
2.860351,14.79967338448027,2.860351,9599.727776887466
2.901675,15.47438696926049,2.901675,9749.932330324087
2.969731,16.21326571388053,2.969731,9997.302407971039
3.167613,17.02593440681438,3.167613,10716.56427621093
3.183146,17.92404410708158,3.183146,10773.02365401877
3.191173,18.92183499717672,3.191173,10802.20020881588
3.258149,20.03689788997399,3.258149,11045.64470041812
3.289722,21.29122130072172,3.289722,11160.40630059367
3.368173,22.71265734783385,3.368173,11445.56014392095
3.442714,24.33701589687774,3.442714,11716.50191184562
3.470482,26.2111252325573,3.470482,11817.43309081736
3.472839,28.3974230666867,3.472839,11826.00031887975
3.632741,30.9810517323311,3.632741,12407.21241121404
3.683683,34.0812104944341,3.683683,12592.37648925993
3.960578,37.87007606752634,3.960578,13598.83495949111
4.144676,42.60591352171995,4.144676,14267.99471843446
4.237501,48.69456796526631,4.237501,14605.3952041753
4.303092,56.8124479096705,4.303092,14843.80549515539
4.78545,68.1770886729494,4.78545,16597.08126677918
4.945203,85.22356088776962,4.945203,17177.75177363138
5.031617,113.6336960258549,5.031617,17491.8495444346
5.183249,170.4529884956377,5.183249,18043.00182511173
7.102229,340.9089103255268,7.102229,25018.11396221865
7.14019,318309.886177819,7.14019,25156.09467688827
