0.000000000
0.011509000
0.132891000
0.023853000
0.694223000
0.749654000
0.749720000
0.855901000
0.220019000
0.271960000
0.411040000
0.308451000
0.188720000
0.100528000
0.643107000
0.352546000
2.212297000
1.208995000
3.632741000
0.047777000
0.073834000
0.394328000
0.000490000
0.325935000
0.198390000
0.373649000
0.492518000
0.059361000
0.413005000
0.168149000
0.024249000
0.169785000
0.045426000
0.038707000
0.274097000
0.002412000
0.002273000
0.498960000
0.119441000
0.264807000
3.472839000
0.999100000
7.102229000
0.181888000
0.127612000
0.077742000
0.649239000
0.479527000
0.079064000
0.025850000
1.345621000
1.220596000
1.292992000
1.461050000
2.377170000
0.666862000
0.193455000
0.048733000
0.006254000
0.032942000
0.005930000
0.005868000
0.028081000
0.005912000
0.005682000
0.005916000
0.021929000
0.006142000
0.005920000
0.005916000
0.006166000
0.015994000
0.036863000
1.577996000
0.606869000
2.381613000
0.000379000
2.616656000
2.324131000
0.523074000
4.945203000
4.144676000
0.066253000
0.277131000
2.006969000
0.195522000
0.504018000
0.459078000
0.325674000
0.017946000
0.005469000
0.012210000
0.088610000
0.591318000
0.002438000
0.002325000
0.002441000
0.727047000
1.138009000
0.152564000
1.675078000
0.121511000
0.061083000
0.036558000
0.243754000
0.383681000
0.002343000
0.113445000
0.010075000
0.055934000
2.860351000
0.754948000
0.005362000
0.007884000
0.003883000
0.004136000
0.004407000
0.680895000
0.002564000
0.002365000
0.002513000
0.002432000
0.002610000
0.662364000
0.148656000
0.136972000
0.010514000
0.148370000
0.150563000
0.150035000
0.199061000
0.029789000
0.004225000
0.123468000
0.150995000
0.302127000
0.048400000
0.002750000
0.034006000
0.005390000
0.013964000
0.020081000
0.004158000
0.007883000
0.006795000
0.020839000
0.003165000
0.002481000
0.002946000
0.007435000
0.000678000
0.000627000
0.002148000
0.002723000
0.003344000
0.013702000
0.005307000
0.009593000
0.061351000
0.002974000
0.003802000
0.010736000
0.004387000
0.001714000
0.007952000
0.098194000
0.010452000
0.069277000
0.083480000
0.011582000
0.035564000
0.009013000
0.035973000
0.016581000
0.005845000
0.133170000
0.022882000
0.122373000
0.001219000
0.155098000
0.006355000
0.002433000
0.002609000
0.080056000
0.001166000
0.045371000
0.002973000
0.052472000
0.008525000
0.000486000
0.015257000
0.016114000
0.015474000
0.019088000
0.116992000
0.111446000
0.859337000
0.007101000
0.024645000
0.005588000
0.004898000
0.005267000
0.010970000
0.005205000
0.004423000
0.004670000
0.004981000
0.004240000
0.004194000
0.004743000
0.004736000
0.004433000
0.004276000
0.004245000
0.004185000
0.004102000
0.003914000
0.065412000
0.003175000
0.003022000
0.003130000
0.003200000
0.003044000
0.003299000
0.003254000
0.003689000
0.003234000
0.003482000
0.003168000
0.003373000
0.003342000
0.105548000
0.638705000
0.003119000
0.056289000
1.014622000
0.087871000
0.861151000
0.705389000
0.488735000
0.182391000
1.511574000
1.002586000
0.570844000
0.391403000
0.698807000
0.542365000
0.113628000
0.027773000
0.027183000
0.038376000
0.059651000
0.068929000
0.002498000
0.067890000
0.108955000
0.003619000
0.008389000
0.011095000
0.002469000
0.025430000
0.039589000
3.960578000
0.161047000
0.044118000
0.017006000
0.017593000
0.011211000
0.001149000
0.014188000
0.003906000
0.013498000
0.004330000
0.067627000
0.005160000
0.049333000
0.104926000
0.083474000
0.078604000
0.040853000
0.189832000
0.003013000
0.002959000
0.002852000
0.003045000
0.002998000
0.002886000
0.470050000
2.007037000
0.122404000
0.386100000
0.087965000
0.216077000
1.478633000
2.807755000
0.683902000
1.670279000
2.054133000
0.441992000
0.090869000
1.081143000
0.065056000
1.376714000
0.036481000
0.739326000
0.000329000
1.574791000
7.140190000
0.813579000
2.077491000
0.448193000
1.300822000
0.108935000
0.006641000
0.007383000
0.011566000
0.001937000
0.035005000
0.005435000
0.026157000
0.084517000
0.056442000
0.005196000
0.019956000
0.310829000
0.179261000
0.058049000
0.027483000
0.023862000
0.026110000
0.620041000
0.003056000
0.003096000
0.002990000
1.315757000
2.513064000
0.450338000
0.305600000
1.154042000
1.554307000
0.005963000
0.033044000
0.005898000
0.006152000
0.027362000
0.006231000
0.006412000
0.005898000
0.021662000
0.006364000
0.005907000
0.006157000
0.005906000
0.015548000
0.035883000
0.092249000
0.046036000
0.071918000
0.053283000
0.107374000
0.178968000
0.554635000
3.289722000
0.037915000
0.007813000
0.085812000
0.000585000
0.003124000
0.052206000
0.298870000
0.035889000
0.302636000
0.247596000
0.132337000
0.265025000
3.368173000
0.432612000
0.648019000
1.645831000
2.484326000
4.303092000
0.206933000
0.147593000
0.184339000
0.129016000
2.969731000
0.973505000
3.258149000
1.782330000
0.500620000
3.191173000
0.043838000
2.146010000
0.122795000
0.238922000
1.950403000
0.141749000
0.023388000
0.001913000
0.005143000
0.000605000
0.141891000
0.031947000
0.032567000
0.031317000
0.048029000
0.013454000
0.001985000
0.001087000
0.062469000
0.000476000
0.022436000
0.072841000
0.070474000
0.022758000
0.071571000
0.123667000
0.139891000
0.073170000
0.031430000
0.009775000
0.028144000
0.005230000
0.005050000
0.015953000
0.004490000
0.044237000
0.004675000
0.022788000
0.207804000
0.160482000
0.032095000
0.014798000
0.089692000
0.003254000
0.003285000
0.003239000
0.003404000
0.003221000
0.003412000
0.003731000
0.003248000
0.003131000
0.711175000
0.513682000
0.268041000
0.006090000
0.037301000
0.161611000
1.384948000
3.183146000
0.616325000
0.348712000
0.258895000
2.461126000
0.323059000
0.678567000
0.010561000
0.000687000
0.013626000
0.011998000
0.021961000
0.050447000
0.000635000
0.004178000
0.007731000
0.000457000
0.000677000
0.003357000
0.000289000
0.094289000
0.000514000
0.005951000
0.008129000
0.004708000
0.093336000
0.012229000
0.000474000
0.052078000
0.029521000
0.077139000
0.081333000
0.060666000
0.064164000
0.001175000
0.009933000
0.115186000
0.016548000
0.024570000
0.007810000
0.059607000
0.000469000
0.150401000
0.012698000
0.080606000
0.005550000
0.005820000
0.006028000
0.005308000
0.005023000
0.004855000
0.004724000
0.005354000
0.013655000
0.020504000
0.000661000
0.001078000
0.010806000
0.004595000
0.004055000
0.003936000
0.004224000
0.101653000
0.004071000
0.000273000
0.026675000
0.000281000
0.096217000
0.000448000
0.022551000
0.110085000
0.000538000
0.129753000
0.003412000
0.003654000
0.003294000
0.002895000
0.002888000
0.003369000
0.003640000
0.003472000
0.003589000
0.010926000
0.003718000
0.003679000
0.003923000
0.003745000
0.003847000
0.003731000
0.025854000
0.038505000
0.017060000
0.008351000
0.000285000
0.060431000
0.052909000
0.067417000
0.000458000
0.038547000
0.001887000
0.000625000
0.087362000
0.392207000
0.012332000
0.009021000
0.009184000
0.006305000
0.043513000
0.022203000
0.125890000
0.463266000
0.003849000
0.003897000
0.004574000
0.004068000
0.080429000
0.003999000
0.023403000
0.032813000
0.583105000
0.003976000
0.003685000
0.003969000
0.765907000
0.148747000
0.325843000
0.027042000
2.809856000
0.468136000
0.719732000
1.088452000
0.628444000
0.454107000
0.332378000
0.966574000
0.510977000
1.013637000
0.444918000
0.097119000
0.141907000
0.140452000
0.000514000
0.005621000
1.845423000
0.132366000
0.005781000
0.018275000
0.005969000
0.019857000
0.005509000
0.006060000
0.005419000
0.014526000
0.005420000
0.005684000
0.005894000
0.011614000
0.005896000
0.005430000
0.005655000
0.013310000
0.005658000
0.005907000
0.005421000
0.012073000
0.005403000
0.010112000
0.003415000
0.005709000
0.005945000
0.016033000
0.005396000
0.005412000
0.006150000
0.007876000
0.005698000
0.005408000
0.008377000
0.005116000
0.009414000
0.005691000
0.009797000
0.006716000
0.003848000
0.006957000
0.015529000
0.011094000
0.017087000
0.010828000
0.005592000
0.011338000
0.015489000
0.005193000
0.009884000
0.016017000
0.014038000
0.005339000
0.008649000
0.014112000
0.031987000
0.019364000
2.132470000
0.223613000
0.028946000
0.004040000
0.655134000
0.003708000
0.004070000
1.344967000
1.010175000
0.083555000
0.773928000
4.237501000
2.857196000
0.128480000
0.000549000
0.001578000
0.050414000
0.121993000
0.014423000
0.499671000
0.179340000
0.050179000
0.059757000
0.154687000
0.020968000
0.154450000
0.300338000
0.004165000
3.167613000
2.475701000
1.480017000
0.808629000
0.053566000
0.005961000
0.033552000
0.005872000
0.006159000
0.026880000
0.006206000
0.006418000
0.005917000
0.021674000
0.006319000
0.005917000
0.006168000
0.005907000
0.015045000
0.036377000
0.117737000
0.118412000
0.195120000
0.298414000
0.111157000
1.310248000
0.215791000
0.000961000
0.297628000
0.836557000
3.683683000
0.957974000
0.026640000
0.052381000
0.056545000
0.030958000
0.065609000
0.036397000
0.012004000
0.021937000
0.063711000
0.036912000
0.019955000
0.106932000
0.014104000
0.064362000
0.121092000
0.030470000
0.029645000
0.042885000
0.072990000
0.034896000
0.019814000
0.044845000
0.068955000
0.009669000
0.004817000
0.004905000
0.004679000
0.004792000
0.016393000
0.009890000
0.024907000
0.004196000
0.017222000
0.047304000
0.011801000
0.023851000
0.014985000
0.248603000
0.187405000
0.003935000
0.004239000
0.003853000
0.004095000
0.004195000
0.004338000
0.003955000
0.004199000
0.003987000
0.004131000
0.003966000
0.004440000
0.765236000
0.003982000
0.004831000
0.084775000
0.098096000
0.500074000
0.004359000
0.004152000
0.004339000
1.429005000
0.630883000
0.000079000
0.001739000
0.000042000
0.205230000
3.442714000
1.311466000
0.403569000
0.446453000
2.204586000
0.004893000
1.113484000
2.282772000
1.800132000
0.564449000
0.764803000
0.476890000
0.224143000
0.719004000
1.910275000
2.208654000
0.699421000
0.448885000
1.570228000
0.761324000
0.056691000
0.586897000
3.470482000
1.623300000
0.032017000
0.763539000
0.380862000
5.031617000
0.009611000
0.118990000
1.018455000
0.009082000
0.021855000
0.122939000
0.000669000
0.036980000
0.000515000
0.046347000
0.000528000
0.000961000
0.082153000
0.091936000
0.033655000
0.000591000
0.607281000
0.803984000
0.051643000
0.009207000
0.053049000
0.016628000
0.024404000
0.541827000
0.004575000
0.004272000
0.004484000
0.004408000
0.004633000
0.401646000
4.785450000
0.117010000
1.139538000
1.914160000
1.022061000
0.895555000
0.447933000
0.356982000
1.024322000
0.554009000
0.112587000
0.125154000
0.116652000
0.476503000
0.004557000
0.102317000
0.519974000
0.003542000
0.034144000
0.143052000
0.064347000
0.017540000
0.009245000
0.601423000
0.004681000
0.004360000
0.004607000
0.402097000
0.145640000
0.112327000
0.105589000
0.000283000
0.150337000
0.135918000
0.133903000
0.378127000
0.041286000
0.007142000
0.011067000
0.008765000
0.006211000
0.113827000
0.435538000
0.053112000
0.004425000
0.004763000
0.004352000
0.205914000
2.901675000
0.759582000
5.183249000
0.017331000
0.094848000
0.000467000
1.522315000
0.087468000
0.073825000
0.080670000
0.001954000
0.000465000
0.030954000
0.113134000
0.012792000
0.000441000
0.063247000
0.042009000
0.027009000
0.099579000
0.024997000
0.000569000
0.011425000
0.039728000
0.016558000
0.003178000
0.013950000
0.030473000
0.003918000
0.075468000
0.015635000
0.011539000
0.000498000
0.114893000
0.000591000
0.055669000
0.004935000
0.028859000
0.027010000
0.005165000
0.014780000
0.010958000
0.043579000
0.005626000
0.060439000
0.069953000
0.003947000
0.004122000
0.010634000
0.004585000
0.004672000
0.005847000
0.004680000
0.030599000
0.069096000
0.003916000
0.004844000
0.004484000
0.005927000
0.004173000
0.004297000
0.001084000
0.004852000
0.003556000
0.003823000
0.003756000
0.100562000
0.014038000
0.004966000
0.003576000
0.026937000
0.046486000
0.021951000
0.048074000
0.012032000
0.093340000
0.015480000
0.024874000
0.024770000
0.050455000
0.008698000
0.000564000
0.046682000
0.033805000
0.004919000
0.004633000
0.004592000
0.004679000
0.004784000
0.004727000
0.004736000
0.004869000
0.009877000
0.099521000
0.001104000
0.054743000
0.010574000
0.011124000
0.001431000
0.022440000
0.020059000
0.025571000
0.000278000
0.042558000
0.010588000
0.012543000
0.003503000
0.434191000
0.053422000
0.034914000
0.468039000
0.007828000
0.133271000
0.011414000
0.004830000
0.004860000
0.298541000
0.007504000
0.023217000
0.161829000
0.013544000
0.076223000
0.192857000
0.140126000
0.039552000
0.140894000
0.231087000
0.196372000
0.151431000
0.574216000
0.004950000
0.045532000
1.719515000
1.870179000
0.006482000
0.033019000
0.006651000
0.005404000
0.028101000
0.006390000
0.005911000
0.006148000
0.021453000
0.005957000
0.005640000
0.006397000
0.005905000
0.015520000
0.036926000
1.940621000
1.886535000
0.102497000
0.000078000
0.003355000
0.009850000
0.053705000
0.001491000
0.097371000
1.741257000
0.003931000
0.026599000
0.078296000
0.000980000
0.003959000
0.000282000
0.087007000
0.039995000
0.003915000
0.108510000
0.490221000
0.251173000
0.623468000
0.010193000
0.003887000
0.003829000
0.028518000
0.353582000
0.231080000
0.004744000
0.004758000
0.004876000
0.004738000
0.277799000
0.173648000
0.442595000
0.135541000
1.368339000
2.337228000
