#Exponential aproximation (linear regression) vs Original set
#ExpLr(x), ExpLr(CDF) 
1e-08,1.791147985485964e-08
1.020960662306048e-08,1.828691631455825e-08
1.042360673976401e-08,1.867022214607772e-08
1.064209244064725e-08,1.906156232855949e-08
1.086515774652537e-08,1.94611053938587e-08
1.109289864895223e-08,1.986902298245496e-08
1.132541315152813e-08,2.028549084265308e-08
1.156280131207375e-08,2.071068816444921e-08
1.180516528568806e-08,2.114479791259782e-08
1.205260936870841e-08,2.158800693763396e-08
1.230524004359262e-08,2.204050586485096e-08
1.256316602474122e-08,2.250248942736732e-08
1.28264983052806e-08,2.297415646612677e-08
1.309535020482668e-08,2.345571004092051e-08
1.336983741824945e-08,2.394735720834262e-08
1.365007806546014e-08,2.444930968792391e-08
1.393619274224144e-08,2.496178341804267e-08
1.422830457214352e-08,2.548499888899158e-08
1.452653925946781e-08,2.601918136502235e-08
1.483102514336103e-08,2.656456066230106e-08
1.514189325304352e-08,2.712137137095283e-08
1.545927736419478e-08,2.768985329915097e-08
1.578331405652117e-08,2.82702509180055e-08
1.61141427725302e-08,2.886281413871927e-08
1.645190587753661e-08,2.946779786849874e-08
1.679674872092653e-08,3.008546234362086e-08
1.714881969870541e-08,3.071607357352235e-08
1.750827031735723e-08,3.135990278568812e-08
1.787525525904235e-08,3.201722709178512e-08
1.824993244816151e-08,3.268832937664001e-08
1.86324631193156e-08,3.337349840926152e-08
1.902301188668946e-08,3.407302906488496e-08
1.942174681489025e-08,3.478722232497233e-08
1.982883949127072e-08,3.551638549925684e-08
2.024446509976802e-08,3.626083244778755e-08
2.066880249629082e-08,3.702088346990706e-08
2.110203428568597e-08,3.779686574834074e-08
2.154434690031882e-08,3.858911301612977e-08
2.199593068030075e-08,3.939796644480964e-08
2.245697995539776e-08,4.022377386725395e-08
2.292769312865649e-08,4.10668907768752e-08
2.340827276178294e-08,4.192767999455782e-08
2.389892566231048e-08,4.280651189070284e-08
2.43998629725955e-08,4.370376471829474e-08
2.491130026067791e-08,4.461982461290148e-08
2.543345761304648e-08,4.555508559267452e-08
2.596655972934873e-08,4.650995033550487e-08
2.651083601908536e-08,4.748482973493395e-08
2.706652070033241e-08,4.848014312219817e-08
2.763385290053173e-08,4.949631904338503e-08
2.821307675939471e-08,5.053379470432162e-08
2.880444153396298e-08,5.159301641466385e-08
2.940820170587061e-08,5.267444025403023e-08
3.002461709085549e-08,5.377853129484578e-08
3.06539529505653e-08,5.490576493460964e-08
3.12964801067075e-08,5.605662611873896e-08
3.195247505759214e-08,5.723161011772504e-08
3.262222009711667e-08,5.843122252713329e-08
3.330600343624589e-08,5.965597960067015e-08
3.40041193270371e-08,6.090640836120542e-08
3.471686818926559e-08,6.218304704486144e-08
3.544455673970436e-08,6.348644476794618e-08
3.618749812411276e-08,6.48171626371763e-08
3.694601205199302e-08,6.617577330558788e-08
3.772042493417001e-08,6.756286130560341e-08
3.851107002325569e-08,6.897902360414321e-08
3.93182875570577e-08,7.04248694916032e-08
4.014242490499318e-08,7.1901021359011e-08
4.098383671757262e-08,7.340811436495898e-08
4.184288507901584e-08,7.494679699071582e-08
4.271993966306777e-08,7.651773148431573e-08
4.361537789208006e-08,7.812159374953609e-08
4.45295850994266e-08,7.975907401203131e-08
4.546295469532399e-08,8.143087693035511e-08
4.641588833612782e-08,8.313772192902746e-08
4.738879609717651e-08,8.488034364262376e-08
4.838209664925958e-08,8.665949180475252e-08
4.939621743878326e-08,8.847593202521153e-08
5.043159487171359e-08,9.033044612305474e-08
5.148867450137498e-08,9.222383201556994e-08
5.256791122018419e-08,9.41569044954349e-08
5.366976945540476e-08,9.613049545276198e-08
5.479472336900293e-08,9.814545420816501e-08
5.594325706169378e-08,1.002026478458262e-07
5.711586478126435e-08,1.023029615465632e-07
5.831305113526219e-08,1.044472992539625e-07
5.95353313081437e-08,1.066365837854022e-07
6.078323128297236e-08,1.088717570540965e-07
6.2057288067765e-08,1.111537810682961e-07
6.335804992658255e-08,1.134836378202664e-07
6.46860766154632e-08,1.158623298413985e-07
6.604193962330306e-08,1.182908808683436e-07
6.742622241778349e-08,1.207703359540346e-07
6.883952069645497e-08,1.233017620227983e-07
7.028244264308353e-08,1.258862484254664e-07
7.175560918936921e-08,1.285249073834649e-07
7.32596542821523e-08,1.312188744329035e-07
7.479522515621828e-08,1.339693087576421e-07
7.636298261282242e-08,1.367773940774697e-07
7.796360130405237e-08,1.396443385370816e-07
7.959777002314978e-08,1.42571376260392e-07
8.126619200091946e-08,1.455597664623554e-07
8.296958520834915e-08,1.486107953363458e-07
8.470868266557402e-08,1.517257758321122e-07
8.648423275731727e-08,1.549060483219122e-07
8.829699955494083e-08,1.581529813776683e-07
9.014776314524918e-08,1.614679724371015e-07
9.20373199661823e-08,1.648524478037316e-07
9.396648314954691e-08,1.683078639791447e-07
9.593608287093146e-08,1.718357079960597e-07
9.794696670695386e-08,1.754374978624185e-07
1e-07,1.791147836716078e-07
1.020960662306048e-07,1.828691478245048e-07
1.042360673976401e-07,1.867022059176549e-07
1.064209244064725e-07,1.906156074094056e-07
1.086515774652537e-07,1.946110363970632e-07
1.109289864895223e-07,1.986902122830259e-07
1.132541315152813e-07,2.028548903298955e-07
1.156280131207375e-07,2.071068626596784e-07
1.180516528568806e-07,2.114479592529861e-07
1.205260936870841e-07,2.158800480600576e-07
1.230524004359261e-07,2.204050363330268e-07
1.256316602474121e-07,2.250248712920566e-07
1.28264983052806e-07,2.297415411245396e-07
1.309535020482668e-07,2.34557075429187e-07
1.336983741824945e-07,2.394735464372744e-07
1.365007806546014e-07,2.44493070011842e-07
1.393619274224144e-07,2.496178060917842e-07
1.422830457214352e-07,2.548499599130949e-07
1.452653925946781e-07,2.601917832301126e-07
1.483102514336103e-07,2.656455745375652e-07
1.514189325304352e-07,2.712136809579491e-07
1.545927736419479e-07,2.768984985745959e-07
1.578331405652117e-07,2.827024736529182e-07
1.61141427725302e-07,2.886281038616545e-07
1.645190587753661e-07,2.9467793927207e-07
1.679674872092653e-07,3.008545830240905e-07
1.714881969870541e-07,3.071606934357263e-07
1.750827031735723e-07,3.135989840030717e-07
1.787525525904236e-07,3.201722252876849e-07
1.824993244816151e-07,3.268832461378324e-07
1.86324631193156e-07,3.337349343546236e-07
1.902301188668946e-07,3.407302383573452e-07
1.942174681489024e-07,3.478721686267505e-07
1.982883949127071e-07,3.551637983711942e-07
2.024446509976802e-07,3.626082654140106e-07
2.066880249629082e-07,3.702087734147597e-07
2.110203428568597e-07,3.779685930904719e-07
2.154434690031882e-07,3.858910635479162e-07
2.199593068030075e-07,3.939795942820012e-07
2.245697995539772e-07,4.022376658419091e-07
2.292769312865649e-07,4.106688319405194e-07
2.340827276178294e-07,4.192767208976989e-07
2.389892566231048e-07,4.280650367505245e-07
2.43998629725955e-07,4.370375614737299e-07
2.491130026067786e-07,4.461981562009498e-07
2.543345761304648e-07,4.555507628900557e-07
2.596655972934872e-07,4.650994064325786e-07
2.651083601908536e-07,4.748481956529105e-07
2.706652070033241e-07,4.84801325972839e-07
2.763385290053167e-07,4.949630802997262e-07
2.82130767593947e-07,5.05337831691044e-07
2.880444153396298e-07,5.159300445756188e-07
2.940820170587061e-07,5.267442771961228e-07
3.002461709085549e-07,5.377851831633862e-07
3.065395295056524e-07,5.490575136768427e-07
3.12964801067075e-07,5.605661195229317e-07
3.195247505759214e-07,5.723159532955435e-07
3.262222009711673e-07,5.843120712833993e-07
3.330600343624589e-07,5.965596355794744e-07
3.400411932703703e-07,6.090639168565559e-07
3.471686818926559e-07,6.218302959215549e-07
3.544455673970435e-07,6.348642667131088e-07
3.618749812411284e-07,6.481714378558934e-07
3.694601205199302e-07,6.617575359912919e-07
3.772042493416994e-07,6.756284075537522e-07
3.851107002325569e-07,6.897900215463437e-07
3.93182875570577e-07,7.042484722052933e-07
4.014242490499326e-07,7.190099812204309e-07
4.098383671757261e-07,7.340809011768812e-07
4.184288507901585e-07,7.494677172203978e-07
4.271993966306776e-07,7.651770509431444e-07
4.361537789208006e-07,7.812156624931177e-07
4.45295850994266e-07,7.975904536827727e-07
4.5462954695324e-07,8.143084709866244e-07
4.641588833612782e-07,8.313769087608947e-07
4.738879609717651e-07,8.488031120190698e-07
4.838209664925957e-07,8.665945796515473e-07
4.939621743878326e-07,8.847589679783496e-07
5.043159487171359e-07,9.03304093635704e-07
5.148867450137498e-07,9.222379369067113e-07
5.25679112201842e-07,9.415686458291717e-07
5.366976945540476e-07,9.61304538749097e-07
5.479472336900293e-07,9.814541086505812e-07
5.594325706169378e-07,1.002026026486469e-06
5.711586478126435e-07,1.023029144842091e-06
5.831305113526218e-07,1.044472502154115e-06
5.95353313081437e-07,1.066365325819163e-06
6.078323128297237e-07,1.088717037189824e-06
6.205728806776501e-07,1.11153725468327e-06
6.335804992658255e-07,1.1348357984442e-06
6.468607661546321e-07,1.158622694674705e-06
6.604193962330305e-07,1.182908179298003e-06
6.742622241778349e-07,1.207702703287516e-06
6.883952069645496e-07,1.233016936108555e-06
7.028244264308353e-07,1.258861771491482e-06
7.175560918936921e-07,1.285248330984423e-06
7.32596542821523e-07,1.312187969615408e-06
7.479522515621828e-07,1.339692280111215e-06
7.636298261282241e-07,1.367773098337466e-06
7.796360130405236e-07,1.396442508405649e-06
7.959777002314978e-07,1.425712847336058e-06
8.126619200091945e-07,1.45559671116402e-06
8.296958520834915e-07,1.486106959602829e-06
8.470868266557403e-07,1.517256722038951e-06
8.648423275731727e-07,1.549059403194164e-06
8.829699955494083e-07,1.581528688565648e-06
9.014776314524917e-07,1.614678550643234e-06
9.20373199661823e-07,1.648523254571543e-06
9.396648314954691e-07,1.683077364700303e-06
9.593608287093148e-07,1.71835575069057e-06
9.794696670695385e-07,1.754373593731984e-06
1e-06,1.791146393204102e-06
1.020960662306047e-06,1.828689973559783e-06
1.042360673976401e-06,1.867020490764482e-06
1.064209244064725e-06,1.906154439512697e-06
1.086515774652537e-06,1.946108660111356e-06
1.109289864895223e-06,1.98690034602933e-06
1.132541315152813e-06,2.02854705100286e-06
1.156280131207375e-06,2.0710666966961e-06
1.180516528568805e-06,2.114477580472673e-06
1.205260936870841e-06,2.158798383167237e-06
1.230524004359262e-06,2.20404817719011e-06
1.256316602474121e-06,2.25024643474292e-06
1.28264983052806e-06,2.297413036145279e-06
1.309535020482668e-06,2.345568278494525e-06
1.336983741824945e-06,2.394732884214434e-06
1.365007806546014e-06,2.444928010159053e-06
1.393619274224143e-06,2.496175256605504e-06
1.422830457214352e-06,2.548496676579859e-06
1.452653925946781e-06,2.601914785294035e-06
1.483102514336103e-06,2.656452570026779e-06
1.514189325304352e-06,2.71213349978261e-06
1.545927736419479e-06,2.768981535505866e-06
1.57833140565212e-06,2.827021140294761e-06
1.61141427725302e-06,2.886277290281569e-06
1.645190587753661e-06,2.946775484735653e-06
1.679674872092653e-06,3.008541757609784e-06
1.714881969870541e-06,3.071602688642372e-06
1.750827031735727e-06,3.135985414348674e-06
1.787525525904235e-06,3.20171764034427e-06
1.82499324481615e-06,3.268827653002404e-06
1.86324631193156e-06,3.337344331222347e-06
1.902301188668946e-06,3.407297159530032e-06
1.942174681489028e-06,3.478716240401525e-06
1.982883949127071e-06,3.551632307363661e-06
2.024446509976802e-06,3.626076737761608e-06
2.066880249629082e-06,3.702081567080739e-06
2.110203428568597e-06,3.779679502047273e-06
2.154434690031886e-06,3.85890393483912e-06
2.199593068030075e-06,3.939788957740831e-06
2.245697995539772e-06,4.022369377576496e-06
2.292769312865649e-06,4.106680730586731e-06
2.340827276178294e-06,4.192759298193849e-06
2.389892566231052e-06,4.280642121878842e-06
2.43998629725955e-06,4.370367019723709e-06
2.491130026067786e-06,4.461972602620712e-06
2.543345761304648e-06,4.555498290592652e-06
2.596655972934872e-06,4.650984329779284e-06
2.651083601908542e-06,4.748471810311905e-06
2.706652070033241e-06,4.848002683077723e-06
2.763385290053167e-06,4.949619778704673e-06
2.821307675939471e-06,5.053366825324979e-06
2.880444153396298e-06,5.159288467559975e-06
2.940820170587067e-06,5.267430286060026e-06
3.002461709085549e-06,5.377838816600367e-06
3.065395295056524e-06,5.4905615705092e-06
3.129648010670751e-06,5.605647054984786e-06
3.195247505759214e-06,5.72314479363456e-06
3.262222009711673e-06,5.843105348457556e-06
3.330600343624589e-06,5.965580341271703e-06
3.400411932703702e-06,6.090622475363183e-06
3.47168681892656e-06,6.21828555946724e-06
3.544455673970436e-06,6.348624529417535e-06
3.618749812411284e-06,6.481695473015137e-06
3.694601205199302e-06,6.617555653454232e-06
3.772042493416993e-06,6.756263534302143e-06
3.851107002325569e-06,6.897878804257296e-06
3.93182875570577e-06,7.042462403350491e-06
4.014242490499326e-06,7.190076548924118e-06
4.098383671757261e-06,7.340784762277508e-06
4.184288507901576e-06,7.494651896089444e-06
4.271993966306777e-06,7.651744162617824e-06
4.361537789208005e-06,7.812129161566261e-06
4.45295850994266e-06,7.975875909727037e-06
4.5462954695324e-06,8.143054870624056e-06
4.641588833612773e-06,8.313737984377845e-06
4.738879609717651e-06,8.487998699235888e-06
4.838209664925957e-06,8.665912002769893e-06
4.939621743878326e-06,8.847554454294304e-06
5.043159487171359e-06,9.033004217839924e-06
5.148867450137487e-06,9.222341095793674e-06
5.25679112201842e-06,9.41564656309346e-06
5.366976945540476e-06,9.613003802422249e-06
5.479472336900293e-06,9.814497740179284e-06
5.594325706169378e-06,1.00202150823403e-05
5.711586478126423e-06,1.023024435253816e-05
5.831305113526219e-06,1.044467592981047e-05
5.95353313081437e-06,1.066360208767936e-05
6.078323128297237e-06,1.088711703323142e-05
6.205728806776501e-06,1.111531694863999e-05
6.335804992658241e-06,1.134830003157727e-05
6.468607661546321e-06,1.158616653829103e-05
6.604193962330305e-06,1.182901882612608e-05
6.742622241778349e-06,1.207696139793324e-05
6.883952069645496e-06,1.233010094692233e-05
7.028244264308338e-06,1.258854640229234e-05
7.175560918936921e-06,1.2852408976749e-05
7.32596542821523e-06,1.312180221357817e-05
7.479522515621829e-06,1.339684203627289e-05
7.636298261282242e-06,1.367764679782724e-05
7.796360130405221e-06,1.396433733169555e-05
7.959777002314978e-06,1.425703700430603e-05
8.126619200091945e-06,1.455587176757422e-05
8.296958520834915e-06,1.486097021319299e-05
8.470868266557402e-06,1.517246362825464e-05
8.648423275731709e-06,1.549048605153924e-05
8.829699955494083e-06,1.58151743310242e-05
9.014776314524917e-06,1.614666818317012e-05
9.20373199661823e-06,1.648511025276189e-05
9.396648314954691e-06,1.68306461739709e-05
9.593608287093147e-06,1.718342463374878e-05
9.794696670695386e-06,1.75435974354432e-05
1e-05,1.79113195636349e-05
1.020960662306048e-05,1.828674925175022e-05
1.042360673976401e-05,1.867004804934069e-05
1.064209244064725e-05,1.9061380891916e-05
1.086515774652537e-05,1.946091617222034e-05
1.109289864895223e-05,1.986882581184179e-05
1.132541315152813e-05,2.028528533604135e-05
1.156280131207375e-05,2.071047394869296e-05
1.180516528568806e-05,2.114457460988817e-05
1.205260936870841e-05,2.158777411387369e-05
1.230524004359262e-05,2.204026317054186e-05
1.256316602474121e-05,2.25022364861438e-05
1.28264983052806e-05,2.297389284822149e-05
1.309535020482668e-05,2.345543521053983e-05
1.336983741824945e-05,2.394707078057223e-05
1.365007806546014e-05,2.444901110831843e-05
1.393619274224143e-05,2.496147217778688e-05
1.422830457214352e-05,2.54846744998094e-05
1.452653925946781e-05,2.601884320663217e-05
1.483102514336103e-05,2.656420814894922e-05
1.514189325304352e-05,2.712100399482331e-05
1.545927736419479e-05,2.768947033049418e-05
1.578331405652116e-05,2.826985176362928e-05
1.61141427725302e-05,2.886239802857293e-05
1.645190587753661e-05,2.946736409337181e-05
1.679674872092653e-05,3.008501027002008e-05
1.714881969870541e-05,3.071560232603687e-05
1.750827031735727e-05,3.135941159893019e-05
1.787525525904236e-05,3.20167151128814e-05
1.82499324481615e-05,3.268779569820524e-05
1.86324631193156e-05,3.337294211236408e-05
1.902301188668946e-05,3.407244916475705e-05
1.942174681489028e-05,3.478661784361847e-05
1.982883949127071e-05,3.551575544469276e-05
2.024446509976802e-05,3.626017570423912e-05
2.066880249629082e-05,3.702019893381259e-05
2.110203428568597e-05,3.779615215770971e-05
2.154434690031887e-05,3.858836925385578e-05
2.199593068030075e-05,3.939719109757878e-05
2.245697995539772e-05,4.022296570782569e-05
2.292769312865649e-05,4.106604839737571e-05
2.340827276178294e-05,4.192680192516285e-05
2.389892566231053e-05,4.280559665248429e-05
2.43998629725955e-05,4.370281070265047e-05
2.491130026067786e-05,4.461883012296664e-05
2.543345761304648e-05,4.555404905137728e-05
2.596655972934872e-05,4.650886988555314e-05
2.651083601908542e-05,4.748370345619701e-05
2.706652070033241e-05,4.847896920368022e-05
2.763385290053167e-05,4.949509535845387e-05
2.821307675939471e-05,5.05325191251238e-05
2.880444153396298e-05,5.159168687074445e-05
2.940820170587067e-05,5.267305431633229e-05
3.002461709085549e-05,5.377708673326431e-05
3.065395295056524e-05,5.490425914345121e-05
3.12964801067075e-05,5.605505652295228e-05
3.195247505759214e-05,5.722997401147456e-05
3.262222009711673e-05,5.842951712442535e-05
3.330600343624589e-05,5.965420197096005e-05
3.400411932703703e-05,6.090455547558271e-05
3.471686818926559e-05,6.218111560485351e-05
3.544455673970435e-05,6.348443159853723e-05
3.618749812411284e-05,6.481506420608074e-05
3.694601205199302e-05,6.617358592764244e-05
3.772042493416993e-05,6.756058126011766e-05
3.851107002325569e-05,6.897664694860417e-05
3.93182875570577e-05,7.042239224286373e-05
4.014242490499326e-05,7.189843915955674e-05
4.098383671757261e-05,7.34054227493619e-05
4.184288507901576e-05,7.494399137020213e-05
4.271993966306776e-05,7.651480696613255e-05
4.361537789208006e-05,7.811854535144658e-05
4.45295850994266e-05,7.975589650177639e-05
4.5462954695324e-05,8.142756485074454e-05
4.641588833612772e-05,8.313426959227765e-05
4.738879609717651e-05,8.487674499024767e-05
4.838209664925957e-05,8.665574069399717e-05
4.939621743878326e-05,8.84720220606372e-05
5.043159487171359e-05,9.032637048400627e-05
5.148867450137487e-05,9.221958373073491e-05
5.256791122018419e-05,9.41524762828605e-05
5.366976945540476e-05,9.612587968832464e-05
5.479472336900293e-05,9.814064291824298e-05
5.594325706169377e-05,0.0001001976327316134
5.711586478126424e-05,0.0001022977340482401
5.831305113526218e-05,0.0001044418503288735
5.95353313081437e-05,0.0001066309039635671
6.078323128297237e-05,0.0001088658366680262
6.2057288067765e-05,0.0001111476098885067
6.335804992658241e-05,0.0001134772052151511
6.468607661546321e-05,0.0001158556248032072
6.604193962330305e-05,0.0001182838918043494
6.742622241778349e-05,0.0001207630508063273
6.883952069645496e-05,0.0001232941682813848
7.028244264308338e-05,0.0001258783330447821
7.175560918936922e-05,0.0001285166567230878
7.32596542821523e-05,0.0001312102742309085
7.479522515621829e-05,0.0001339603442594983
7.636298261282242e-05,0.0001367680497740276
7.79636013040522e-05,0.0001396345985216207
7.959777002314978e-05,0.0001425612235511631
8.126619200091945e-05,0.0001455491837420997
8.296958520834916e-05,0.0001485997643457804
8.470868266557403e-05,0.0001517142775371294
8.648423275731709e-05,0.0001548940629789719
8.829699955494083e-05,0.0001581404883970183
9.014776314524917e-05,0.0001614549501671725
9.203731996618231e-05,0.0001648388739160511
9.39664831495469e-05,0.0001682937151324948
9.593608287093147e-05,0.0001718209597930676
9.794696670695385e-05,0.0001754221250004351
0.0001,0.0001790987596341775
0.0001020960662306048,0.0001828524450170343
0.0001042360673976401,0.0001866847955925843
0.0001064209244064725,0.0001905974596198012
0.0001086515774652537,0.0001945921198798217
0.0001109289864895223,0.0001986704943988116
0.0001132541315152813,0.0002028343371859309
0.0001156280131207375,0.0002070854389853993
0.0001180516528568806,0.0002114256280463245
0.0001205260936870841,0.0002158567709068526
0.0001230524004359262,0.0002203807731956386
0.0001256316602474122,0.0002249995804494143
0.000128264983052806,0.0002297151789486529
0.0001309535020482668,0.0002345295965695549
0.0001336983741824945,0.0002394449036544621
0.0001365007806546014,0.0002444632139002589
0.0001393619274224143,0.0002495866852654238
0.0001422830457214352,0.0002548175208961778
0.0001452653925946781,0.0002601579700710621
0.0001483102514336103,0.0002656103291668321
0.0001514189325304352,0.0002711769426430033
0.0001545927736419478,0.0002768602040477131
0.0001578331405652116,0.0002826625570443442
0.000161141427725302,0.0002885864964597973
0.0001645190587753661,0.0002946345693546348
0.0001679674872092653,0.0003008093761147634
0.0001714881969870541,0.000307113571567208
0.0001750827031735723,0.0003135498661180902
0.0001787525525904235,0.0003201210269150323
0.0001824993244816151,0.000326829879033208
0.000186324631193156,0.0003336793066863741
0.0001902301188668946,0.0003406722544638807
0.0001942174681489025,0.0003478117285917737
0.0001982883949127071,0.0003551007982222076
0.0002024446509976802,0.0003625425967478391
0.0002066880249629082,0.0003701403231453071
0.0002110203428568597,0.0003778972433453598
0.0002154434690031882,0.0003858166916325123
0.0002199593068030075,0.0003939020720730158
0.0002245697995539772,0.0004021568599734682
0.0002292769312865649,0.0004105846033688465
0.0002340827276178294,0.0004191889245424019
0.0002389892566231048,0.0004279735215767522
0.000243998629725955,0.0004369421699372822
0.0002491130026067791,0.0004460987240886283
0.0002543345761304648,0.0004554471191446918
0.0002596655972934873,0.0004649913725528476
0.0002651083601908536,0.0004747355858141233
0.0002706652070033241,0.000484683946237574
0.0002763385290053172,0.0004948407287325152
0.0002821307675939471,0.0005052102976375039
0.0002880444153396298,0.0005157971085872903
0.000294082017058706,0.0005266057104187372
0.0003002461709085549,0.0005376407471162636
0.000306539529505653,0.0005489069597980345
0.000312964801067075,0.0005604091887426721
0.0003195247505759214,0.0005721523754590452
0.0003262222009711667,0.0005841415647982462
0.0003330600343624589,0.0005963819071100884
0.000340041193270371,0.0006088786604436791
0.000347168681892656,0.0006216371927945108
0.0003544455673970436,0.0006346629843971829
0.0003618749812411277,0.0006479616300669733
0.0003694601205199302,0.0006615388415887047
0.0003772042493417001,0.0006754004501557942
0.0003851107002325569,0.0006895524088602611
0.000393182875570577,0.0007040007952335836
0.0004014242490499318,0.0007187518138408455
0.0004098383671757261,0.0007338117989279525
0.0004184288507901585,0.0007491872171245806
0.0004271993966306776,0.0007648846702026368
0.0004361537789208006,0.0007809108978916735
0.0004452958509942651,0.0007972727807528113
0.0004546295469532399,0.0008139773431123931
0.0004641588833612782,0.0008310317560557001
0.0004738879609717651,0.0008484433404836178
0.0004838209664925957,0.0008662195702312525
0.0004939621743878316,0.0008843680752519401
0.0005043159487171359,0.0009028966448668685
0.0005148867450137498,0.0009218132310818694
0.0005256791122018419,0.0009411259519723769
0.0005366976945540476,0.0009608430951385527
0.0005479472336900282,0.0009809731212323536
0.0005594325706169377,0.001001524667555764
0.0005711586478126435,0.001022506551735303
0.0005831305113526219,0.001043927775470688
0.000595353313081437,0.001065797528361667
0.0006078323128297224,0.001088125191813005
0.0006205728806776501,0.001110920343021404
0.0006335804992658254,0.00113419275904203
0.0006468607661546321,0.001157952420941855
0.0006604193962330305,0.001182209518035271
0.0006742622241778335,0.00120697445220963
0.0006883952069645496,0.001232257842338047
0.0007028244264308353,0.001258070528783128
0.0007175560918936921,0.001284423577993854
0.000732596542821523,0.001311328287196489
0.0007479522515621828,0.001338796189181535
0.0007636298261282241,0.001366839057189262
0.0007796360130405237,0.001395468909895503
0.0007959777002314978,0.001424698016499248
0.0008126619200091946,0.001454538901914826
0.0008296958520834915,0.001485004352070329
0.0008470868266557402,0.001516107419314849
0.0008648423275731727,0.001547861427934949
0.0008829699955494083,0.001580279979786381
0.0009014776314524918,0.001613376960038382
0.000920373199661823,0.00164716654303676
0.000939664831495469,0.001681663198286665
0.0009593608287093146,0.001716881696556594
0.0009794696670695387,0.001752837116107853
0.001,0.00178954484905014
0.001020960662306047,0.001827020607826912
0.001042360673976401,0.001865280431833316
0.001064209244064725,0.001904340694167228
0.001086515774652537,0.001944218108519746
0.001109289864895223,0.001984929736203123
0.001132541315152813,0.002026492993323692
0.001156280131207375,0.002068925658098797
0.001180516528568806,0.002112245878322594
0.001205260936870841,0.00215647217898296
0.001230524004359262,0.002201623470033054
0.001256316602474122,0.002247719054319197
0.00128264983052806,0.002294778635669625
0.001309535020482668,0.002342822327146887
0.001336983741824945,0.002391870659465445
0.001365007806546014,0.002441944589580691
0.001393619274224143,0.002493065509449943
0.001422830457214352,0.002545255254969736
0.001452653925946781,0.002598536115093197
0.001483102514336103,0.002652930841130829
0.001514189325304352,0.002708462656237476
0.001545927736419478,0.002765155265089358
0.001578331405652117,0.002823032863755848
0.00161141427725302,0.002882120149768186
0.001645190587753661,0.002942442332389161
0.001679674872092653,0.003004025143089173
0.001714881969870541,0.003066894846229684
0.001750827031735723,0.003131078249960728
0.001787525525904235,0.003196602717335018
0.00182499324481615,0.003263496177642877
0.00186324631193156,0.003331787137972664
0.001902301188668946,0.003401504695000002
0.001942174681489024,0.003472678547010943
0.001982883949127072,0.00354533900616294
0.002024446509976802,0.003619517010988504
0.002066880249629082,0.003695244139144238
0.002110203428568597,0.003772552620413316
0.002154434690031882,0.003851475349961775
0.002199593068030075,0.003932045901856807
0.002245697995539772,0.004014298542849404
0.002292769312865649,0.004098268246427783
0.002340827276178294,0.004183990707145147
0.002389892566231048,0.004271502355227774
0.00243998629725955,0.004360840371467889
0.002491130026067791,0.004452042702406511
0.002543345761304648,0.004545148075811523
0.002596655972934872,0.004640196016455711
0.002651083601908536,0.004737226862201016
0.002706652070033241,0.004836281780393414
0.002763385290053173,0.004937402784574663
0.002821307675939471,0.005040632751514895
0.002880444153396298,0.005146015438574181
0.002940820170587061,0.005253595501395925
0.003002461709085549,0.00536341851194011
0.00306539529505653,0.005475530976859933
0.00312964801067075,0.00558998035623004
0.003195247505759214,0.005706815082630046
0.003262222009711667,0.005826084580591195
0.003330600343624588,0.005947839286410406
0.00340041193270371,0.006072130668339226
0.003471686818926559,0.006199011247153052
0.003544455673970436,0.006328534617106807
0.003618749812411277,0.006460755467284085
0.003694601205199302,0.00659572960334498
0.003772042493417001,0.006733513969679472
0.003851107002325569,0.00687416667197327
0.003931828755705771,0.007017747000191754
0.004014242490499318,0.007164315451988479
0.004098383671757262,0.007313933756546098
0.004184288507901585,0.007466664898854058
0.004271993966306777,0.007622573144432487
0.004361537789208006,0.007781724064506168
0.004452958509942651,0.007944184561636702
0.0045462954695324,0.00811002289582019
0.004641588833612782,0.0082793087110552
0.004738879609717651,0.00845211306238991
0.004838209664925958,0.008628508443453864
0.004939621743878316,0.008808568814480666
0.005043159487171359,0.008992369630830721
0.005148867450137497,0.009179987872017903
0.005256791122018419,0.009371502071248705
0.005366976945540477,0.009566992345480085
0.005479472336900281,0.009766540426003001
0.005594325706169377,0.009970229689557852
0.005711586478126435,0.01017814518998883
0.005831305113526219,0.01039037369044349
0.00595353313081437,0.01060700369612499
0.006078323128297224,0.01082812548760204
0.0062057288067765,0.01105383115468417
0.006335804992658254,0.01128421463086826
0.006468607661546321,0.01151937172836281
0.006604193962330305,0.01175940017369548
0.006742622241778335,0.01200439964391087
0.006883952069645496,0.01225447180336336
0.007028244264308352,0.01250972034111253
0.007175560918936921,0.01277025100892426
0.00732596542821523,0.01303617165988613
0.007479522515621813,0.01330759228763911
0.007636298261282242,0.01358462506623348
0.007796360130405237,0.01386738439061186
0.007959777002314978,0.01415598691772602
0.008126619200091946,0.01445055160828912
0.008296958520834915,0.01475119976917083
0.008470868266557402,0.01505805509643665
0.008648423275731726,0.01537124371903631
0.008829699955494083,0.01569089424314407
0.009014776314524917,0.0160171377971543
0.00920373199661823,0.01635010807733417
0.009396648314954691,0.01668994139413693
0.009593608287093146,0.01703677671917569
0.009794696670695385,0.01739075573286075
0.01,0.01775202287270095
0.01020960662306048,0.01812072538226817
0.01042360673976401,0.01849701336082676
0.01064209244064725,0.01888103981362588
0.01086515774652537,0.01927296070285367
0.01109289864895223,0.01967293499925193
0.01132541315152813,0.02008112473438806
0.01156280131207375,0.02049769505358068
0.01180516528568806,0.02092281426947706
0.01205260936870841,0.02135665391627384
0.01230524004359262,0.0217993888045801
0.01256316602474121,0.02225119707691126
0.0128264983052806,0.02271226026381123
0.01309535020482668,0.02318276334059166
0.01336983741824945,0.02366289478467887
0.01365007806546014,0.02415284663356054
0.01393619274224144,0.0246528145433178
0.01422830457214352,0.02516299784773202
0.01452653925946781,0.02568359961795263
0.01483102514336103,0.02621482672270858
0.01514189325304352,0.02675688988905045
0.01545927736419479,0.02731000376360238
0.01578331405652117,0.02787438697430689
0.0161141427725302,0.02845026219263946
0.01645190587753661,0.0290378561962733
0.01679674872092653,0.02963739993216719
0.01714881969870541,0.03024912858005324
0.01750827031735723,0.0308732816162951
0.01787525525904235,0.0315101028780882
0.0182499324481615,0.03215984062796962
0.0186324631193156,0.03282274761860482
0.01902301188668946,0.0334990811578143
0.01942174681489025,0.03418910317380364
0.01982883949127071,0.03489308028055504
0.02024446509976802,0.03561128384333812
0.02066880249629082,0.03634399004429478
0.02110203428568597,0.03709147994804929
0.02154434690031882,0.03785403956729316
0.02199593068030075,0.03863195992829138
0.02245697995539772,0.03942553713625196
0.02292769312865649,0.04023507244049995
0.02340827276178294,0.04106087229939248
0.02389892566231048,0.04190324844490756
0.0243998629725955,0.04276251794683783
0.02491130026067786,0.04363900327651393
0.02543345761304648,0.0445330323699813
0.02596655972934872,0.04544493869054755
0.02651083601908536,0.04637506129061642
0.02706652070033241,0.04732374487271773
0.02763385290053173,0.04829133984963807
0.02821307675939471,0.04927820240355507
0.02880444153396298,0.05028469454407258
0.02940820170587061,0.05131118416504421
0.03002461709085549,0.05235804510007824
0.0306539529505653,0.05342565717659886
0.03129648010670751,0.05451440626834492
0.03195247505759213,0.05562468434617396
0.03262222009711666,0.05675688952703639
0.03330600343624589,0.05791142612097988
0.0340041193270371,0.059088704676035
0.03471686818926559,0.06028914202083036
0.03544455673970436,0.06151316130477524
0.03618749812411277,0.06276119203564301
0.03694601205199302,0.06403367011438377
0.03772042493417001,0.0653310378669818
0.03851107002325569,0.06665374407317148
0.0393182875570577,0.06800224399181776
0.04014242490499318,0.06937699938275177
0.04098383671757262,0.07077847852485741
0.04184288507901585,0.07220715623018326
0.04271993966306777,0.07366351385385483
0.04361537789208006,0.0751480392995505
0.04452958509942651,0.0766612270202931
0.04546295469532399,0.07820357801430711
0.04641588833612782,0.07977559981567217
0.04738879609717651,0.08137780647950588
0.04838209664925957,0.08301071856138897
0.04939621743878315,0.08467486309074079
0.05043159487171359,0.08637077353784561
0.05148867450137497,0.08809898977421293
0.05256791122018419,0.08986005802595221
0.05366976945540476,0.09165453081982744
0.05479472336900281,0.09348296692164526
0.05594325706169378,0.09534593126662627
0.05711586478126435,0.0972439948813878
0.05831305113526219,0.09917773479716585
0.0595353313081437,0.1011477339538865
0.06078323128297224,0.1031545810946849
0.062057288067765,0.1051988706504644
0.06335804992658255,0.1072812026140711
0.0646860766154632,0.1094021824036515
0.06604193962330306,0.1115624207147469
0.06742622241778336,0.1137625333606673
0.06883952069645496,0.1160031411006801
0.07028244264308353,0.118284869455528
0.07175560918936921,0.1206083485097915
0.0732596542821523,0.1229742127005921
0.07479522515621813,0.1253831005921197
0.07636298261282241,0.1278356546354676
0.07796360130405237,0.1303325209132354
0.07959777002314977,0.1328743488683579
0.08126619200091946,0.1354617910166089
0.08296958520834916,0.1380955026422097
0.08470868266557402,0.1407761414759777
0.08648423275731726,0.1435043673554315
0.08829699955494083,0.146280841866261
0.09014776314524918,0.149106227964575
0.09203731996618231,0.1519811895793144
0.09396648314954691,0.154906391194233
0.09593608287093147,0.157882497408829
0.09794696670695385,0.1609101724776093
0.1,0.1639900798270755
0.1020960662306048,0.1671228815498023
0.1042360673976401,0.170309237874996
0.1064209244064725,0.1735498066149112
0.1086515774652537,0.1768452425865051
0.1109289864895223,0.1801961970077269
0.1132541315152813,0.1836033168678235
0.1156280131207375,0.1870672442710741
0.1180516528568806,0.1905886157533605
0.1205260936870841,0.1941680615709913
0.1230524004359262,0.1978062049612286
0.1256316602474122,0.2015036613739573
0.128264983052806,0.2052610376739817
0.1309535020482668,0.2090789313134384
0.1336983741824945,0.2129579294738411
0.1365007806546014,0.2168986081773154
0.1393619274224144,0.2209015313665891
0.1422830457214352,0.224967249953359
0.1452653925946781,0.2290963008346842
0.1483102514336103,0.2332892058770902
0.1514189325304352,0.2375464708681352
0.1545927736419478,0.2418685844352126
0.1578331405652116,0.2462560169314434
0.161141427725302,0.2507092192885555
0.1645190587753661,0.2552286218367101
0.1679674872092653,0.2598146330913219
0.1714881969870541,0.2644676385069646
0.1750827031735723,0.2691879991985634
0.1787525525904236,0.2739760506301394
0.182499324481615,0.2788321012714647
0.186324631193156,0.2837564312231015
0.1902301188668946,0.2887492908103695
0.1942174681489025,0.2938108991469288
0.1982883949127071,0.2989414426687599
0.2024446509976802,0.3041410736394438
0.2066880249629082,0.3094099086277982
0.2110203428568597,0.3147480269590269
0.2154434690031882,0.3201554691407155
0.2199593068030075,0.3256322352651385
0.2245697995539772,0.3311782833895009
0.2292769312865649,0.3367935278959185
0.2340827276178294,0.342477837833089
0.2389892566231048,0.3482310352418121
0.243998629725955,0.3540528934666859
0.2491130026067786,0.3599431354565031
0.2543345761304648,0.365901432056089
0.2596655972934873,0.371927400292503
0.2651083601908536,0.3780206016587713
0.2706652070033241,0.3841805403985219
0.2763385290053172,0.3904066617951181
0.2821307675939471,0.396698350469141
0.2880444153396298,0.4030549286882925
0.2940820170587061,0.4094756546940329
0.3002461709085549,0.4159597210495412
0.306539529505653,0.4225062530138003
0.312964801067075,0.4291143069469017
0.3195247505759213,0.4357828687518975
0.3262222009711667,0.4425108523587895
0.3330600343624588,0.4492970982565206
0.340041193270371,0.4561403720790642
0.3471686818926559,0.4630393632519894
0.3544455673970436,0.4699926837061179
0.3618749812411277,0.4769988666651299
0.3694601205199303,0.4840563655142432
0.3772042493417002,0.4911635527572855
0.3851107002325569,0.49831871906974
0.393182875570577,0.5055200724555318
0.4014242490499318,0.5127657375155203
0.4098383671757261,0.5200537548358706
0.4184288507901585,0.5273820805045972
0.4271993966306777,0.5347485857647629
0.4361537789208006,0.5421510568129031
0.4452958509942651,0.5495871947513478
0.4546295469532399,0.5570546157031986
0.4641588833612782,0.5645508510987195
0.4738879609717651,0.572073348141938
0.4838209664925957,0.5796194704661943
0.4939621743878316,0.5871864989873008
0.5043159487171359,0.594771632962881
0.5148867450137498,0.6023719912662566
0.5256791122018419,0.6099846138830725
0.5366976945540476,0.6176064636385659
0.5479472336900282,0.6252344281630615
0.5594325706169377,0.6328653221029226
0.5711586478126435,0.6404958895837112
0.5831305113526218,0.6481228069318429
0.595353313081437,0.6557426856604321
0.6078323128297224,0.6633520757243822
0.62057288067765,0.6709474690490906
0.6335804992658254,0.6785253033363206
0.6468607661546321,0.6860819661499684
0.6604193962330305,0.6936137992835036
0.6742622241778335,0.7011171034098427
0.6883952069645496,0.7085881430133631
0.7028244264308353,0.7160231516025569
0.7175560918936921,0.7234183372006215
0.732596542821523,0.7307698881099521
0.7479522515621814,0.7380739789451054
0.7636298261282242,0.745326776927375
0.7796360130405237,0.7525244484325557
0.7959777002314977,0.7596631657819236
0.8126619200091946,0.7667391142647904
0.8296958520834898,0.7737484993792966
0.8470868266557402,0.7806875542763889
0.8648423275731727,0.7875525473901168
0.8829699955494082,0.7943397902356143
0.9014776314524917,0.8010456453542919
0.9203731996618231,0.8076665343839344
0.9396648314954691,0.8141989462296001
0.9593608287093147,0.820639445309397
0.9794696670695385,0.8269846798474429
1,0.83323139018462
1.020960662306048,0.8393764170760424
1.042360673976403,0.8454167099426217
1.064209244064722,0.8513493350426076
1.086515774652537,0.8571714835276496
1.109289864895223,0.8628804793466758
1.132541315152813,0.8684737869598569
1.156280131207378,0.873949018823998
1.180516528568803,0.8793039426100218
1.205260936870841,0.8845364881127256
1.230524004359262,0.8896447538127245
1.256316602474121,0.8946270130505276
1.282649830528062,0.8994817197729277
1.309535020482665,0.9042075138124568
1.336983741824945,0.9088032256615172
1.365007806546014,0.9132678807039338
1.393619274224144,0.9176007028682079
1.422830457214355,0.9218011176685272
1.452653925946778,0.9258687546017736
1.483102514336103,0.9298034488712661
1.514189325304352,0.9336052424107999
1.545927736419479,0.9372743841857536
1.57833140565212,0.9408113297515105
1.611414277253017,0.9442167400532888
1.645190587753661,0.9474914794556003
1.679674872092653,0.9506366129939544
1.714881969870541,0.95365340284612
1.750827031735727,0.956543304025129
1.787525525904232,0.9593079593013131
1.824993244816151,0.961949193365912
1.86324631193156,0.9644690062541474
1.902301188668946,0.9668695660511049
1.942174681489028,0.969153200909197
1.982883949127067,0.9713223904114109
2.024446509976802,0.9733797563198564
2.066880249629082,0.9753280527543055
2.110203428568596,0.9771701558503803
2.154434690031886,0.9789090529517318
2.19959306803007,0.9805478313949091
2.245697995539772,0.9820896669495899
2.292769312865649,0.9835378119803476
2.340827276178294,0.9848955833991465
2.389892566231053,0.9861663504801955
2.439986297259545,0.9873535226106337
2.491130026067786,0.9884605370517161
2.543345761304648,0.9894908467856673
2.596655972934872,0.9904479085231793
2.651083601908542,0.991335170945587
2.706652070033236,0.992156063254088
2.763385290053167,0.99291398409596
2.821307675939471,0.9936122909345865
2.880444153396298,0.9942542899262552
2.940820170587067,0.9948432263621673
3.002461709085543,0.9953822757289332
3.065395295056524,0.9958745354351017
3.12964801067075,0.9963230172449987
3.195247505759214,0.996730640454469
3.262222009711673,0.9971002258360367
3.330600343624582,0.9974344903736709
3.400411932703703,0.997736042799822
3.47168681892656,0.9980073799397947
3.544455673970436,0.9982508838609456
3.618749812411284,0.9984688198167345
3.694601205199295,0.9986633349684332
3.772042493416994,0.9988364578603834
3.851107002325569,0.9989900986182131
3.93182875570577,0.9991260498334387
4.014242490499326,0.999245988092489
4.098383671757253,0.9993514761034507
4.184288507901576,0.9994439653698155
4.271993966306777,0.9995247993572487
4.361537789208006,0.9995952170969323
4.45295850994266,0.9996563571673813
4.54629546953239,0.999709261995785
4.641588833612772,0.9997548824198885
4.738879609717651,0.9997940824521597
4.838209664925957,0.9998276441894594
4.939621743878326,0.9998562728135848
5.043159487171349,0.9998806016308281
5.148867450137487,0.9999011971020136
5.256791122018419,0.9999185638182563
5.366976945540476,0.999933149381853
5.479472336900293,0.9999453491561583
5.594325706169389,0.9999555108529465
5.711586478126423,0.9999639389305038
5.831305113526219,0.9999708987804541
5.95353313081437,0.9999766206860137
6.078323128297236,0.9999813035389061
6.205728806776513,0.9999851183064946
6.335804992658241,0.9999882112447297
6.46860766154632,0.9999907068562274
6.604193962330306,0.9999927105961345
6.742622241778349,0.9999943113313909
6.883952069645511,0.9999955835615323
7.028244264308339,0.9999965894112879
7.175560918936921,0.9999973804069315
7.32596542821523,0.9999979990496298
7.479522515621829,0.9999984801999454
7.636298261282257,0.9999988522882008
7.796360130405221,0.9999991383656411
7.959777002314977,0.999999357011268
8.126619200091946,0.9999995231089149
8.296958520834915,0.9999996485086161
8.470868266557419,0.999999742585634
8.648423275731709,0.9999998127097024
8.829699955494084,0.9999998646361355
9.014776314524918,0.9999999028294876
9.203731996618231,0.9999999307294603
9.39664831495471,0.9999999509677607
9.593608287093128,0.999999965543641
9.794696670695386,0.9999999759649181
10,0.9999999833603922
