#Normal aproximation vs Original set
#Normal(x), Normal(CDF) 
1e-08,0.3438135586419694
1.020960662306048e-08,0.343813558744916
1.042360673976401e-08,0.3438135588500205
1.064209244064725e-08,0.3438135589573281
1.086515774652537e-08,0.3438135590668849
1.109289864895223e-08,0.343813559178738
1.132541315152813e-08,0.3438135592929357
1.156280131207375e-08,0.3438135594095271
1.180516528568806e-08,0.3438135595285622
1.205260936870841e-08,0.3438135596500925
1.230524004359262e-08,0.3438135597741701
1.256316602474122e-08,0.3438135599008484
1.28264983052806e-08,0.343813560030182
1.309535020482668e-08,0.3438135601622265
1.336983741824945e-08,0.3438135602970388
1.365007806546014e-08,0.3438135604346768
1.393619274224144e-08,0.3438135605751998
1.422830457214352e-08,0.3438135607186683
1.452653925946781e-08,0.3438135608651439
1.483102514336103e-08,0.3438135610146897
1.514189325304352e-08,0.3438135611673702
1.545927736419478e-08,0.343813561323251
1.578331405652117e-08,0.3438135614823991
1.61141427725302e-08,0.343813561644883
1.645190587753661e-08,0.3438135618107728
1.679674872092653e-08,0.3438135619801396
1.714881969870541e-08,0.3438135621530566
1.750827031735723e-08,0.343813562329598
1.787525525904235e-08,0.3438135625098397
1.824993244816151e-08,0.3438135626938595
1.86324631193156e-08,0.3438135628817365
1.902301188668946e-08,0.3438135630735515
1.942174681489025e-08,0.3438135632693871
1.982883949127072e-08,0.3438135634693275
2.024446509976802e-08,0.3438135636734587
2.066880249629082e-08,0.3438135638818687
2.110203428568597e-08,0.3438135640946471
2.154434690031882e-08,0.3438135643118856
2.199593068030075e-08,0.3438135645336775
2.245697995539776e-08,0.3438135647601182
2.292769312865649e-08,0.3438135649913053
2.340827276178294e-08,0.3438135652273382
2.389892566231048e-08,0.3438135654683186
2.43998629725955e-08,0.3438135657143501
2.491130026067791e-08,0.3438135659655386
2.543345761304648e-08,0.3438135662219921
2.596655972934873e-08,0.343813566483821
2.651083601908536e-08,0.3438135667511381
2.706652070033241e-08,0.3438135670240583
2.763385290053173e-08,0.3438135673026991
2.821307675939471e-08,0.3438135675871804
2.880444153396298e-08,0.3438135678776246
2.940820170587061e-08,0.3438135681741568
3.002461709085549e-08,0.3438135684769044
3.06539529505653e-08,0.3438135687859978
3.12964801067075e-08,0.34381356910157
3.195247505759214e-08,0.3438135694237568
3.262222009711667e-08,0.3438135697526969
3.330600343624589e-08,0.3438135700885318
3.40041193270371e-08,0.343813570431406
3.471686818926559e-08,0.343813570781467
3.544455673970436e-08,0.3438135711388656
3.618749812411276e-08,0.3438135715037555
3.694601205199302e-08,0.3438135718762937
3.772042493417001e-08,0.3438135722566406
3.851107002325569e-08,0.3438135726449597
3.93182875570577e-08,0.3438135730414184
4.014242490499318e-08,0.343813573446187
4.098383671757262e-08,0.3438135738594399
4.184288507901584e-08,0.3438135742813548
4.271993966306777e-08,0.3438135747121134
4.361537789208006e-08,0.3438135751519009
4.45295850994266e-08,0.3438135756009067
4.546295469532399e-08,0.3438135760593239
4.641588833612782e-08,0.3438135765273499
4.738879609717651e-08,0.343813577005186
4.838209664925958e-08,0.3438135774930378
4.939621743878326e-08,0.3438135779911153
5.043159487171359e-08,0.343813578499633
5.148867450137498e-08,0.3438135790188094
5.256791122018419e-08,0.3438135795488682
5.366976945540476e-08,0.3438135800900373
5.479472336900293e-08,0.3438135806425496
5.594325706169378e-08,0.3438135812066431
5.711586478126435e-08,0.3438135817825602
5.831305113526219e-08,0.343813582370549
5.95353313081437e-08,0.3438135829708624
6.078323128297236e-08,0.3438135835837588
6.2057288067765e-08,0.3438135842095019
6.335804992658255e-08,0.343813584848361
6.46860766154632e-08,0.343813585500611
6.604193962330306e-08,0.3438135861665326
6.742622241778349e-08,0.3438135868464123
6.883952069645497e-08,0.3438135875405428
7.028244264308353e-08,0.3438135882492227
7.175560918936921e-08,0.343813588972757
7.32596542821523e-08,0.3438135897114571
7.479522515621828e-08,0.3438135904656409
7.636298261282242e-08,0.3438135912356328
7.796360130405237e-08,0.3438135920217642
7.959777002314978e-08,0.3438135928243735
8.126619200091946e-08,0.343813593643806
8.296958520834915e-08,0.3438135944804144
8.470868266557402e-08,0.3438135953345586
8.648423275731727e-08,0.3438135962066062
8.829699955494083e-08,0.3438135970969325
9.014776314524918e-08,0.3438135980059208
9.20373199661823e-08,0.3438135989339619
9.396648314954691e-08,0.3438135998814555
9.593608287093146e-08,0.3438136008488091
9.794696670695386e-08,0.3438136018364391
1e-07,0.3438136028447705
1.020960662306048e-07,0.3438136038742372
1.042360673976401e-07,0.3438136049252822
1.064209244064725e-07,0.3438136059983578
1.086515774652537e-07,0.3438136070939257
1.109289864895223e-07,0.3438136082124575
1.132541315152813e-07,0.3438136093544344
1.156280131207375e-07,0.343813610520348
1.180516528568806e-07,0.3438136117106999
1.205260936870841e-07,0.3438136129260023
1.230524004359261e-07,0.3438136141667784
1.256316602474121e-07,0.3438136154335618
1.28264983052806e-07,0.3438136167268979
1.309535020482668e-07,0.3438136180473432
1.336983741824945e-07,0.3438136193954658
1.365007806546014e-07,0.3438136207718461
1.393619274224144e-07,0.3438136221770762
1.422830457214352e-07,0.3438136236117608
1.452653925946781e-07,0.3438136250765174
1.483102514336103e-07,0.3438136265719762
1.514189325304352e-07,0.3438136280987809
1.545927736419479e-07,0.3438136296575884
1.578331405652117e-07,0.3438136312490696
1.61141427725302e-07,0.3438136328739092
1.645190587753661e-07,0.3438136345328066
1.679674872092653e-07,0.3438136362264755
1.714881969870541e-07,0.3438136379556448
1.750827031735723e-07,0.3438136397210588
1.787525525904236e-07,0.3438136415234769
1.824993244816151e-07,0.343813643363675
1.86324631193156e-07,0.3438136452424448
1.902301188668946e-07,0.3438136471605949
1.942174681489024e-07,0.3438136491189507
1.982883949127071e-07,0.3438136511183549
2.024446509976802e-07,0.3438136531596679
2.066880249629082e-07,0.3438136552437683
2.110203428568597e-07,0.3438136573715528
2.154434690031882e-07,0.343813659543937
2.199593068030075e-07,0.3438136617618558
2.245697995539772e-07,0.3438136640262638
2.292769312865649e-07,0.3438136663381351
2.340827276178294e-07,0.343813668698465
2.389892566231048e-07,0.3438136711082688
2.43998629725955e-07,0.3438136735685838
2.491130026067786e-07,0.3438136760804685
2.543345761304648e-07,0.3438136786450041
2.596655972934872e-07,0.343813681263294
2.651083601908536e-07,0.3438136839364651
2.706652070033241e-07,0.3438136866656676
2.763385290053167e-07,0.3438136894520759
2.82130767593947e-07,0.3438136922968892
2.880444153396298e-07,0.3438136952013318
2.940820170587061e-07,0.3438136981666534
3.002461709085549e-07,0.3438137011941301
3.065395295056524e-07,0.3438137042850647
3.12964801067075e-07,0.3438137074407874
3.195247505759214e-07,0.3438137106626561
3.262222009711673e-07,0.3438137139520573
3.330600343624589e-07,0.3438137173104066
3.400411932703703e-07,0.3438137207391491
3.471686818926559e-07,0.3438137242397603
3.544455673970435e-07,0.3438137278137467
3.618749812411284e-07,0.3438137314626462
3.694601205199302e-07,0.343813735188029
3.772042493416994e-07,0.3438137389914985
3.851107002325569e-07,0.3438137428746911
3.93182875570577e-07,0.3438137468392781
4.014242490499326e-07,0.3438137508869654
4.098383671757261e-07,0.343813755019495
4.184288507901585e-07,0.3438137592386451
4.271993966306776e-07,0.3438137635462314
4.361537789208006e-07,0.3438137679441077
4.45295850994266e-07,0.3438137724341663
4.5462954695324e-07,0.3438137770183396
4.641588833612782e-07,0.3438137816986002
4.738879609717651e-07,0.3438137864769621
4.838209664925957e-07,0.3438137913554818
4.939621743878326e-07,0.3438137963362584
5.043159487171359e-07,0.3438138014214355
5.148867450137498e-07,0.3438138066132013
5.25679112201842e-07,0.34381381191379
5.366976945540476e-07,0.3438138173254826
5.479472336900293e-07,0.3438138228506078
5.594325706169378e-07,0.3438138284915433
5.711586478126435e-07,0.3438138342507167
5.831305113526218e-07,0.3438138401306061
5.95353313081437e-07,0.343813846133742
6.078323128297237e-07,0.3438138522627076
6.205728806776501e-07,0.3438138585201405
6.335804992658255e-07,0.3438138649087333
6.468607661546321e-07,0.3438138714312353
6.604193962330305e-07,0.3438138780904533
6.742622241778349e-07,0.343813884889253
6.883952069645496e-07,0.3438138918305601
7.028244264308353e-07,0.3438138989173616
7.175560918936921e-07,0.3438139061527072
7.32596542821523e-07,0.3438139135397106
7.479522515621828e-07,0.3438139210815505
7.636298261282241e-07,0.3438139287814724
7.796360130405236e-07,0.3438139366427899
7.959777002314978e-07,0.3438139446688858
8.126619200091945e-07,0.343813952863214
8.296958520834915e-07,0.343813961229301
8.470868266557403e-07,0.3438139697707467
8.648423275731727e-07,0.3438139784912269
8.829699955494083e-07,0.3438139873944941
9.014776314524917e-07,0.3438139964843798
9.20373199661823e-07,0.3438140057647957
9.396648314954691e-07,0.3438140152397353
9.593608287093148e-07,0.3438140249132761
9.794696670695385e-07,0.3438140347895807
1e-06,0.3438140448728993
1.020960662306047e-06,0.3438140551675712
1.042360673976401e-06,0.3438140656780263
1.064209244064725e-06,0.3438140764087876
1.086515774652537e-06,0.3438140873644728
1.109289864895223e-06,0.3438140985497967
1.132541315152813e-06,0.3438141099695725
1.156280131207375e-06,0.3438141216287145
1.180516528568805e-06,0.34381413353224
1.205260936870841e-06,0.3438141456852714
1.230524004359262e-06,0.3438141580930385
1.256316602474121e-06,0.3438141707608809
1.28264983052806e-06,0.3438141836942498
1.309535020482668e-06,0.3438141968987108
1.336983741824945e-06,0.3438142103799464
1.365007806546014e-06,0.3438142241437578
1.393619274224143e-06,0.3438142381960679
1.422830457214352e-06,0.343814252542924
1.452653925946781e-06,0.3438142671905
1.483102514336103e-06,0.3438142821450991
1.514189325304352e-06,0.3438142974131567
1.545927736419479e-06,0.3438143130012433
1.57833140565212e-06,0.3438143289160667
1.61141427725302e-06,0.3438143451644756
1.645190587753661e-06,0.3438143617534622
1.679674872092653e-06,0.3438143786901653
1.714881969870541e-06,0.3438143959818732
1.750827031735727e-06,0.3438144136360272
1.787525525904235e-06,0.3438144316602242
1.82499324481615e-06,0.3438144500622207
1.86324631193156e-06,0.3438144688499356
1.902301188668946e-06,0.3438144880314539
1.942174681489028e-06,0.3438145076150299
1.982883949127071e-06,0.343814527609091
2.024446509976802e-06,0.3438145480222414
2.066880249629082e-06,0.3438145688632654
2.110203428568597e-06,0.3438145901411315
2.154434690031886e-06,0.3438146118649963
2.199593068030075e-06,0.3438146340442083
2.245697995539772e-06,0.3438146566883118
2.292769312865649e-06,0.3438146798070513
2.340827276178294e-06,0.3438147034103755
2.389892566231052e-06,0.3438147275084416
2.43998629725955e-06,0.3438147521116197
2.491130026067786e-06,0.3438147772304975
2.543345761304648e-06,0.3438148028758843
2.596655972934872e-06,0.3438148290588161
2.651083601908542e-06,0.3438148557905603
2.706652070033241e-06,0.3438148830826203
2.763385290053167e-06,0.3438149109467409
2.821307675939471e-06,0.3438149393949128
2.880444153396298e-06,0.343814968439378
2.940820170587067e-06,0.3438149980926355
3.002461709085549e-06,0.3438150283674459
3.065395295056524e-06,0.3438150592768374
3.129648010670751e-06,0.3438150908341113
3.195247505759214e-06,0.3438151230528476
3.262222009711673e-06,0.3438151559469111
3.330600343624589e-06,0.3438151895304574
3.400411932703702e-06,0.3438152238179382
3.47168681892656e-06,0.3438152588241086
3.544455673970436e-06,0.3438152945640329
3.618749812411284e-06,0.3438153310530911
3.694601205199302e-06,0.3438153683069858
3.772042493416993e-06,0.3438154063417482
3.851107002325569e-06,0.3438154451737461
3.93182875570577e-06,0.3438154848196901
4.014242490499326e-06,0.3438155252966412
4.098383671757261e-06,0.3438155666220177
4.184288507901576e-06,0.3438156088136034
4.271993966306777e-06,0.3438156518895548
4.361537789208005e-06,0.3438156958684087
4.45295850994266e-06,0.3438157407690906
4.5462954695324e-06,0.3438157866109229
4.641588833612773e-06,0.3438158334136328
4.738879609717651e-06,0.3438158811973608
4.838209664925957e-06,0.3438159299826701
4.939621743878326e-06,0.3438159797905544
5.043159487171359e-06,0.3438160306424478
5.148867450137487e-06,0.3438160825602334
5.25679112201842e-06,0.3438161355662532
5.366976945540476e-06,0.3438161896833175
5.479472336900293e-06,0.3438162449347147
5.594325706169378e-06,0.3438163013442211
5.711586478126423e-06,0.3438163589361117
5.831305113526219e-06,0.3438164177351702
5.95353313081437e-06,0.3438164777666999
6.078323128297237e-06,0.3438165390565343
6.205728806776501e-06,0.3438166016310483
6.335804992658241e-06,0.3438166655171701
6.468607661546321e-06,0.3438167307423919
6.604193962330305e-06,0.3438167973347823
6.742622241778349e-06,0.3438168653229984
6.883952069645496e-06,0.3438169347362977
7.028244264308338e-06,0.3438170056045511
7.175560918936921e-06,0.3438170779582557
7.32596542821523e-06,0.3438171518285479
7.479522515621829e-06,0.3438172272472163
7.636298261282242e-06,0.3438173042467165
7.796360130405221e-06,0.3438173828601839
7.959777002314978e-06,0.3438174631214485
8.126619200091945e-06,0.3438175450650497
8.296958520834915e-06,0.3438176287262507
8.470868266557402e-06,0.3438177141410536
8.648423275731709e-06,0.3438178013462156
8.829699955494083e-06,0.3438178903792642
9.014776314524917e-06,0.3438179812785134
9.20373199661823e-06,0.3438180740830804
9.396648314954691e-06,0.3438181688329022
9.593608287093147e-06,0.3438182655687533
9.794696670695386e-06,0.3438183643322623
1e-05,0.3438184651659309
1.020960662306048e-05,0.3438185681131515
1.042360673976401e-05,0.3438186732182259
1.064209244064725e-05,0.3438187805263847
1.086515774652537e-05,0.3438188900838066
1.109289864895223e-05,0.3438190019376382
1.132541315152813e-05,0.3438191161360142
1.156280131207375e-05,0.3438192327280786
1.180516528568806e-05,0.3438193517640051
1.205260936870841e-05,0.3438194732950195
1.230524004359262e-05,0.3438195973734212
1.256316602474121e-05,0.3438197240526055
1.28264983052806e-05,0.3438198533870877
1.309535020482668e-05,0.3438199854325251
1.336983741824945e-05,0.3438201202457419
1.365007806546014e-05,0.3438202578847536
1.393619274224143e-05,0.3438203984087914
1.422830457214352e-05,0.3438205418783284
1.452653925946781e-05,0.3438206883551052
1.483102514336103e-05,0.3438208379021564
1.514189325304352e-05,0.343820990583838
1.545927736419479e-05,0.343821146465855
1.578331405652116e-05,0.3438213056152898
1.61141427725302e-05,0.3438214681006307
1.645190587753661e-05,0.3438216339918018
1.679674872092653e-05,0.3438218033601926
1.714881969870541e-05,0.3438219762786894
1.750827031735727e-05,0.3438221528217063
1.787525525904236e-05,0.3438223330652166
1.82499324481615e-05,0.3438225170867871
1.86324631193156e-05,0.3438227049656097
1.902301188668946e-05,0.3438228967825366
1.942174681489028e-05,0.3438230926201148
1.982883949127071e-05,0.3438232925626216
2.024446509976802e-05,0.3438234966961009
2.066880249629082e-05,0.3438237051084
2.110203428568597e-05,0.343823917889208
2.154434690031887e-05,0.3438241351300936
2.199593068030075e-05,0.3438243569245452
2.245697995539772e-05,0.3438245833680109
2.292769312865649e-05,0.3438248145579395
2.340827276178294e-05,0.3438250505938222
2.389892566231053e-05,0.3438252915772363
2.43998629725955e-05,0.3438255376118877
2.491130026067786e-05,0.3438257888036567
2.543345761304648e-05,0.3438260452606425
2.596655972934872e-05,0.3438263070932109
2.651083601908542e-05,0.3438265744140405
2.706652070033241e-05,0.3438268473381723
2.763385290053167e-05,0.3438271259830586
2.821307675939471e-05,0.3438274104686139
2.880444153396298e-05,0.3438277009172659
2.940820170587067e-05,0.3438279974540093
3.002461709085549e-05,0.3438283002064582
3.065395295056524e-05,0.3438286093049023
3.12964801067075e-05,0.3438289248823622
3.195247505759214e-05,0.343829247074647
3.262222009711673e-05,0.3438295760204124
3.330600343624589e-05,0.3438299118612209
3.400411932703703e-05,0.3438302547416023
3.471686818926559e-05,0.3438306048091161
3.544455673970435e-05,0.343830962214415
3.618749812411284e-05,0.3438313271113096
3.694601205199302e-05,0.3438316996568349
3.772042493416993e-05,0.3438320800113176
3.851107002325569e-05,0.3438324683384452
3.93182875570577e-05,0.3438328648053366
4.014242490499326e-05,0.3438332695826138
4.098383671757261e-05,0.3438336828444754
4.184288507901576e-05,0.3438341047687719
4.271993966306776e-05,0.3438345355370818
4.361537789208006e-05,0.3438349753347898
4.45295850994266e-05,0.3438354243511671
4.5462954695324e-05,0.3438358827794523
4.641588833612772e-05,0.3438363508169349
4.738879609717651e-05,0.34383682866504
4.838209664925957e-05,0.3438373165294151
4.939621743878326e-05,0.343837814620019
5.043159487171359e-05,0.3438383231512115
5.148867450137487e-05,0.343838842341846
5.256791122018419e-05,0.3438393724153639
5.366976945540476e-05,0.3438399135998905
5.479472336900293e-05,0.3438404661283332
5.594325706169377e-05,0.3438410302384822
5.711586478126424e-05,0.3438416061731122
5.831305113526218e-05,0.3438421941800873
5.95353313081437e-05,0.3438427945124677
6.078323128297237e-05,0.3438434074286186
6.2057288067765e-05,0.3438440331923213
6.335804992658241e-05,0.343844672072887
6.468607661546321e-05,0.3438453243452727
6.604193962330305e-05,0.3438459902901989
6.742622241778349e-05,0.3438466701942716
6.883952069645496e-05,0.3438473643501051
7.028244264308338e-05,0.3438480730564476
7.175560918936922e-05,0.3438487966183105
7.32596542821523e-05,0.3438495353470993
7.479522515621829e-05,0.3438502895607477
7.636298261282242e-05,0.3438510595838549
7.79636013040522e-05,0.3438518457478245
7.959777002314978e-05,0.3438526483910082
8.126619200091945e-05,0.3438534678588506
8.296958520834916e-05,0.3438543045040385
8.470868266557403e-05,0.3438551586866526
8.648423275731709e-05,0.3438560307743221
8.829699955494083e-05,0.3438569211423839
9.014776314524917e-05,0.3438578301740434
9.203731996618231e-05,0.3438587582605397
9.39664831495469e-05,0.3438597058013143
9.593608287093147e-05,0.3438606732041828
9.794696670695385e-05,0.3438616608855108
0.0001,0.343862669270393
0.0001020960662306048,0.3438636987928359
0.0001042360673976401,0.3438647498959455
0.0001064209244064725,0.3438658230321173
0.0001086515774652537,0.3438669186632318
0.0001109289864895223,0.3438680372608527
0.0001132541315152813,0.3438691793064306
0.0001156280131207375,0.3438703452915099
0.0001180516528568806,0.3438715357179405
0.0001205260936870841,0.3438727510980943
0.0001230524004359262,0.3438739919550857
0.0001256316602474122,0.3438752588229962
0.000128264983052806,0.3438765522471056
0.0001309535020482668,0.343877872784126
0.0001336983741824945,0.3438792210024418
0.0001365007806546014,0.3438805974823544
0.0001393619274224143,0.3438820028163325
0.0001422830457214352,0.3438834376092667
0.0001452653925946781,0.3438849024787304
0.0001483102514336103,0.343886398055246
0.0001514189325304352,0.343887924982556
0.0001545927736419478,0.3438894839179004
0.0001578331405652116,0.3438910755323002
0.000161141427725302,0.343892700510846
0.0001645190587753661,0.3438943595529932
0.0001679674872092653,0.3438960533728634
0.0001714881969870541,0.3438977826995522
0.0001750827031735723,0.3438995482774427
0.0001787525525904235,0.343901350866527
0.0001824993244816151,0.3439031912427327
0.000186324631193156,0.3439050701982581
0.0001902301188668946,0.3439069885419129
0.0001942174681489025,0.3439089470994667
0.0001982883949127071,0.343910946714005
0.0002024446509976802,0.3439129882462925
0.0002066880249629082,0.3439150725751436
0.0002110203428568597,0.3439172005978015
0.0002154434690031882,0.3439193732303245
0.0002199593068030075,0.3439215914079811
0.0002245697995539772,0.3439238560856523
0.0002292769312865649,0.3439261682382443
0.0002340827276178294,0.3439285288611072
0.0002389892566231048,0.3439309389704651
0.000243998629725955,0.3439333996038534
0.0002491130026067791,0.3439359118205664
0.0002543345761304648,0.3439384767021134
0.0002596655972934873,0.3439410953526852
0.0002651083601908536,0.34394376889963
0.0002706652070033241,0.343946498493939
0.0002763385290053172,0.3439492853107431
0.0002821307675939471,0.3439521305498188
0.0002880444153396298,0.343955035436106
0.000294082017058706,0.3439580012202358
0.0003002461709085549,0.3439610291790697
0.000306539529505653,0.34396412061625
0.000312964801067075,0.343967276862762
0.0003195247505759214,0.3439704992775078
0.0003262222009711667,0.3439737892478926
0.0003330600343624589,0.343977148190422
0.000340041193270371,0.3439805775513141
0.000347168681892656,0.3439840788071221
0.0003544455673970436,0.3439876534653717
0.0003618749812411277,0.3439913030652111
0.0003694601205199302,0.3439950291780745
0.0003772042493417001,0.3439988334083606
0.0003851107002325569,0.344002717394124
0.000393182875570577,0.344006682807782
0.0004014242490499318,0.3440107313568361
0.0004098383671757261,0.3440148647846086
0.0004184288507901585,0.3440190848709948
0.0004271993966306776,0.3440233934332306
0.0004361537789208006,0.3440277923266771
0.0004452958509942651,0.3440322834456208
0.0004546295469532399,0.3440368687240909
0.0004641588833612782,0.3440415501366946
0.0004738879609717651,0.3440463296994686
0.0004838209664925957,0.3440512094707493
0.0004939621743878316,0.3440561915520617
0.0005043159487171359,0.3440612780890259
0.0005148867450137498,0.3440664712722837
0.0005256791122018419,0.3440717733384445
0.0005366976945540476,0.3440771865710502
0.0005479472336900282,0.344082713301562
0.0005594325706169377,0.3440883559103664
0.0005711586478126435,0.3440941168278037
0.0005831305113526219,0.3440999985352169
0.000595353313081437,0.3441060035660243
0.0006078323128297224,0.3441121345068125
0.0006205728806776501,0.3441183939984549
0.0006335804992658254,0.3441247847372517
0.0006468607661546321,0.344131309476095
0.0006604193962330305,0.3441379710256585
0.0006742622241778335,0.3441447722556115
0.0006883952069645496,0.344151716095859
0.0007028244264308353,0.3441588055378085
0.0007175560918936921,0.3441660436356622
0.000732596542821523,0.3441734335077374
0.0007479522515621828,0.3441809783378148
0.0007636298261282241,0.3441886813765144
0.0007796360130405237,0.3441965459427013
0.0007959777002314978,0.3442045754249207
0.0008126619200091946,0.3442127732828633
0.0008296958520834915,0.3442211430488618
0.0008470868266557402,0.3442296883294182
0.0008648423275731727,0.3442384128067647
0.0008829699955494083,0.344247320240456
0.0009014776314524918,0.3442564144689964
0.000920373199661823,0.344265699411501
0.000939664831495469,0.3442751790693915
0.0009593608287093146,0.344284857528128
0.0009794696670695387,0.3442947389589782
0.001,0.3443048276208223
0.001020960662306047,0.3443151278619979
0.001042360673976401,0.3443256441221826
0.001064209244064725,0.3443363809343172
0.001086515774652537,0.3443473429265685
0.001109289864895223,0.3443585348243351
0.001132541315152813,0.3443699614522941
0.001156280131207375,0.3443816277364925
0.001180516528568806,0.3443935387064814
0.001205260936870841,0.3444056994974967
0.001230524004359262,0.3444181153526852
0.001256316602474122,0.344430791625378
0.00128264983052806,0.3444437337814121
0.001309535020482668,0.3444569474015008
0.001336983741824945,0.3444704381836551
0.001365007806546014,0.3444842119456554
0.001393619274224143,0.3444982746275767
0.001422830457214352,0.344512632294366
0.001452653925946781,0.344527291138476
0.001483102514336103,0.3445422574825527
0.001514189325304352,0.3445575377821818
0.001545927736419478,0.3445731386286922
0.001578331405652117,0.3445890667520194
0.00161141427725302,0.3446053290236301
0.001645190587753661,0.344621932459508
0.001679674872092653,0.3446388842232035
0.001714881969870541,0.3446561916289485
0.001750827031735723,0.3446738621448368
0.001787525525904235,0.3446919033960723
0.00182499324481615,0.3447103231682864
0.00186324631193156,0.3447291294109262
0.001902301188668946,0.3447483302407137
0.001942174681489024,0.34476793394518
0.001982883949127072,0.3447879489862737
0.002024446509976802,0.3448083840040469
0.002066880249629082,0.3448292478204187
0.002110203428568597,0.34485054944302
0.002154434690031882,0.3448722980691196
0.002199593068030075,0.3448945030896341
0.002245697995539772,0.3449171740932234
0.002292769312865649,0.3449403208704735
0.002340827276178294,0.3449639534181687
0.002389892566231048,0.3449880819436544
0.00243998629725955,0.3450127168692945
0.002491130026067791,0.3450378688370222
0.002543345761304648,0.3450635487129897
0.002596655972934872,0.3450897675923159
0.002651083601908536,0.3451165368039368
0.002706652070033241,0.3451438679155592
0.002763385290053173,0.34517177273872
0.002821307675939471,0.3452002633339552
0.002880444153396298,0.3452293520160776
0.002940820170587061,0.3452590513595695
0.003002461709085549,0.3452893742040903
0.00306539529505653,0.3453203336601018
0.00312964801067075,0.3453519431146149
0.003195247505759214,0.3453842162370596
0.003262222009711667,0.3454171669852805
0.003330600343624588,0.3454508096116621
0.00340041193270371,0.3454851586693848
0.003471686818926559,0.3455202290188163
0.003544455673970436,0.3455560358340398
0.003618749812411277,0.345592594609524
0.003694601205199302,0.345629921166935
0.003772042493417001,0.3456680316620966
0.003851107002325569,0.3457069425921001
0.003931828755705771,0.3457466708025673
0.004014242490499318,0.345787233495071
0.004098383671757262,0.3458286482347146
0.004184288507901585,0.3458709329578772
0.004271993966306777,0.3459141059801247
0.004361537789208006,0.345958186004293
0.004452958509942651,0.3460031921287454
0.0045462954695324,0.3460491438558102
0.004641588833612782,0.3460960611003998
0.004738879609717651,0.3461439641988174
0.004838209664925958,0.3461928739177554
0.004939621743878316,0.3462428114634882
0.005043159487171359,0.3462937984912655
0.005148867450137497,0.3463458571149095
0.005256791122018419,0.3463990099166216
0.005366976945540477,0.3464532799570016
0.005479472336900281,0.3465086907852863
0.005594325706169377,0.3465652664498113
0.005711586478126435,0.3466230315086997
0.005831305113526219,0.3466820110407865
0.00595353313081437,0.3467422306567798
0.006078323128297224,0.3468037165106675
0.0062057288067765,0.3468664953113725
0.006335804992658254,0.3469305943346642
0.006468607661546321,0.3469960414353307
0.006604193962330305,0.3470628650596179
0.006742622241778335,0.3471310942579421
0.006883952069645496,0.3472007586978817
0.007028244264308352,0.3472718886774546
0.007175560918936921,0.3473445151386879
0.00732596542821523,0.347418669681487
0.007479522515621813,0.3474943845778097
0.007636298261282242,0.3475716927861533
0.007796360130405237,0.3476506279663623
0.007959777002314978,0.3477312244947624
0.008126619200091946,0.3478135174796305
0.008296958520834915,0.3478975427770064
0.008470868266557402,0.3479833370068549
0.008648423275731726,0.3480709375695874
0.008829699955494083,0.3481603826629497
0.009014776314524917,0.3482517112992851
0.00920373199661823,0.3483449633231819
0.009396648314954691,0.3484401794295139
0.009593608287093146,0.3485374011818826
0.009794696670695385,0.3486366710314716
0.01,0.3487380323363216
0.01020960662306048,0.3488415293810365
0.01042360673976401,0.3489472073969305
0.01064209244064725,0.3490551125826267
0.01086515774652537,0.3491652921251168
0.01109289864895223,0.3492777942212956
0.01132541315152813,0.3493926680999764
0.01156280131207375,0.3495099640444045
0.01180516528568806,0.3496297334152757
0.01205260936870841,0.349752028674275
0.01230524004359262,0.349876903408145
0.01256316602474121,0.3500044123532997
0.0128264983052806,0.3501346114209934
0.01309535020482668,0.3502675577230603
0.01336983741824945,0.3504033095982373
0.01365007806546014,0.3505419266390832
0.01393619274224144,0.35068346971951
0.01422830457214352,0.3508280010229403
0.01452653925946781,0.3509755840711049
0.01483102514336103,0.3511262837534966
0.01514189325304352,0.3512801663574962
0.01545927736419479,0.3514372995991863
0.01578331405652117,0.3515977526548691
0.0161141427725302,0.3517615961933055
0.01645190587753661,0.3519289024086927
0.01679674872092653,0.3520997450543988
0.01714881969870541,0.3522741994774697
0.01750827031735723,0.3524523426539315
0.01787525525904235,0.3526342532249031
0.0182499324481615,0.3528200115335409
0.0186324631193156,0.3530096996628352
0.01902301188668946,0.353203401474279
0.01942174681489025,0.3534012026474285
0.01982883949127071,0.3536031907203803
0.02024446509976802,0.353809455131183
0.02066880249629082,0.3540200872602099
0.02110203428568597,0.3542351804735128
0.02154434690031882,0.354454830167182
0.02199593068030075,0.3546791338127377
0.02245697995539772,0.3549081910035742
0.02292769312865649,0.355142103502487
0.02340827276178294,0.3553809752903047
0.02389892566231048,0.3556249126156548
0.0243998629725955,0.3558740240458895
0.02491130026067786,0.3561284205192002
0.02543345761304648,0.3563882153979481
0.02596655972934872,0.3566535245232409
0.02651083601908536,0.3569244662707856
0.02706652070033241,0.357201161608047
0.02763385290053173,0.3574837341527438
0.02821307675939471,0.3577723102327139
0.02880444153396298,0.3580670189471814
0.02940820170587061,0.3583679922294584
0.03002461709085549,0.3586753649111162
0.0306539529505653,0.3589892747876596
0.03129648010670751,0.3593098626857403
0.03195247505759213,0.3596372725319453
0.03262222009711666,0.3599716514231968
0.03330600343624589,0.3603131496988012
0.0340041193270371,0.3606619210141869
0.03471686818926559,0.3610181224163657
0.03544455673970436,0.361381914421163
0.03618749812411277,0.3617534610922521
0.03694601205199302,0.3621329301220368
0.03772042493417001,0.362520492914422
0.03851107002325569,0.3629163246695158
0.0393182875570577,0.3633206044703059
0.04014242490499318,0.363733515371352
0.04098383671757262,0.3641552444895419
0.04184288507901585,0.3645859830969516
0.04271993966306777,0.3650259267158584
0.04361537789208006,0.3654752752159502
0.04452958509942651,0.365934232913778
0.04546295469532399,0.366403008674498
0.04641588833612782,0.3668818160159497
0.04738879609717651,0.3673708732151176
0.04838209664925957,0.3678704034170238
0.04939621743878315,0.3683806347460971
0.05043159487171359,0.3689018004200694
0.05148867450137497,0.3694341388664423
0.05256791122018419,0.3699778938415756
0.05366976945540476,0.3705333145524407
0.05479472336900281,0.3711006557810875
0.05594325706169378,0.3716801780118705
0.05711586478126435,0.3722721475614778
0.05831305113526219,0.372876836711809
0.0595353313081437,0.3734945238457451
0.06078323128297224,0.37412549358585
0.062057288067765,0.3747700369360475
0.06335804992658255,0.3754284514263104
0.0646860766154632,0.3761010412603985
0.06604193962330306,0.3767881174666816
0.06742622241778336,0.377489998052077
0.06883952069645496,0.3782070081591338
0.07028244264308353,0.3789394802262862
0.07175560918936921,0.3796877541513015
0.0732596542821523,0.3804521774579384
0.07479522515621813,0.3812331054658309
0.07636298261282241,0.3820309014636055
0.07796360130405237,0.382845936885235
0.07959777002314977,0.3836785914896267
0.08126619200091946,0.3845292535434348
0.08296958520834916,0.3853983200070786
0.08470868266557402,0.3862861967239448
0.08648423275731726,0.3871932986127364
0.08829699955494083,0.3881200498629255
0.09014776314524918,0.3890668841332571
0.09203731996618231,0.3900342447532359
0.09396648314954691,0.3910225849275186
0.09593608287093147,0.3920323679431195
0.09794696670695385,0.3930640673793215
0.1,0.39411816732017
0.1020960662306048,0.3951951625694069
0.1042360673976401,0.3962955588676867
0.1064209244064725,0.3974198731118929
0.1086515774652537,0.3985686335763494
0.1109289864895223,0.3997423801357042
0.1132541315152813,0.4009416644892256
0.1156280131207375,0.4021670503862346
0.1180516528568806,0.4034191138523566
0.1205260936870841,0.4046984434162497
0.1230524004359262,0.4060056403364277
0.1256316602474122,0.4073413188277575
0.128264983052806,0.4087061062871729
0.1309535020482668,0.4101006435180984
0.1336983741824945,0.4115255849530303
0.1365007806546014,0.4129815988736749
0.1393619274224144,0.4144693676279803
0.1422830457214352,0.4159895878433498
0.1452653925946781,0.4175429706352536
0.1483102514336103,0.41913024181039
0.1514189325304352,0.4207521420634784
0.1545927736419478,0.4224094271666816
0.1578331405652116,0.4241028681505797
0.161141427725302,0.4258332514755231
0.1645190587753661,0.4276013791920983
0.1679674872092653,0.4294080690893438
0.1714881969870541,0.4312541548292356
0.1750827031735723,0.4331404860658577
0.1787525525904236,0.4350679285475419
0.182499324481615,0.4370373642001322
0.186324631193156,0.4390496911893945
0.1902301188668946,0.4411058239604372
0.1942174681489025,0.4432066932518577
0.1982883949127071,0.4453532460821608
0.2024446509976802,0.4475464457058145
0.2066880249629082,0.4497872715361318
0.2110203428568597,0.4520767190319557
0.2154434690031882,0.4544157995449286
0.2199593068030075,0.4568055401238998
0.2245697995539772,0.4592469832727884
0.2292769312865649,0.4617411866579878
0.2340827276178294,0.4642892227611222
0.2389892566231048,0.4668921784727125
0.243998629725955,0.4695511546220147
0.2491130026067786,0.4722672654379995
0.2543345761304648,0.475041637936139
0.2596655972934873,0.4778754112253327
0.2651083601908536,0.480769735728981
0.2706652070033241,0.4837257723138607
0.2763385290053172,0.4867446913200937
0.2821307675939471,0.4898276714851401
0.2880444153396298,0.4929758987543544
0.2940820170587061,0.4961905649702563
0.3002461709085549,0.4994728664322734
0.306539529505653,0.5028240023182979
0.312964801067075,0.5062451729590023
0.3195247505759213,0.5097375779554388
0.3262222009711667,0.5133024141300386
0.3330600343624588,0.5169408733007314
0.340041193270371,0.5206541398674918
0.3471686818926559,0.5244433882002548
0.3544455673970436,0.5283097798167637
0.3618749812411277,0.5322544603385734
0.3694601205199303,0.5362785562131371
0.3772042493417002,0.5403831711896082
0.3851107002325569,0.5445693825357909
0.393182875570577,0.5488382369834904
0.4014242490499318,0.553190746389416
0.4098383671757261,0.5576278830987855
0.4184288507901585,0.5621505749988343
0.4271993966306777,0.5667597002496361
0.4361537789208006,0.5714560816799399
0.4452958509942651,0.5762404808361784
0.4546295469532399,0.5811135916734317
0.4641588833612782,0.5860760338779086
0.4738879609717651,0.5911283458115343
0.4838209664925957,0.5962709770704587
0.4939621743878316,0.6015042806507982
0.5043159487171359,0.6068285047167211
0.5148867450137498,0.612243783968071
0.5256791122018419,0.6177501306071973
0.5366976945540476,0.6233474249074863
0.5479472336900282,0.6290354053893393
0.5594325706169377,0.6348136586130743
0.5711586478126435,0.6406816086023966
0.5831305113526218,0.646638505916842
0.595353313081437,0.6526834163968608
0.6078323128297224,0.6588152096110994
0.62057288067765,0.6650325470419655
0.6335804992658254,0.6713338700527001
0.6468607661546321,0.6777173876870626
0.6604193962330305,0.6841810643612652
0.6742622241778335,0.6907226075170493
0.6883952069645496,0.6973394553147899
0.7028244264308353,0.7040287644561531
0.7175560918936921,0.710787398237207
0.732596542821523,0.7176119149448515
0.7479522515621814,0.724498556721981
0.7636298261282242,0.7314432390398634
0.7796360130405237,0.7384415409296073
0.7959777002314977,0.7454886961382859
0.8126619200091946,0.752579585389005
0.8296958520834898,0.7597087299377878
0.8470868266557402,0.7668702866333894
0.8648423275731727,0.7740580446986371
0.8829699955494082,0.7812654244634446
0.9014776314524917,0.7884854782897299
0.9203731996618231,0.7957108939367359
0.9396648314954691,0.8029340006212105
0.9593608287093147,0.8101467780299695
0.9794696670695385,0.8173408685419938
1,0.8245075929128134
1.020960662306048,0.8316379696647274
1.042360673976403,0.8387227384118896
1.064209244064722,0.8457523873285862
1.086515774652537,0.852717184941607
1.109289864895223,0.8596072163926776
1.132541315152813,0.866412424274031
1.156280131207378,0.8731226540886343
1.180516528568803,0.8797277043261551
1.205260936870841,0.8862173810760844
1.230524004359262,0.8925815570205177
1.256316602474121,0.8988102345612432
1.282649830528062,0.9048936127393468
1.309535020482665,0.910822157501557
1.336983741824945,0.9165866747571818
1.365007806546014,0.9221783855544381
1.393619274224144,0.9275890025875266
1.422830457214355,0.9328108071284713
1.452653925946778,0.9378367253638935
1.483102514336103,0.9426604030100971
1.514189325304352,0.9472762769842749
1.545927736419479,0.9516796428299332
1.57833140565212,0.9558667165354757
1.611414277253017,0.9598346893514336
1.645190587753661,0.9635817742089676
1.679674872092653,0.9671072423747793
1.714881969870541,0.970411449049747
1.750827031735727,0.9734958467338569
1.787525525904232,0.976362985340816
1.824993244816151,0.9790164982530503
1.86324631193156,0.9814610737608852
1.902301188668946,0.9837024116258817
1.942174681489028,0.9857471648425046
1.982883949127067,0.9876028670372387
2.024446509976802,0.9892778463300609
2.066880249629082,0.9907811268776852
2.110203428568596,0.9921223197069681
2.154434690031886,0.9933115048143307
2.19959306803007,0.9943591068360803
2.245697995539772,0.9952757668678479
2.292769312865649,0.9960722132124572
2.340827276178294,0.9967591339496602
2.389892566231053,0.9973470542364006
2.439986297259545,0.9978462211547149
2.491130026067786,0.9982664987231097
2.543345761304648,0.9986172753790392
2.596655972934872,0.998907385833925
2.651083601908542,0.9991450487131603
2.706652070033236,0.9993378208427046
2.763385290053167,0.9994925684569793
2.821307675939471,0.9996154550090678
2.880444153396298,0.9997119446945302
2.940820170587067,0.9997868202847416
3.002461709085543,0.9998442134320522
3.065395295056524,0.9998876452797536
3.12964801067075,0.9999200750004782
3.195247505759214,0.9999439538047179
3.262222009711673,0.9999612820051782
3.330600343624582,0.9999736668825236
3.400411932703703,0.9999823793557364
3.47168681892656,0.9999884077917296
3.544455673970436,0.9999925076661605
3.618749812411284,0.9999952461814711
3.694601205199295,0.9999970413313997
3.772042493416994,0.9999981952496905
3.851107002325569,0.9999989219762466
3.93182875570577,0.999999370005013
4.014242490499326,0.9999996401398857
4.098383671757253,0.9999997992798769
4.184288507901576,0.9999998907898254
4.271993966306777,0.9999999420990648
4.361537789208006,0.9999999701204716
4.45295850994266,0.9999999850092894
4.54629546953239,0.9999999926969544
4.641588833612772,0.999999996549599
4.738879609717651,0.9999999984211322
4.838209664925957,0.9999999993012287
4.939621743878326,0.9999999997013144
5.043159487171349,0.9999999998768786
5.148867450137487,0.999999999951133
5.256791122018419,0.9999999999813554
5.366976945540476,0.9999999999931733
5.479472336900293,0.9999999999976055
5.594325706169389,0.9999999999991969
5.711586478126423,0.999999999999743
5.831305113526219,0.9999999999999216
5.95353313081437,0.9999999999999772
6.078323128297236,0.9999999999999938
6.205728806776513,0.9999999999999983
6.335804992658241,0.9999999999999996
6.46860766154632,0.9999999999999999
6.604193962330306,1
6.742622241778349,1
6.883952069645511,1
7.028244264308339,1
7.175560918936921,1
7.32596542821523,1
7.479522515621829,1
7.636298261282257,1
7.796360130405221,1
7.959777002314977,1
8.126619200091946,1
8.296958520834915,1
8.470868266557419,1
8.648423275731709,1
8.829699955494084,1
9.014776314524918,1
9.203731996618231,1
9.39664831495471,1
9.593608287093128,1
9.794696670695386,1
10,1
