#Pareto aproximation (linear regression) vs Original set
#ParetoLr(x), ParetoLr(CDF) 
1e-08,0
1.020960662306048e-08,0
1.042360673976401e-08,0
1.064209244064725e-08,0
1.086515774652537e-08,0
1.109289864895223e-08,0
1.132541315152813e-08,0
1.156280131207375e-08,0
1.180516528568806e-08,0
1.205260936870841e-08,0
1.230524004359262e-08,0
1.256316602474122e-08,0
1.28264983052806e-08,0
1.309535020482668e-08,0
1.336983741824945e-08,0
1.365007806546014e-08,0
1.393619274224144e-08,0
1.422830457214352e-08,0
1.452653925946781e-08,0
1.483102514336103e-08,0
1.514189325304352e-08,0
1.545927736419478e-08,0
1.578331405652117e-08,0
1.61141427725302e-08,0
1.645190587753661e-08,0
1.679674872092653e-08,0
1.714881969870541e-08,0
1.750827031735723e-08,0
1.787525525904235e-08,0
1.824993244816151e-08,0
1.86324631193156e-08,0
1.902301188668946e-08,0
1.942174681489025e-08,0
1.982883949127072e-08,0
2.024446509976802e-08,0
2.066880249629082e-08,0
2.110203428568597e-08,0
2.154434690031882e-08,0
2.199593068030075e-08,0
2.245697995539776e-08,0
2.292769312865649e-08,0
2.340827276178294e-08,0
2.389892566231048e-08,0
2.43998629725955e-08,0
2.491130026067791e-08,0
2.543345761304648e-08,0
2.596655972934873e-08,0
2.651083601908536e-08,0
2.706652070033241e-08,0
2.763385290053173e-08,0
2.821307675939471e-08,0
2.880444153396298e-08,0
2.940820170587061e-08,0
3.002461709085549e-08,0
3.06539529505653e-08,0
3.12964801067075e-08,0
3.195247505759214e-08,0
3.262222009711667e-08,0
3.330600343624589e-08,0
3.40041193270371e-08,0
3.471686818926559e-08,0
3.544455673970436e-08,0
3.618749812411276e-08,0
3.694601205199302e-08,0
3.772042493417001e-08,0
3.851107002325569e-08,0
3.93182875570577e-08,0
4.014242490499318e-08,0
4.098383671757262e-08,0
4.184288507901584e-08,0
4.271993966306777e-08,0
4.361537789208006e-08,0
4.45295850994266e-08,0
4.546295469532399e-08,0
4.641588833612782e-08,0
4.738879609717651e-08,0
4.838209664925958e-08,0
4.939621743878326e-08,0
5.043159487171359e-08,0.003668794059414338
5.148867450137498e-08,0.01246821673487275
5.256791122018419e-08,0.02118992445072687
5.366976945540476e-08,0.02983460357188761
5.479472336900293e-08,0.03840293440140863
5.594325706169378e-08,0.04689559123402665
5.711586478126435e-08,0.05531324240922708
5.831305113526219e-08,0.06365655036383566
5.95353313081437e-08,0.07192617168415461
6.078323128297236e-08,0.08012275715762918
6.2057288067765e-08,0.0882469518240635
6.335804992658255e-08,0.09629939502638563
6.46860766154632e-08,0.1042807204609558
6.604193962330306e-08,0.112191556227442
6.742622241778349e-08,0.1200325248782439
6.883952069645497e-08,0.1278042434674872
7.028244264308353e-08,0.1355073235995858
7.175560918936921e-08,0.1431423714773679
7.32596542821523e-08,0.1507099879497874
7.479522515621828e-08,0.1582107685592032
7.636298261282242e-08,0.1656453035882485
7.796360130405237e-08,0.1730141781062857
7.959777002314978e-08,0.1803179720154443
8.126619200091946e-08,0.1875572600962626
8.296958520834915e-08,0.1947326120529159
8.470868266557402e-08,0.201844592558052
8.648423275731727e-08,0.2088937612972306
8.829699955494083e-08,0.215880673012964
9.014776314524918e-08,0.2228058775483787
9.20373199661823e-08,0.2296699198904808
9.396648314954691e-08,0.2364733402130467
9.593608287093146e-08,0.2432166739191346
9.794696670695386e-08,0.2499004516832141
1e-07,0.2565251994929333
1.020960662306048e-07,0.2630914386905079
1.042360673976401e-07,0.2695996860137502
1.064209244064725e-07,0.2760504536367366
1.086515774652537e-07,0.2824442492101095
1.109289864895223e-07,0.2887815759010319
1.132541315152813e-07,0.2950629324327809
1.156280131207375e-07,0.301288813123997
1.180516528568806e-07,0.3074597079275869
1.205260936870841e-07,0.3135761024692765
1.230524004359261e-07,0.3196384780858329
1.256316602474121e-07,0.3256473118629393
1.28264983052806e-07,0.3316030766727418
1.309535020482668e-07,0.3375062412110642
1.336983741824945e-07,0.3433572700342888
1.365007806546014e-07,0.3491566235959195
1.393619274224144e-07,0.3549047582828134
1.422830457214352e-07,0.3606021264510996
1.452653925946781e-07,0.366249176461778
1.483102514336103e-07,0.3718463527160012
1.514189325304352e-07,0.3773940956900503
1.545927736419479e-07,0.3828928419699956
1.578331405652117e-07,0.3883430242860559
1.61141427725302e-07,0.3937450715466539
1.645190587753661e-07,0.3990994088721662
1.679674872092653e-07,0.4044064576283827
1.714881969870541e-07,0.409666635459663
1.750827031735723e-07,0.4148803563218049
1.787525525904236e-07,0.4200480305146225
1.824993244816151e-07,0.4251700647142321
1.86324631193156e-07,0.4302468620050593
1.902301188668946e-07,0.4352788219115579
1.942174681489024e-07,0.4402663404296508
1.982883949127071e-07,0.4452098100578965
2.024446509976802e-07,0.4501096198283726
2.066880249629082e-07,0.4549661553372958
2.110203428568597e-07,0.4597797987753628
2.154434690031882e-07,0.4645509289578292
2.199593068030075e-07,0.4692799213543222
2.245697995539772e-07,0.4739671481183847
2.292769312865649e-07,0.478612978116767
2.340827276178294e-07,0.4832177769584513
2.389892566231048e-07,0.4877819070234252
2.43998629725955e-07,0.4923057274912014
2.491130026067786e-07,0.49678959436908
2.543345761304648e-07,0.5012338605201689
2.596655972934872e-07,0.5056388756911496
2.651083601908536e-07,0.5100049865398019
2.706652070033241e-07,0.5143325366622863
2.763385290053167e-07,0.5186218666201805
2.82130767593947e-07,0.5228733139672836
2.880444153396298e-07,0.5270872132761778
2.940820170587061e-07,0.5312638961645582
3.002461709085549e-07,0.5354036913213323
3.065395295056524e-07,0.5395069245324826
3.12964801067075e-07,0.5435739187067091
3.195247505759214e-07,0.5476049939008372
3.262222009711673e-07,0.5516004673450069
3.330600343624589e-07,0.5555606534676367
3.400411932703703e-07,0.5594858639201694
3.471686818926559e-07,0.5633764076015966
3.544455673970435e-07,0.5672325906827673
3.618749812411284e-07,0.5710547166304841
3.694601205199302e-07,0.5748430862313831
3.772042493416994e-07,0.5785979976156063
3.851107002325569e-07,0.5823197462802627
3.93182875570577e-07,0.5860086251126817
4.014242490499326e-07,0.5896649244134635
4.098383671757261e-07,0.593288931919324
4.184288507901585e-07,0.5968809328257398
4.271993966306776e-07,0.6004412098093899
4.361537789208006e-07,0.6039700430504031
4.45295850994266e-07,0.6074677102544062
4.5462954695324e-07,0.6109344866743778
4.641588833612782e-07,0.6143706451323118
4.738879609717651e-07,0.6177764560406847
4.838209664925957e-07,0.6211521874237387
4.939621743878326e-07,0.6244981049385718
5.043159487171359e-07,0.627814471896045
5.148867450137498e-07,0.6311015492815051
5.25679112201842e-07,0.6343595957753203
5.366976945540476e-07,0.6375888677732411
5.479472336900293e-07,0.6407896194065738
5.594325706169378e-07,0.6439621025621822
5.711586478126435e-07,0.6471065669023102
5.831305113526218e-07,0.6502232598842271
5.95353313081437e-07,0.6533124267797045
6.078323128297237e-07,0.6563743106943154
6.205728806776501e-07,0.6594091525865671
6.335804992658255e-07,0.6624171912868646
6.468607661546321e-07,0.6653986635163034
6.604193962330305e-07,0.6683538039053005
6.742622241778349e-07,0.671282845012058
6.883952069645496e-07,0.6741860173408643
7.028244264308353e-07,0.6770635493602348
7.175560918936921e-07,0.6799156675208908
7.32596542821523e-07,0.6827425962735807
7.479522515621828e-07,0.6855445580867429
7.636298261282241e-07,0.6883217734640132
7.796360130405236e-07,0.6910744609615792
7.959777002314978e-07,0.6938028372053769
8.126619200091945e-07,0.6965071169081415
8.296958520834915e-07,0.6991875128863018
8.470868266557403e-07,0.7018442360767294
8.648423275731727e-07,0.7044774955533392
8.829699955494083e-07,0.7070874985435407
9.014776314524917e-07,0.7096744504445482
9.20373199661823e-07,0.7122385548395436
9.396648314954691e-07,0.7147800135136968
9.593608287093148e-07,0.7172990264700483
9.794696670695385e-07,0.7197957919452447
1e-06,0.7222705064251432
1.020960662306047e-06,0.7247233646602711
1.042360673976401e-06,0.7271545596811531
1.064209244064725e-06,0.7295642828135029
1.086515774652537e-06,0.7319527236932784
1.109289864895223e-06,0.7343200702816065
1.132541315152813e-06,0.7366665088795737
1.156280131207375e-06,0.7389922241428881
1.180516528568805e-06,0.7412973990964116
1.205260936870841e-06,0.7435822151485615
1.230524004359262e-06,0.7458468521055888
1.256316602474121e-06,0.7480914881857263
1.28264983052806e-06,0.750316300033215
1.309535020482668e-06,0.7525214627322052
1.336983741824945e-06,0.7547071498205339
1.365007806546014e-06,0.7568735333033831
1.393619274224143e-06,0.7590207836668149
1.422830457214352e-06,0.7611490698911878
1.452653925946781e-06,0.7632585594644565
1.483102514336103e-06,0.7653494183953502
1.514189325304352e-06,0.7674218112264392
1.545927736419479e-06,0.7694759010470817
1.57833140565212e-06,0.77151184950626
1.61141427725302e-06,0.7735298168253002
1.645190587753661e-06,0.7755299618104823
1.679674872092653e-06,0.777512441865537
1.714881969870541e-06,0.7794774130040326
1.750827031735727e-06,0.781425029861653
1.787525525904235e-06,0.7833554457083663
1.82499324481615e-06,0.7852688124604883
1.86324631193156e-06,0.7871652806926355
1.902301188668946e-06,0.7890449996495762
1.942174681489028e-06,0.7909081172579747
1.982883949127071e-06,0.7927547801380331
2.024446509976802e-06,0.7945851336150298
2.066880249629082e-06,0.7963993217307556
2.110203428568597e-06,0.7981974872548493
2.154434690031886e-06,0.7999797716960335
2.199593068030075e-06,0.8017463153132501
2.245697995539772e-06,0.8034972571266993
2.292769312865649e-06,0.8052327349287789
2.340827276178294e-06,0.8069528852949284
2.389892566231052e-06,0.8086578435943765
2.43998629725955e-06,0.8103477440007951
2.491130026067786e-06,0.8120227195028579
2.543345761304648e-06,0.8136829019147056
2.596655972934872e-06,0.8153284218863195
2.651083601908542e-06,0.816959408913803
2.706652070033241e-06,0.818575991349573
2.763385290053167e-06,0.8201782964124601
2.821307675939471e-06,0.8217664501977207
2.880444153396298e-06,0.8233405776869596
2.940820170587067e-06,0.8249008027579662
3.002461709085549e-06,0.8264472481944628
3.065395295056524e-06,0.8279800356957676
3.129648010670751e-06,0.8294992858863719
3.195247505759214e-06,0.8310051183254321
3.262222009711673e-06,0.8324976515161794
3.330600343624589e-06,0.833977002915245
3.400411932703702e-06,0.8354432889419041
3.47168681892656e-06,0.8368966249872369
3.544455673970436e-06,0.8383371254232101
3.618749812411284e-06,0.839764903611677
3.694601205199302e-06,0.8411800719132986
3.772042493416993e-06,0.8425827416963867
3.851107002325569e-06,0.8439730233456679
3.93182875570577e-06,0.8453510262709694
4.014242490499326e-06,0.8467168589158307
4.098383671757261e-06,0.8480706287660363
4.184288507901576e-06,0.8494124423580758
4.271993966306777e-06,0.8507424052875269
4.361537789208005e-06,0.8520606222173653
4.45295850994266e-06,0.8533671968862023
4.5462954695324e-06,0.8546622321164472
4.641588833612773e-06,0.8559458298224004
4.738879609717651e-06,0.857218091018273
4.838209664925957e-06,0.8584791158261359
4.939621743878326e-06,0.8597290034837997
5.043159487171359e-06,0.8609678523526239
5.148867450137487e-06,0.8621957599252578
5.25679112201842e-06,0.8634128228333128
5.366976945540476e-06,0.8646191368549666
5.479472336900293e-06,0.865814796922501
5.594325706169378e-06,0.8669998971297722
5.711586478126423e-06,0.8681745307396165
5.831305113526219e-06,0.8693387901911889
5.95353313081437e-06,0.8704927671072376
6.078323128297237e-06,0.8716365523013153
6.205728806776501e-06,0.872770235784925
6.335804992658241e-06,0.8738939067746039
6.468607661546321e-06,0.8750076536989446
6.604193962330305e-06,0.8761115642055537
6.742622241778349e-06,0.8772057251679493
6.883952069645496e-06,0.878290222692398
7.028244264308338e-06,0.8793651421246909
7.175560918936921e-06,0.8804305680568603
7.32596542821523e-06,0.8814865843338361
7.479522515621829e-06,0.8825332740600444
7.636298261282242e-06,0.8835707196059481
7.796360130405221e-06,0.884599002614528
7.959777002314978e-06,0.8856182040077089
8.126619200091945e-06,0.886628403992727
8.296958520834915e-06,0.8876296820684423
8.470868266557402e-06,0.8886221170315948
8.648423275731709e-06,0.8896057869830056
8.829699955494083e-06,0.8905807693337231
9.014776314524917e-06,0.8915471408111145
9.20373199661823e-06,0.8925049774649049
9.396648314954691e-06,0.8934543546731608
9.593608287093147e-06,0.8943953471482236
9.794696670695386e-06,0.8953280289425878
1e-05,0.8962524734547298
1.020960662306048e-05,0.8971687534348829
1.042360673976401e-05,0.8980769409907634
1.064209244064725e-05,0.898977107593245
1.086515774652537e-05,0.8998693240819829
1.109289864895223e-05,0.9007536606709892
1.132541315152813e-05,0.9016301869541578
1.156280131207375e-05,0.9024989719107415
1.180516528568806e-05,0.9033600839107808
1.205260936870841e-05,0.9042135907204838
1.230524004359262e-05,0.9050595595075591
1.256316602474121e-05,0.9058980568465023
1.28264983052806e-05,0.9067291487238341
1.309535020482668e-05,0.9075529005432946
1.336983741824945e-05,0.9083693771309889
1.365007806546014e-05,0.9091786427404894
1.393619274224143e-05,0.9099807610578925
1.422830457214352e-05,0.9107757952068298
1.452653925946781e-05,0.9115638077534363
1.483102514336103e-05,0.9123448607112736
1.514189325304352e-05,0.9131190155462108
1.545927736419479e-05,0.9138863331812608
1.578331405652116e-05,0.9146468740013751
1.61141427725302e-05,0.9154006978581964
1.645190587753661e-05,0.9161478640747677
1.679674872092653e-05,0.9168884314502014
1.714881969870541e-05,0.9176224582643064
1.750827031735727e-05,0.9183500022821748
1.787525525904236e-05,0.919071120758727
1.82499324481615e-05,0.9197858704432185
1.86324631193156e-05,0.920494307583705
1.902301188668946e-05,0.9211964879314695
1.942174681489028e-05,0.9218924667454091
1.982883949127071e-05,0.9225822987963843
2.024446509976802e-05,0.9232660383715287
2.066880249629082e-05,0.9239437392785216
2.110203428568597e-05,0.9246154548498223
2.154434690031887e-05,0.9252812379468672
2.199593068030075e-05,0.9259411409642296
2.245697995539772e-05,0.9265952158337432
2.292769312865649e-05,0.9272435140285888
2.340827276178294e-05,0.9278860865673453
2.389892566231053e-05,0.928522984018004
2.43998629725955e-05,0.929154256501949
2.491130026067786e-05,0.929779953697901
2.543345761304648e-05,0.9304001248458267
2.596655972934872e-05,0.9310148187508144
2.651083601908542e-05,0.9316240837869142
2.706652070033241e-05,0.9322279679009449
2.763385290053167e-05,0.9328265186162678
2.821307675939471e-05,0.933419783036526
2.880444153396298e-05,0.9340078078493514
2.940820170587067e-05,0.9345906393300391
3.002461709085549e-05,0.9351683233451885
3.065395295056524e-05,0.9357409053563137
3.12964801067075e-05,0.9363084304234206
3.195247505759214e-05,0.9368709432085527
3.262222009711673e-05,0.9374284879793064
3.330600343624589e-05,0.9379811086123145
3.400411932703703e-05,0.9385288485966988
3.471686818926559e-05,0.9390717510374932
3.544455673970435e-05,0.9396098586590351
3.618749812411284e-05,0.9401432138083282
3.694601205199302e-05,0.9406718584583749
3.772042493416993e-05,0.9411958342114792
3.851107002325569e-05,0.9417151823025214
3.93182875570577e-05,0.9422299436022018
4.014242490499326e-05,0.9427401586202584
4.098383671757261e-05,0.9432458675086539
4.184288507901576e-05,0.9437471100647363
4.271993966306776e-05,0.9442439257343701
4.361537789208006e-05,0.9447363536150409
4.45295850994266e-05,0.9452244324589323
4.5462954695324e-05,0.9457082006759749
4.641588833612772e-05,0.9461876963368704
4.738879609717651e-05,0.946662957176086
4.838209664925957e-05,0.9471340205948249
4.939621743878326e-05,0.9476009236639695
5.043159487171359e-05,0.9480637031269986
5.148867450137487e-05,0.9485223954028791
5.256791122018419e-05,0.9489770365889318
5.366976945540476e-05,0.9494276624636725
5.479472336900293e-05,0.9498743084896273
5.594325706169377e-05,0.9503170098161234
5.711586478126424e-05,0.9507558012820555
5.831305113526218e-05,0.9511907174186272
5.95353313081437e-05,0.9516217924520683
6.078323128297237e-05,0.9520490603063292
6.2057288067765e-05,0.9524725546057491
6.335804992658241e-05,0.9528923086777035
6.468607661546321e-05,0.953308355555226
6.604193962330305e-05,0.9537207279796086
6.742622241778349e-05,0.9541294584029778
6.883952069645496e-05,0.9545345789908483
7.028244264308338e-05,0.9549361216246549
7.175560918936922e-05,0.9553341179042613
7.32596542821523e-05,0.9557285991504465
7.479522515621829e-05,0.9561195964073698
7.636298261282242e-05,0.9565071404450141
7.79636013040522e-05,0.9568912617616071
7.959777002314978e-05,0.9572719905860216
8.126619200091945e-05,0.9576493568801544
8.296958520834916e-05,0.9580233903412836
8.470868266557403e-05,0.9583941204044066
8.648423275731709e-05,0.9587615762445558
8.829699955494083e-05,0.9591257867790952
9.014776314524917e-05,0.9594867806699952
9.203731996618231e-05,0.9598445863260889
9.39664831495469e-05,0.9601992319053078
9.593608287093147e-05,0.9605507453168971
9.794696670695385e-05,0.9608991542236127
0.0001,0.9612444860438978
0.0001020960662306048,0.9615867679540407
0.0001042360673976401,0.9619260268903136
0.0001064209244064725,0.9622622895510921
0.0001086515774652537,0.9625955823989563
0.0001109289864895223,0.9629259316627738
0.0001132541315152813,0.9632533633397633
0.0001156280131207375,0.9635779031975404
0.0001180516528568806,0.963899576776146
0.0001205260936870841,0.9642184093900555
0.0001230524004359262,0.9645344261301715
0.0001256316602474122,0.9648476518657979
0.000128264983052806,0.9651581112465976
0.0001309535020482668,0.9654658287045317
0.0001336983741824945,0.9657708284557827
0.0001365007806546014,0.9660731345026599
0.0001393619274224143,0.9663727706354885
0.0001422830457214352,0.9666697604344817
0.0001452653925946781,0.9669641272715963
0.0001483102514336103,0.967255894312372
0.0001514189325304352,0.9675450845177549
0.0001545927736419478,0.9678317206459036
0.0001578331405652116,0.9681158252539809
0.000161141427725302,0.9683974206999285
0.0001645190587753661,0.9686765291442269
0.0001679674872092653,0.9689531725516389
0.0001714881969870541,0.9692273726929386
0.0001750827031735723,0.9694991511466241
0.0001787525525904235,0.9697685293006163
0.0001824993244816151,0.9700355283539417
0.000186324631193156,0.9703001693184004
0.0001902301188668946,0.9705624730202204
0.0001942174681489025,0.9708224601016956
0.0001982883949127071,0.9710801510228114
0.0002024446509976802,0.9713355660628537
0.0002066880249629082,0.9715887253220055
0.0002110203428568597,0.9718396487229284
0.0002154434690031882,0.9720883560123306
0.0002199593068030075,0.9723348667625209
0.0002245697995539772,0.9725792003729488
0.0002292769312865649,0.9728213760717312
0.0002340827276178294,0.973061412917166
0.0002389892566231048,0.9732993297992311
0.000243998629725955,0.9735351454410716
0.0002491130026067791,0.973768878400473
0.0002543345761304648,0.9740005470713219
0.0002596655972934873,0.9742301696850533
0.0002651083601908536,0.9744577643120849
0.0002706652070033241,0.9746833488632402
0.0002763385290053172,0.9749069410911572
0.0002821307675939471,0.9751285585916857
0.0002880444153396298,0.975348218805272
0.000294082017058706,0.9755659390183316
0.0003002461709085549,0.9757817363646093
0.000306539529505653,0.9759956278265276
0.000312964801067075,0.9762076302365233
0.0003195247505759214,0.9764177602783722
0.0003262222009711667,0.9766260344885016
0.0003330600343624589,0.9768324692572923
0.000340041193270371,0.9770370808303679
0.000347168681892656,0.9772398853098735
0.0003544455673970436,0.977440898655743
0.0003618749812411277,0.9776401366869549
0.0003694601205199302,0.9778376150827773
0.0003772042493417001,0.9780333493840017
0.0003851107002325569,0.978227354994166
0.000393182875570577,0.9784196471807669
0.0004014242490499318,0.9786102410764612
0.0004098383671757261,0.9787991516802566
0.0004184288507901585,0.9789863938586921
0.0004271993966306776,0.9791719823470085
0.0004361537789208006,0.9793559317503072
0.0004452958509942651,0.9795382565446997
0.0004546295469532399,0.9797189710784476
0.0004641588833612782,0.9798980895730907
0.0004738879609717651,0.9800756261245666
0.0004838209664925957,0.9802515947043204
0.0004939621743878316,0.9804260091604037
0.0005043159487171359,0.9805988832185645
0.0005148867450137498,0.9807702304833273
0.0005256791122018419,0.980940064439064
0.0005366976945540476,0.9811083984510549
0.0005479472336900282,0.9812752457665402
0.0005594325706169377,0.9814406195157633
0.0005711586478126435,0.9816045327130031
0.0005831305113526219,0.9817669982575987
0.000595353313081437,0.981928028934965
0.0006078323128297224,0.9820876374175979
0.0006205728806776501,0.982245836266072
0.0006335804992658254,0.9824026379300292
0.0006468607661546321,0.9825580547491588
0.0006604193962330305,0.9827120989541673
0.0006742622241778335,0.9828647826677425
0.0006883952069645496,0.9830161179055061
0.0007028244264308353,0.9831661165769605
0.0007175560918936921,0.983314790486425
0.000732596542821523,0.9834621513339656
0.0007479522515621828,0.9836082107163151
0.0007636298261282241,0.983752980127786
0.0007796360130405237,0.9838964709611754
0.0007959777002314978,0.9840386945086605
0.0008126619200091946,0.9841796619626889
0.0008296958520834915,0.9843193844168576
0.0008470868266557402,0.9844578728667875
0.0008648423275731727,0.9845951382109878
0.0008829699955494083,0.9847311912517138
0.0009014776314524918,0.9848660426958178
0.000920373199661823,0.9849997031555904
0.000939664831495469,0.9851321831495967
0.0009593608287093146,0.9852634931035036
0.0009794696670695387,0.9853936433509001
0.001,0.9855226441341111
0.001020960662306047,0.9856505056050029
0.001042360673976401,0.9857772378257823
0.001064209244064725,0.9859028507697886
0.001086515774652537,0.9860273543222779
0.001109289864895223,0.986150758281202
0.001132541315152813,0.9862730723579786
0.001156280131207375,0.9863943061782559
0.001180516528568806,0.9865144692826698
0.001205260936870841,0.9866335711275956
0.001230524004359262,0.9867516210858911
0.001256316602474122,0.9868686284476347
0.00128264983052806,0.9869846024208564
0.001309535020482668,0.9870995521322627
0.001336983741824945,0.9872134866279546
0.001365007806546014,0.9873264148741394
0.001393619274224143,0.9874383457578364
0.001422830457214352,0.9875492880875765
0.001452653925946781,0.9876592505940949
0.001483102514336103,0.9877682419310188
0.001514189325304352,0.9878762706755478
0.001545927736419478,0.9879833453291296
0.001578331405652117,0.988089474318128
0.00161141427725302,0.9881946659944869
0.001645190587753661,0.9882989286363877
0.001679674872092653,0.9884022704488996
0.001714881969870541,0.9885046995646267
0.001750827031735723,0.9886062240443469
0.001787525525904235,0.9887068518776473
0.00182499324481615,0.9888065909835516
0.00186324631193156,0.9889054492111448
0.001902301188668946,0.9890034343401896
0.001942174681489024,0.9891005540817396
0.001982883949127072,0.9891968160787454
0.002024446509976802,0.9892922279066566
0.002066880249629082,0.9893867970740179
0.002110203428568597,0.9894805310230594
0.002154434690031882,0.9895734371302831
0.002199593068030075,0.989665522707043
0.002245697995539772,0.9897567950001203
0.002292769312865649,0.989847261192294
0.002340827276178294,0.9899369284029061
0.002389892566231048,0.990025803688422
0.00243998629725955,0.990113894042985
0.002491130026067791,0.9902012063989681
0.002543345761304648,0.9902877476275184
0.002596655972934872,0.9903735245390982
0.002651083601908536,0.9904585438840211
0.002706652070033241,0.9905428123529834
0.002763385290053173,0.9906263365775896
0.002821307675939471,0.9907091231308758
0.002880444153396298,0.9907911785278257
0.002940820170587061,0.9908725092258841
0.003002461709085549,0.9909531216254646
0.00306539529505653,0.9910330220704535
0.00312964801067075,0.9911122168487091
0.003195247505759214,0.9911907121925563
0.003262222009711667,0.9912685142792773
0.003330600343624588,0.9913456292315976
0.00340041193270371,0.9914220631181679
0.003471686818926559,0.9914978219540416
0.003544455673970436,0.991572911701148
0.003618749812411277,0.9916473382687622
0.003694601205199302,0.991721107513969
0.003772042493417001,0.991794225242125
0.003851107002325569,0.9918666972073146
0.003931828755705771,0.991938529112803
0.004014242490499318,0.9920097266114856
0.004098383671757262,0.992080295306332
0.004184288507901585,0.9921502407508276
0.004271993966306777,0.9922195684494104
0.004361537789208006,0.992288283857904
0.004452958509942651,0.9923563923839471
0.0045462954695324,0.9924238993874195
0.004641588833612782,0.9924908101808628
0.004738879609717651,0.9925571300298999
0.004838209664925958,0.992622864153648
0.004939621743878316,0.9926880177251303
0.005043159487171359,0.9927525958716827
0.005148867450137497,0.9928166036753576
0.005256791122018419,0.992880046173323
0.005366976945540477,0.9929429283582603
0.005479472336900281,0.9930052551787557
0.005594325706169377,0.9930670315396909
0.005711586478126435,0.9931282623026281
0.005831305113526219,0.9931889522861933
0.00595353313081437,0.9932491062664552
0.006078323128297224,0.9933087289773012
0.0062057288067765,0.9933678251108095
0.006335804992658254,0.993426399317619
0.006468607661546321,0.9934844562072949
0.006604193962330305,0.9935420003486914
0.006742622241778335,0.9935990362703117
0.006883952069645496,0.9936555684606636
0.007028244264308352,0.9937116013686136
0.007175560918936921,0.9937671394037362
0.00732596542821523,0.9938221869366618
0.007479522515621813,0.9938767482994196
0.007636298261282242,0.9939308277857795
0.007796360130405237,0.9939844296515894
0.007959777002314978,0.9940375581151104
0.008126619200091946,0.9940902173573485
0.008296958520834915,0.9941424115223839
0.008470868266557402,0.994194144717697
0.008648423275731726,0.9942454210144915
0.008829699955494083,0.9942962444480153
0.009014776314524917,0.9943466190178775
0.00920373199661823,0.994396548688363
0.009396648314954691,0.9944460373887454
0.009593608287093146,0.9944950890135954
0.009794696670695385,0.9945437074230874
0.01,0.9945918964433037
0.01020960662306048,0.9946396598665351
0.01042360673976401,0.9946870014515797
0.01064209244064725,0.9947339249240383
0.01086515774652537,0.9947804339766082
0.01109289864895223,0.9948265322693731
0.01132541315152813,0.9948722234300919
0.01156280131207375,0.9949175110544831
0.01180516528568806,0.9949623987065092
0.01205260936870841,0.9950068899186558
0.01230524004359262,0.9950509881922107
0.01256316602474121,0.9950946969975386
0.0128264983052806,0.9951380197743547
0.01309535020482668,0.9951809599319951
0.01336983741824945,0.9952235208496855
0.01365007806546014,0.9952657058768064
0.01393619274224144,0.9953075183331579
0.01422830457214352,0.9953489615092194
0.01452653925946781,0.9953900386664098
0.01483102514336103,0.9954307530373439
0.01514189325304352,0.9954711078260861
0.01545927736419479,0.9955111062084033
0.01578331405652117,0.9955507513320148
0.0161141427725302,0.9955900463168394
0.01645190587753661,0.9956289942552419
0.01679674872092653,0.995667598212275
0.01714881969870541,0.9957058612259223
0.01750827031735723,0.9957437863073358
0.01787525525904235,0.9957813764410741
0.0182499324481615,0.995818634585336
0.0186324631193156,0.9958555636721947
0.01902301188668946,0.9958921666078274
0.01942174681489025,0.9959284462727446
0.01982883949127071,0.9959644055220167
0.02024446509976802,0.9960000471854984
0.02066880249629082,0.996035374068052
0.02110203428568597,0.9960703889497673
0.02154434690031882,0.9961050945861811
0.02199593068030075,0.9961394937084939
0.02245697995539772,0.9961735890237843
0.02292769312865649,0.9962073832152228
0.02340827276178294,0.9962408789422825
0.02389892566231048,0.9962740788409487
0.0243998629725955,0.9963069855239256
0.02491130026067786,0.996339601580843
0.02543345761304648,0.9963719295784593
0.02596655972934872,0.996403972060864
0.02651083601908536,0.996435731549677
0.02706652070033241,0.9964672105442485
0.02763385290053173,0.9964984115218544
0.02821307675939471,0.9965293369378917
0.02880444153396298,0.996559989226072
0.02940820170587061,0.9965903707986128
0.03002461709085549,0.9966204840464271
0.0306539529505653,0.9966503313393119
0.03129648010670751,0.9966799150261345
0.03195247505759213,0.9967092374350175
0.03262222009711666,0.9967383008735219
0.03330600343624589,0.9967671076288287
0.0340041193270371,0.9967956599679189
0.03471686818926559,0.996823960137752
0.03544455673970436,0.9968520103654428
0.03618749812411277,0.9968798128584363
0.03694601205199302,0.9969073698046822
0.03772042493417001,0.9969346833728061
0.03851107002325569,0.9969617557122812
0.0393182875570577,0.9969885889535964
0.04014242490499318,0.997015185208425
0.04098383671757262,0.9970415465697899
0.04184288507901585,0.9970676751122294
0.04271993966306777,0.997093572891959
0.04361537789208006,0.9971192419470348
0.04452958509942651,0.9971446842975129
0.04546295469532399,0.9971699019456085
0.04641588833612782,0.9971948968758537
0.04738879609717651,0.9972196710552536
0.04838209664925957,0.9972442264334408
0.04939621743878315,0.9972685649428294
0.05043159487171359,0.9972926884987667
0.05148867450137497,0.9973165989996839
0.05256791122018419,0.9973402983272457
0.05366976945540476,0.997363788346498
0.05479472336900281,0.9973870709060151
0.05594325706169378,0.9974101478380453
0.05711586478126435,0.9974330209586543
0.05831305113526219,0.9974556920678689
0.0595353313081437,0.9974781629498184
0.06078323128297224,0.997500435372875
0.062057288067765,0.9975225110897928
0.06335804992658255,0.9975443918378459
0.0646860766154632,0.9975660793389654
0.06604193962330306,0.997587575299874
0.06742622241778336,0.9976088814122215
0.06883952069645496,0.9976299993527171
0.07028244264308353,0.9976509307832617
0.07175560918936921,0.9976716773510784
0.0732596542821523,0.9976922406888427
0.07479522515621813,0.9977126224148098
0.07636298261282241,0.9977328241329438
0.07796360130405237,0.997752847433042
0.07959777002314977,0.9977726938908615
0.08126619200091946,0.9977923650682422
0.08296958520834916,0.9978118625132302
0.08470868266557402,0.9978311877601995
0.08648423275731726,0.9978503423299731
0.08829699955494083,0.9978693277299417
0.09014776314524918,0.9978881454541838
0.09203731996618231,0.9979067969835818
0.09396648314954691,0.9979252837859395
0.09593608287093147,0.9979436073160972
0.09794696670695385,0.9979617690160465
0.1,0.9979797703150433
0.1020960662306048,0.9979976126297209
0.1042360673976401,0.9980152973642007
0.1064209244064725,0.9980328259102037
0.1086515774652537,0.9980501996471589
0.1109289864895223,0.9980674199423129
0.1132541315152813,0.9980844881508367
0.1156280131207375,0.9981014056159327
0.1180516528568806,0.9981181736689407
0.1205260936870841,0.9981347936294418
0.1230524004359262,0.9981512668053633
0.1256316602474122,0.9981675944930808
0.128264983052806,0.9981837779775206
0.1309535020482668,0.9981998185322608
0.1336983741824945,0.9982157174196314
0.1365007806546014,0.9982314758908141
0.1393619274224144,0.9982470951859397
0.1422830457214352,0.9982625765341869
0.1452653925946781,0.9982779211538785
0.1483102514336103,0.9982931302525769
0.1514189325304352,0.9983082050271799
0.1545927736419478,0.9983231466640144
0.1578331405652116,0.9983379563389299
0.161141427725302,0.9983526352173908
0.1645190587753661,0.9983671844545685
0.1679674872092653,0.9983816051954323
0.1714881969870541,0.9983958985748389
0.1750827031735723,0.9984100657176225
0.1787525525904236,0.9984241077386827
0.182499324481615,0.9984380257430729
0.186324631193156,0.9984518208260864
0.1902301188668946,0.9984654940733433
0.1942174681489025,0.9984790465608757
0.1982883949127071,0.9984924793552123
0.2024446509976802,0.9985057935134625
0.2066880249629082,0.9985189900833993
0.2110203428568597,0.9985320701035423
0.2154434690031882,0.9985450346032386
0.2199593068030075,0.9985578846027447
0.2245697995539772,0.9985706211133062
0.2292769312865649,0.9985832451372376
0.2340827276178294,0.9985957576680011
0.2389892566231048,0.9986081596902848
0.243998629725955,0.9986204521800803
0.2491130026067786,0.9986326361047593
0.2543345761304648,0.9986447124231498
0.2596655972934873,0.9986566820856119
0.2651083601908536,0.9986685460341118
0.2706652070033241,0.998680305202297
0.2763385290053172,0.9986919605155686
0.2821307675939471,0.9987035128911553
0.2880444153396298,0.9987149632381844
0.2940820170587061,0.9987263124577546
0.3002461709085549,0.9987375614430054
0.306539529505653,0.9987487110791893
0.312964801067075,0.9987597622437394
0.3195247505759213,0.9987707158063402
0.3262222009711667,0.9987815726289949
0.3330600343624588,0.9987923335660939
0.340041193270371,0.9988029994644815
0.3471686818926559,0.9988135711635229
0.3544455673970436,0.9988240494951702
0.3618749812411277,0.9988344352840282
0.3694601205199303,0.9988447293474182
0.3772042493417002,0.9988549324954437
0.3851107002325569,0.9988650455310532
0.393182875570577,0.9988750692501037
0.4014242490499318,0.9988850044414236
0.4098383671757261,0.9988948518868741
0.4184288507901585,0.9989046123614115
0.4271993966306777,0.9989142866331476
0.4361537789208006,0.9989238754634104
0.4452958509942651,0.9989333796068042
0.4546295469532399,0.9989427998112683
0.4641588833612782,0.9989521368181369
0.4738879609717651,0.9989613913621964
0.4838209664925957,0.998970564171744
0.4939621743878316,0.9989796559686446
0.5043159487171359,0.9989886674683875
0.5148867450137498,0.9989975993801434
0.5256791122018419,0.9990064524068194
0.5366976945540476,0.9990152272451145
0.5479472336900282,0.9990239245855751
0.5594325706169377,0.9990325451126483
0.5711586478126435,0.9990410895047364
0.5831305113526218,0.9990495584342505
0.595353313081437,0.9990579525676626
0.6078323128297224,0.9990662725655589
0.62057288067765,0.9990745190826913
0.6335804992658254,0.999082692768029
0.6468607661546321,0.9990907942648096
0.6604193962330305,0.9990988242105899
0.6742622241778335,0.9991067832372957
0.6883952069645496,0.9991146719712719
0.7028244264308353,0.9991224910333315
0.7175560918936921,0.9991302410388048
0.732596542821523,0.9991379225975874
0.7479522515621814,0.9991455363141883
0.7636298261282242,0.9991530827877781
0.7796360130405237,0.9991605626122351
0.7959777002314977,0.9991679763761928
0.8126619200091946,0.999175324663086
0.8296958520834898,0.9991826080511965
0.8470868266557402,0.9991898271136992
0.8648423275731727,0.9991969824187065
0.8829699955494082,0.9992040745293134
0.9014776314524917,0.9992111040036418
0.9203731996618231,0.9992180713948843
0.9396648314954691,0.9992249772513478
0.9593608287093147,0.999231822116497
0.9794696670695385,0.9992386065289961
1,0.9992453310227526
1.020960662306048,0.9992519961269581
1.042360673976403,0.999258602366131
1.064209244064722,0.9992651502601566
1.086515774652537,0.9992716403243294
1.109289864895223,0.9992780730693922
1.132541315152813,0.9992844490015775
1.156280131207378,0.9992907686226468
1.180516528568803,0.9992970324299297
1.205260936870841,0.999303240916364
1.230524004359262,0.9993093945705338
1.256316602474121,0.9993154938767079
1.282649830528062,0.9993215393148783
1.309535020482665,0.9993275313607979
1.336983741824945,0.9993334704860175
1.365007806546014,0.9993393571579237
1.393619274224144,0.9993451918397747
1.422830457214355,0.9993509749907378
1.452653925946778,0.9993567070659246
1.483102514336103,0.9993623885164276
1.514189325304352,0.9993680197893549
1.545927736419479,0.9993736013278662
1.57833140565212,0.9993791335712071
1.611414277253017,0.999384616954744
1.645190587753661,0.9993900519099981
1.679674872092653,0.9993954388646794
1.714881969870541,0.9994007782427208
1.750827031735727,0.9994060704643105
1.787525525904232,0.9994113159459262
1.824993244816151,0.9994165151003673
1.86324631193156,0.999421668336787
1.902301188668946,0.9994267760607255
1.942174681489028,0.9994318386741409
1.982883949127067,0.9994368565754415
2.024446509976802,0.9994418301595168
2.066880249629082,0.9994467598177688
2.110203428568596,0.9994516459381427
2.154434690031886,0.9994564889051574
2.19959306803007,0.9994612890999358
2.245697995539772,0.9994660469002348
2.292769312865649,0.9994707626804751
2.340827276178294,0.9994754368117703
2.389892566231053,0.9994800696619568
2.439986297259545,0.999484661595622
2.491130026067786,0.9994892129741334
2.543345761304648,0.9994937241556672
2.596655972934872,0.9994981954952359
2.651083601908542,0.9995026273447168
2.706652070033236,0.9995070200528795
2.763385290053167,0.9995113739654131
2.821307675939471,0.9995156894249541
2.880444153396298,0.9995199667711122
2.940820170587067,0.9995242063404984
3.002461709085543,0.9995284084667505
3.065395295056524,0.9995325734805597
3.12964801067075,0.9995367017096964
3.195247505759214,0.9995407934790367
3.262222009711673,0.9995448491105869
3.330600343624582,0.9995488689235098
3.400411932703703,0.9995528532341491
3.47168681892656,0.9995568023560547
3.544455673970436,0.9995607166000076
3.618749812411284,0.9995645962740435
3.694601205199295,0.9995684416834779
3.772042493416994,0.9995722531309299
3.851107002325569,0.9995760309163456
3.93182875570577,0.9995797753370224
4.014242490499326,0.9995834866876316
4.098383671757253,0.9995871652602424
4.184288507901576,0.9995908113443444
4.271993966306777,0.9995944252268703
4.361537789208006,0.9995980071922187
4.45295850994266,0.9996015575222766
4.54629546953239,0.9996050764964415
4.641588833612772,0.999608564391643
4.738879609717651,0.9996120214823651
4.838209664925957,0.9996154480406675
4.939621743878326,0.9996188443362072
5.043159487171349,0.9996222106362597
5.148867450137487,0.9996255472057398
5.256791122018419,0.9996288543072228
5.366976945540476,0.9996321322009648
5.479472336900293,0.9996353811449236
5.594325706169389,0.9996386013947783
5.711586478126423,0.9996417932039505
5.831305113526219,0.9996449568236232
5.95353313081437,0.9996480925027612
6.078323128297236,0.9996512004881303
6.205728806776513,0.9996542810243171
6.335804992658241,0.9996573343537479
6.46860766154632,0.9996603607167082
6.604193962330306,0.9996633603513608
6.742622241778349,0.9996663334937657
6.883952069645511,0.9996692803778977
7.028244264308339,0.9996722012356652
7.175560918936921,0.9996750962969287
7.32596542821523,0.9996779657895182
7.479522515621829,0.9996808099392519
7.636298261282257,0.9996836289699532
7.796360130405221,0.9996864231034693
7.959777002314977,0.9996891925596877
8.126619200091946,0.9996919375565539
8.296958520834915,0.9996946583100886
8.470868266557419,0.9996973550344047
8.648423275731709,0.9997000279417241
8.829699955494084,0.9997026772423943
9.014776314524918,0.999705303144905
9.203731996618231,0.9997079058559047
9.39664831495471,0.9997104855802169
9.593608287093128,0.9997130425208558
9.794696670695386,0.999715576879043
10,0.9997180888542225
