#QQplot - Weibull
#Estimatedpoints(x), Empiricalsample(y), xrule yrule
1.286949671006697e-06,4.2e-05,0,0
1.452791086210855e-06,7.8e-05,0.01337114232209738,0.01337114232209738
4.970659943932968e-06,7.9e-05,0.02674228464419475,0.02674228464419475
8.750819532710316e-06,0.000278,0.04011342696629213,0.04011342696629213
1.33048650166014e-05,0.000282,0.05348456928838951,0.05348456928838951
1.757403706215441e-05,0.000285,0.06685571161048688,0.06685571161048688
2.976153559319285e-05,0.000289,0.08022685393258426,0.08022685393258426
3.317883463843976e-05,0.000329,0.09359799625468164,0.09359799625468164
3.51571522703529e-05,0.000458,0.106969138576779,0.106969138576779
4.472083754213576e-05,0.000469,0.1203402808988764,0.1203402808988764
5.015191648625919e-05,0.000474,0.1337114232209738,0.1337114232209738
5.173983906682423e-05,0.000486,0.1470825655430711,0.1470825655430711
8.540542753011209e-05,0.000498,0.1604537078651685,0.1604537078651685
9.80306450047548e-05,0.000514,0.1738248501872659,0.1738248501872659
0.0001125014561709007,0.000514,0.1871959925093633,0.1871959925093633
0.0001140795943464458,0.000515,0.2005671348314607,0.2005671348314607
0.0001403454846536527,0.000528,0.213938277153558,0.213938277153558
0.0001413986041832611,0.000538,0.2273094194756554,0.2273094194756554
0.0001598216643592351,0.000549,0.2406805617977528,0.2406805617977528
0.0001638445959693807,0.0005910000000000001,0.2540517041198502,0.2540517041198502
0.0002025689972350494,0.000627,0.2674228464419475,0.2674228464419475
0.0002026585120599504,0.000635,0.2807939887640449,0.2807939887640449
0.000205791755962146,0.000661,0.2941651310861423,0.2941651310861423
0.000256775194444614,0.000669,0.3075362734082397,0.3075362734082397
0.0002622069267940561,0.000677,0.320907415730337,0.320907415730337
0.0002858739053472923,0.00098,0.3342785580524344,0.3342785580524344
0.0003183344392074745,0.001104,0.3476497003745318,0.3476497003745318
0.0003570160646925439,0.001431,0.3610208426966292,0.3610208426966292
0.0003604911158286741,0.001491,0.3743919850187266,0.3743919850187266
0.000391647420897118,0.001714,0.387763127340824,0.387763127340824
0.0004367170096459608,0.001887,0.4011342696629213,0.4011342696629213
0.0004390818873409131,0.001954,0.4145054119850187,0.4145054119850187
0.0004738509275485177,0.001985,0.4278765543071161,0.4278765543071161
0.0004838238757328994,0.002325,0.4412476966292134,0.4412476966292134
0.0004844526703601296,0.002365,0.4546188389513108,0.4546188389513108
0.0005517036962599762,0.002412,0.4679899812734082,0.4679899812734082
0.0005957711486534261,0.002432,0.4813611235955056,0.4813611235955056
0.0006694656315565607,0.002433,0.4947322659176029,0.4947322659176029
0.0006927781213390853,0.002469,0.5081034082397003,0.5081034082397003
0.0007825372543766861,0.002481,0.5214745505617977,0.5214745505617977
0.0008121764367476997,0.002498,0.5348456928838951,0.5348456928838951
0.0008129841930492563,0.002723,0.5482168352059925,0.5482168352059925
0.000818958512655947,0.00275,0.5615879775280899,0.5615879775280899
0.0008493766007063843,0.002852,0.5749591198501872,0.5749591198501872
0.000864103389916398,0.002888,0.5883302621722846,0.5883302621722846
0.0009417431086954802,0.002974,0.601701404494382,0.601701404494382
0.0009634793981717607,0.00299,0.6150725468164794,0.6150725468164794
0.0009678789099497071,0.002998,0.6284436891385767,0.6284436891385767
0.001002745876651143,0.003013,0.6418148314606741,0.6418148314606741
0.001019222678924273,0.003022,0.6551859737827714,0.6551859737827714
0.00107151055598546,0.003056,0.6685571161048689,0.6685571161048689
0.001124791353000877,0.003119,0.6819282584269662,0.6819282584269662
0.001166848126666724,0.003124,0.6952994007490636,0.6952994007490636
0.001238007214155481,0.0032,0.708670543071161,0.708670543071161
0.001255577852633136,0.003248,0.7220416853932584,0.7220416853932584
0.001367142896739223,0.003285,0.7354128277153558,0.7354128277153558
0.001413174379669623,0.003294,0.7487839700374531,0.7487839700374531
0.001471363253752286,0.003299,0.7621551123595505,0.7621551123595505
0.001582609138781677,0.003373,0.7755262546816479,0.7755262546816479
0.001681161336259309,0.003404,0.7888973970037453,0.7888973970037453
0.001696050706894844,0.003412,0.8022685393258426,0.8022685393258426
0.001716287262044078,0.003412,0.81563968164794,0.81563968164794
0.001750331265079413,0.003415,0.8290108239700374,0.8290108239700374
0.001829953907626825,0.003482,0.8423819662921348,0.8423819662921348
0.001831983868559293,0.003503,0.8557531086142321,0.8557531086142321
0.001847945245005891,0.003589,0.8691242509363295,0.8691242509363295
0.001861489959276906,0.00364,0.8824953932584269,0.8824953932584269
0.001935856583407516,0.003685,0.8958665355805243,0.8958665355805243
0.002043090960322682,0.003689,0.9092376779026217,0.9092376779026217
0.002066817947277376,0.003718,0.922608820224719,0.922608820224719
0.002113788814647179,0.003823,0.9359799625468164,0.9359799625468164
0.00219158808820452,0.003829,0.9493511048689138,0.9493511048689138
0.002296681019401688,0.003847,0.9627222471910112,0.9627222471910112
0.002318825742574647,0.003848,0.9760933895131085,0.9760933895131085
0.002361585339671874,0.003849,0.9894645318352059,0.9894645318352059
0.002407054574704499,0.003918,1.002835674157303,1.002835674157303
0.002426634408636167,0.003923,1.016206816479401,1.016206816479401
0.002429631771538862,0.003947,1.029577958801498,1.029577958801498
0.002514237187382098,0.003982,1.042949101123595,1.042949101123595
0.002864526334364175,0.004055,1.056320243445693,1.056320243445693
0.002919837414430411,0.00407,1.06969138576779,1.06969138576779
0.002965174740119529,0.004071,1.083062528089888,1.083062528089888
0.003028583309940178,0.004095,1.096433670411985,1.096433670411985
0.00314696412474421,0.004102,1.109804812734082,1.109804812734082
0.00324389082632117,0.004131,1.12317595505618,1.12317595505618
0.003372768795330858,0.004136,1.136547097378277,1.136547097378277
0.003636193914251129,0.004152,1.149918239700374,1.149918239700374
0.003664894146046836,0.004199,1.163289382022472,1.163289382022472
0.003803204391108348,0.004224,1.176660524344569,1.176660524344569
0.003864505647424077,0.004239,1.190031666666667,1.190031666666667
0.004017936606934566,0.00424,1.203402808988764,1.203402808988764
0.004274792616971095,0.004245,1.216773951310861,1.216773951310861
0.00429940378245541,0.004297,1.230145093632959,1.230145093632959
0.004447630987423319,0.004338,1.243516235955056,1.243516235955056
0.004545824443481455,0.004352,1.256887378277153,1.256887378277153
0.004591145812415361,0.004425,1.270258520599251,1.270258520599251
0.004619674912564271,0.004433,1.283629662921348,1.283629662921348
0.004764877879588706,0.00444,1.297000805243446,1.297000805243446
0.005357820206944183,0.004484,1.310371947565543,1.310371947565543
0.005385568996553737,0.00449,1.32374308988764,1.32374308988764
0.005466911848965704,0.004557,1.337114232209738,1.337114232209738
0.005532684850198289,0.004574,1.350485374531835,1.350485374531835
0.005574950312566471,0.004575,1.363856516853932,1.363856516853932
0.005590793284912535,0.004592,1.37722765917603,1.37722765917603
0.00594340213268398,0.004607,1.390598801498127,1.390598801498127
0.006249675395075396,0.004633,1.403969943820225,1.403969943820225
0.006269305922154092,0.00467,1.417341086142322,1.417341086142322
0.006563409969548367,0.004672,1.430712228464419,1.430712228464419
0.006660655349229609,0.004675,1.444083370786517,1.444083370786517
0.007254044331608754,0.004679,1.457454513108614,1.457454513108614
0.007290176237530836,0.00468,1.470825655430712,1.470825655430712
0.007322810026111212,0.004681,1.484196797752809,1.484196797752809
0.00758389681995715,0.004724,1.497567940074906,1.497567940074906
0.007632592289260097,0.004736,1.510939082397004,1.510939082397004
0.007752233237670404,0.004743,1.524310224719101,1.524310224719101
0.007843422244150087,0.004744,1.537681367041198,1.537681367041198
0.007893081532586841,0.004784,1.551052509363296,1.551052509363296
0.008039692079670037,0.004817,1.564423651685393,1.564423651685393
0.008096197390625138,0.00483,1.577794794007491,1.577794794007491
0.008237639638027299,0.004844,1.591165936329588,1.591165936329588
0.008354623528889962,0.004852,1.604537078651685,1.604537078651685
0.008388742377238993,0.004876,1.617908220973783,1.617908220973783
0.008475992876317513,0.004919,1.63127936329588,1.63127936329588
0.008555858051906302,0.004935,1.644650505617977,1.644650505617977
0.00864276782526806,0.00495,1.658021647940075,1.658021647940075
0.008869689573989597,0.004966,1.671392790262172,1.671392790262172
0.008901597289683667,0.005023,1.68476393258427,1.68476393258427
0.009122700179699472,0.00505,1.698135074906367,1.698135074906367
0.00920204060405821,0.005143,1.711506217228464,1.711506217228464
0.009379248428460373,0.005205,1.724877359550562,1.724877359550562
0.009490840676070122,0.005267,1.738248501872659,1.738248501872659
0.009587554250625144,0.00539,1.751619644194756,1.751619644194756
0.009645378624575108,0.005396,1.764990786516854,1.764990786516854
0.009679932197643135,0.005403,1.778361928838951,1.778361928838951
0.01008236036047044,0.005419,1.791733071161049,1.791733071161049
0.01017619398450702,0.00542,1.805104213483146,1.805104213483146
0.01021580930480606,0.005421,1.818475355805243,1.818475355805243
0.01041707585127881,0.005509,1.831846498127341,1.831846498127341
0.0105688482153243,0.00555,1.845217640449438,1.845217640449438
0.01075057484730021,0.005588,1.858588782771535,1.858588782771535
0.0107611936407665,0.005592,1.871959925093633,1.871959925093633
0.01109499692565507,0.00564,1.88533106741573,1.88533106741573
0.01116321524811997,0.005655,1.898702209737828,1.898702209737828
0.01132268597422671,0.005658,1.912073352059925,1.912073352059925
0.01155679078299303,0.005698,1.925444494382022,1.925444494382022
0.01167520103447013,0.005781,1.93881563670412,1.93881563670412
0.01181480826279941,0.005868,1.952186779026217,1.952186779026217
0.01192260722412414,0.005894,1.965557921348315,1.965557921348315
0.01245362275563863,0.005896,1.978929063670412,1.978929063670412
0.01263906295378457,0.005898,1.992300205992509,1.992300205992509
0.01268008400766194,0.005905,2.005671348314606,2.005671348314606
0.01315073090964024,0.005911,2.019042490636704,2.019042490636704
0.01337415705101145,0.005912,2.032413632958801,2.032413632958801
0.01361113972962397,0.005916,2.045784775280899,2.045784775280899
0.01378829250799247,0.005916,2.059155917602996,2.059155917602996
0.01380210397657471,0.005917,2.072527059925093,2.072527059925093
0.0138410611469407,0.005927,2.085898202247191,2.085898202247191
0.01387161768647449,0.005945,2.099269344569288,2.099269344569288
0.01401683139020321,0.005969,2.112640486891386,2.112640486891386
0.01403273367706287,0.006028,2.126011629213483,2.126011629213483
0.01421947952582359,0.006142,2.13938277153558,2.13938277153558
0.01457904673825248,0.00615,2.152753913857678,2.152753913857678
0.0147012647779986,0.006152,2.166125056179775,2.166125056179775
0.01491658513528481,0.006157,2.179496198501873,2.179496198501873
0.01533958573358449,0.006159,2.19286734082397,2.19286734082397
0.01557558822582351,0.006168,2.206238483146067,2.206238483146067
0.01575267115137584,0.006206,2.219609625468165,2.219609625468165
0.01595449798251822,0.006211,2.232980767790262,2.232980767790262
0.01617893797654225,0.006231,2.246351910112359,2.246351910112359
0.01623258509435281,0.006319,2.259723052434457,2.259723052434457
0.01664951356989263,0.006364,2.273094194756554,2.273094194756554
0.01682929406793301,0.006482,2.286465337078651,2.286465337078651
0.01714877649583641,0.006641,2.299836479400749,2.299836479400749
0.01740199496664065,0.006651,2.313207621722846,2.313207621722846
0.01749338098648853,0.007101,2.326578764044944,2.326578764044944
0.01752649185893212,0.007435,2.339949906367041,2.339949906367041
0.017664796027751,0.007731,2.353321048689138,2.353321048689138
0.01773905642928808,0.00781,2.366692191011236,2.366692191011236
0.01791673272173728,0.007882999999999999,2.380063333333333,2.380063333333333
0.01796720272699301,0.007884,2.393434475655431,2.393434475655431
0.01807257616268135,0.008129000000000001,2.406805617977528,2.406805617977528
0.01870873696293181,0.008377000000000001,2.420176760299625,2.420176760299625
0.01901859307890925,0.008389000000000001,2.433547902621723,2.433547902621723
0.01910802718389808,0.008649,2.44691904494382,2.44691904494382
0.01914979513221764,0.008697999999999999,2.460290187265918,2.460290187265918
0.01916720835556382,0.009013,2.473661329588015,2.473661329588015
0.01916737146956909,0.009183999999999999,2.487032471910112,2.487032471910112
0.01924548162949861,0.009245,2.500403614232209,2.500403614232209
0.01924797595043136,0.009414,2.513774756554307,2.513774756554307
0.01924925102575037,0.009593000000000001,2.527145898876404,2.527145898876404
0.01955268573551758,0.009611,2.540517041198502,2.540517041198502
0.01960675330875944,0.009797,2.553888183520599,2.553888183520599
0.01964319608639729,0.009849999999999999,2.567259325842696,2.567259325842696
0.02030622880766324,0.009877,2.580630468164794,2.580630468164794
0.02049713445986133,0.009884,2.594001610486891,2.594001610486891
0.02180475048754305,0.009933000000000001,2.607372752808989,2.607372752808989
0.02185795187979873,0.010193,2.620743895131086,2.620743895131086
0.02187984530239339,0.010561,2.634115037453183,2.634115037453183
0.02192830814620278,0.010574,2.647486179775281,2.647486179775281
0.02227093793943305,0.010588,2.660857322097378,2.660857322097378
0.02335207604952474,0.010634,2.674228464419476,2.674228464419476
0.02355884347033742,0.010736,2.687599606741573,2.687599606741573
0.02470177322850333,0.010806,2.70097074906367,2.70097074906367
0.02475036514292453,0.011067,2.714341891385768,2.714341891385768
0.0255205139494004,0.011211,2.727713033707865,2.727713033707865
0.02565316311990456,0.011425,2.741084176029962,2.741084176029962
0.02581264443292054,0.011509,2.75445531835206,2.75445531835206
0.02592923022393833,0.011566,2.767826460674157,2.767826460674157
0.02593556167662325,0.011582,2.781197602996254,2.781197602996254
0.02595292136264137,0.011801,2.794568745318352,2.794568745318352
0.02615928762180788,0.012004,2.807939887640449,2.807939887640449
0.02619652348336267,0.012032,2.821311029962547,2.821311029962547
0.02626593785593333,0.01221,2.834682172284644,2.834682172284644
0.02629447934417494,0.012332,2.848053314606741,2.848053314606741
0.02639018568374997,0.012698,2.861424456928839,2.861424456928839
0.02643805866203655,0.012792,2.874795599250936,2.874795599250936
0.0270379782438094,0.013498,2.888166741573034,2.888166741573034
0.02711641132664147,0.013544,2.901537883895131,2.901537883895131
0.02759353339430301,0.013626,2.914909026217228,2.914909026217228
0.02808849791402185,0.013655,2.928280168539326,2.928280168539326
0.02809495499021168,0.013702,2.941651310861423,2.941651310861423
0.02814434789472023,0.01395,2.955022453183521,2.955022453183521
0.02852297979121991,0.014038,2.968393595505618,2.968393595505618
0.02866728971667364,0.014104,2.981764737827715,2.981764737827715
0.02883828670604639,0.014188,2.995135880149812,2.995135880149812
0.02983570658394774,0.014423,3.00850702247191,3.00850702247191
0.02986395697839127,0.01478,3.021878164794007,3.021878164794007
0.03026375616288644,0.014985,3.035249307116105,3.035249307116105
0.03084472503742162,0.015045,3.048620449438202,3.048620449438202
0.0312138745383364,0.01548,3.061991591760299,3.061991591760299
0.03137001178783157,0.015489,3.075362734082397,3.075362734082397
0.03170660197179404,0.015529,3.088733876404494,3.088733876404494
0.03205442520367954,0.015548,3.102105018726592,3.102105018726592
0.03209454626481315,0.015635,3.115476161048689,3.115476161048689
0.03212361411437908,0.015994,3.128847303370786,3.128847303370786
0.03277661972676213,0.016114,3.142218445692884,3.142218445692884
0.03297397139840196,0.016393,3.155589588014981,3.155589588014981
0.03348425252597979,0.016548,3.168960730337079,3.168960730337079
0.03360898732300566,0.016558,3.182331872659176,3.182331872659176
0.03388731945593688,0.016581,3.195703014981273,3.195703014981273
0.0350990383935446,0.017006,3.209074157303371,3.209074157303371
0.03509954861298575,0.01706,3.222445299625468,3.222445299625468
0.03568249837304054,0.017087,3.235816441947565,3.235816441947565
0.03639246741533276,0.017222,3.249187584269662,3.249187584269662
0.03661796527997668,0.017946,3.26255872659176,3.26255872659176
0.03671113855389098,0.019088,3.275929868913857,3.275929868913857
0.03706054680361216,0.019814,3.289301011235955,3.289301011235955
0.03763960141503692,0.019955,3.302672153558052,3.302672153558052
0.03794113318178331,0.019956,3.31604329588015,3.31604329588015
0.03902892209546773,0.020059,3.329414438202247,3.329414438202247
0.03986312276770183,0.020081,3.342785580524344,3.342785580524344
0.04004827373969352,0.020839,3.356156722846442,3.356156722846442
0.04013422170596145,0.020968,3.369527865168539,3.369527865168539
0.04046515815263727,0.021453,3.382899007490637,3.382899007490637
0.04096439393516719,0.021855,3.396270149812734,3.396270149812734
0.04102993811723026,0.021951,3.409641292134831,3.409641292134831
0.0433813280765965,0.021961,3.423012434456929,3.423012434456929
0.04394172054842263,0.022436,3.436383576779026,3.436383576779026
0.04399162867743139,0.022551,3.449754719101124,3.449754719101124
0.04447459978730214,0.023217,3.463125861423221,3.463125861423221
0.04466441094500671,0.023388,3.476497003745318,3.476497003745318
0.04502500541422976,0.023403,3.489868146067415,3.489868146067415
0.04680404150559521,0.023853,3.503239288389513,3.503239288389513
0.0481467688961486,0.024404,3.51661043071161,3.51661043071161
0.04885724236675146,0.02477,3.529981573033707,3.529981573033707
0.04933082904098782,0.024907,3.543352715355805,3.543352715355805
0.05143488967064754,0.024997,3.556723857677902,3.556723857677902
0.05271323806305244,0.02585,3.570095,3.570095
0.05331584568745319,0.025854,3.583466142322097,3.583466142322097
0.05347413188695851,0.02611,3.596837284644195,3.596837284644195
0.0538734675444363,0.026157,3.610208426966292,3.610208426966292
0.05468600502172303,0.026599,3.623579569288389,3.623579569288389
0.05492808893586753,0.02664,3.636950711610487,3.636950711610487
0.05508978723151645,0.026675,3.650321853932584,3.650321853932584
0.05583532930360639,0.026937,3.663692996254682,3.663692996254682
0.05707533798322569,0.027009,3.677064138576779,3.677064138576779
0.05774416523896654,0.02701,3.690435280898876,3.690435280898876
0.05813194147091175,0.027183,3.703806423220974,3.703806423220974
0.0582769488380074,0.027483,3.717177565543071,3.717177565543071
0.06230298823798203,0.028101,3.730548707865168,3.730548707865168
0.06231979694210728,0.028144,3.743919850187265,3.743919850187265
0.06290530122984819,0.028946,3.757290992509363,3.757290992509363
0.06409341394970103,0.029521,3.77066213483146,3.77066213483146
0.06466829498641663,0.029645,3.784033277153558,3.784033277153558
0.06536781537752219,0.029789,3.797404419475655,3.797404419475655
0.06564170298332622,0.030954,3.810775561797752,3.810775561797752
0.06565636506104217,0.03143,3.82414670411985,3.82414670411985
0.06598126129347491,0.031987,3.837517846441947,3.837517846441947
0.06690883954355253,0.032017,3.850888988764045,3.850888988764045
0.06693131592156006,0.032095,3.864260131086142,3.864260131086142
0.06750782147813812,0.032567,3.877631273408239,3.877631273408239
0.06797701100826115,0.032942,3.891002415730337,3.891002415730337
0.068353874236412,0.033044,3.904373558052434,3.904373558052434
0.06861954285695412,0.033552,3.917744700374532,3.917744700374532
0.0687171885370015,0.033655,3.931115842696629,3.931115842696629
0.07076027933338715,0.034144,3.944486985018727,3.944486985018727
0.07088201676575515,0.035005,3.957858127340824,3.957858127340824
0.0725947649753422,0.036481,3.971229269662921,3.971229269662921
0.07287587059651034,0.036558,3.984600411985018,3.984600411985018
0.07409166996989684,0.036926,3.997971554307116,3.997971554307116
0.07439030540801334,0.037301,4.011342696629213,4.011342696629213
0.07460726257126145,0.037915,4.02471383895131,4.02471383895131
0.07481180685110547,0.038707,4.038084981273408,4.038084981273408
0.07502797649947833,0.039552,4.051456123595505,4.051456123595505
0.0768356279193679,0.039589,4.064827265917603,4.064827265917603
0.07855746950829948,0.039995,4.0781984082397,4.0781984082397
0.07983211228441063,0.040853,4.091569550561798,4.091569550561798
0.08058686937021448,0.041286,4.104940692883895,4.104940692883895
0.08147023217698222,0.043513,4.118311835205993,4.118311835205993
0.08199867117928575,0.043579,4.131682977528089,4.131682977528089
0.08340738007683508,0.043838,4.145054119850187,4.145054119850187
0.08428519419869943,0.045371,4.158425262172284,4.158425262172284
0.08483551681072936,0.046682,4.171796404494382,4.171796404494382
0.08515087045775467,0.047777,4.185167546816479,4.185167546816479
0.08629957400355315,0.048029,4.198538689138577,4.198538689138577
0.08642606991683145,0.048733,4.211909831460674,4.211909831460674
0.08748614542814596,0.049333,4.225280973782771,4.225280973782771
0.08881962398001025,0.050414,4.238652116104869,4.238652116104869
0.08899258580589318,0.051643,4.252023258426966,4.252023258426966
0.08914207795375967,0.052472,4.265394400749063,4.265394400749063
0.09096234511469893,0.052909,4.27876554307116,4.27876554307116
0.09152493830858648,0.053049,4.292136685393258,4.292136685393258
0.09292527900466589,0.053422,4.305507827715355,4.305507827715355
0.09330506878394315,0.053566,4.318878970037453,4.318878970037453
0.0943823097503468,0.055934,4.33225011235955,4.33225011235955
0.09480007840865515,0.056442,4.345621254681648,4.345621254681648
0.09719840803882764,0.056545,4.358992397003745,4.358992397003745
0.09799961451578559,0.056691,4.372363539325843,4.372363539325843
0.1001355759361572,0.059361,4.38573468164794,4.38573468164794
0.1019872896568191,0.059651,4.399105823970038,4.399105823970038
0.1025861662954015,0.059757,4.412476966292134,4.412476966292134
0.1030420626577575,0.060439,4.425848108614232,4.425848108614232
0.1041011202516685,0.062469,4.439219250936329,4.439219250936329
0.1056318737159786,0.063247,4.452590393258427,4.452590393258427
0.106045138112557,0.063711,4.465961535580524,4.465961535580524
0.1133338485478503,0.064164,4.479332677902621,4.479332677902621
0.1133594721968236,0.064347,4.492703820224719,4.492703820224719
0.1141814997045194,0.065056,4.506074962546816,4.506074962546816
0.1144328381695659,0.065412,4.519446104868914,4.519446104868914
0.1163748227741319,0.065609,4.532817247191011,4.532817247191011
0.1170250981848387,0.06762700000000001,4.546188389513108,4.546188389513108
0.1174325209257115,0.068955,4.559559531835205,4.559559531835205
0.1205708303868594,0.069096,4.572930674157303,4.572930674157303
0.1206793439788743,0.06927700000000001,4.5863018164794,4.5863018164794
0.121852746275286,0.07047399999999999,4.599672958801498,4.599672958801498
0.122628755911446,0.071571,4.613044101123595,4.613044101123595
0.1235877290028106,0.071918,4.626415243445693,4.626415243445693
0.1251194246501318,0.07299,4.63978638576779,4.63978638576779
0.1258856985876111,0.073825,4.653157528089888,4.653157528089888
0.1282457192166636,0.07774200000000001,4.666528670411985,4.666528670411985
0.1296737333704658,0.080056,4.679899812734083,4.679899812734083
0.1301158396610959,0.080429,4.693270955056179,4.693270955056179
0.130358771252019,0.081333,4.706642097378277,4.706642097378277
0.1353680700606557,0.082153,4.720013239700374,4.720013239700374
0.1354075390341215,0.08347400000000001,4.733384382022471,4.733384382022471
0.1360131510250744,0.084775,4.746755524344569,4.746755524344569
0.1378995675869575,0.085812,4.760126666666666,4.760126666666666
0.1395573346646113,0.087362,4.773497808988764,4.773497808988764
0.1405379931338916,0.087965,4.786868951310861,4.786868951310861
0.1413325464062556,0.08969199999999999,4.800240093632959,4.800240093632959
0.1415997057220929,0.09086900000000001,4.813611235955056,4.813611235955056
0.1425245910315693,0.092249,4.826982378277153,4.826982378277153
0.1448345354070454,0.093336,4.84035352059925,4.84035352059925
0.145118251580867,0.094848,4.853724662921348,4.853724662921348
0.1451852763169154,0.096217,4.867095805243445,4.867095805243445
0.146768905480794,0.098194,4.880466947565543,4.880466947565543
0.1470412824529953,0.100528,4.89383808988764,4.89383808988764
0.1475194239974603,0.100562,4.907209232209738,4.907209232209738
0.1517275927352413,0.105548,4.920580374531835,4.920580374531835
0.155147893341349,0.105589,4.933951516853933,4.933951516853933
0.1553347835945899,0.107374,4.94732265917603,4.94732265917603
0.1589406305703226,0.10851,4.960693801498127,4.960693801498127
0.1598929647116761,0.108955,4.974064943820224,4.974064943820224
0.1610863244761307,0.111157,4.987436086142321,4.987436086142321
0.1621040366575239,0.111446,5.000807228464419,5.000807228464419
0.1630798431448014,0.112587,5.014178370786516,5.014178370786516
0.1634523200705358,0.113445,5.027549513108614,5.027549513108614
0.1642194033269254,0.113628,5.040920655430711,5.040920655430711
0.1646085913173216,0.116652,5.054291797752809,5.054291797752809
0.1649014570773881,0.117737,5.067662940074906,5.067662940074906
0.1653439712417756,0.121092,5.081034082397004,5.081034082397004
0.1702020984925153,0.121511,5.094405224719101,5.094405224719101
0.1722758657151336,0.122373,5.107776367041198,5.107776367041198
0.1723940035211131,0.122404,5.121147509363295,5.121147509363295
0.1759379758444583,0.122795,5.134518651685393,5.134518651685393
0.1761885562424705,0.123468,5.14788979400749,5.14788979400749
0.177056670237507,0.12589,5.161260936329588,5.161260936329588
0.1805597420273632,0.132337,5.174632078651685,5.174632078651685
0.1820921709876689,0.13317,5.188003220973783,5.188003220973783
0.184578494834652,0.133271,5.20137436329588,5.20137436329588
0.1855504725889173,0.133903,5.214745505617977,5.214745505617977
0.1872093460812189,0.136972,5.228116647940075,5.228116647940075
0.1943443391571624,0.139891,5.241487790262171,5.241487790262171
0.1954197474556328,0.141891,5.254858932584269,5.254858932584269
0.1956680639179132,0.141907,5.268230074906366,5.268230074906366
0.196074888662898,0.14564,5.281601217228464,5.281601217228464
0.2025087013346376,0.14837,5.294972359550561,5.294972359550561
0.2032181676546982,0.150035,5.308343501872659,5.308343501872659
0.2046752835243288,0.150337,5.321714644194756,5.321714644194756
0.2050033962892644,0.151431,5.335085786516854,5.335085786516854
0.2114702720389991,0.152564,5.348456928838951,5.348456928838951
0.2146067250731726,0.155098,5.361828071161049,5.361828071161049
0.2151610747832226,0.161047,5.375199213483146,5.375199213483146
0.2159879178010365,0.168149,5.388570355805243,5.388570355805243
0.2222514271551029,0.169785,5.40194149812734,5.40194149812734
0.227353291091272,0.179261,5.415312640449438,5.415312640449438
0.2290959965036077,0.17934,5.428683782771535,5.428683782771535
0.2316733515098947,0.181888,5.442054925093633,5.442054925093633
0.234850719189815,0.184339,5.45542606741573,5.45542606741573
0.2358606509658522,0.187405,5.468797209737827,5.468797209737827
0.237597736143604,0.192857,5.482168352059925,5.482168352059925
0.2418837581427803,0.19512,5.495539494382022,5.495539494382022
0.2423889213267796,0.195522,5.50891063670412,5.50891063670412
0.244234778417122,0.206933,5.522281779026216,5.522281779026216
0.2506943367469822,0.207804,5.535652921348314,5.535652921348314
0.2543376542436396,0.215791,5.549024063670411,5.549024063670411
0.2567848198476673,0.224143,5.562395205992509,5.562395205992509
0.2604561403069214,0.231087,5.575766348314606,5.575766348314606
0.2608147464314372,0.251173,5.589137490636704,5.589137490636704
0.2638673852838599,0.258895,5.602508632958801,5.602508632958801
0.2664879649099151,0.264807,5.615879775280899,5.615879775280899
0.2671086346232868,0.268041,5.629250917602996,5.629250917602996
0.2677278146227404,0.27196,5.642622059925094,5.642622059925094
0.2707498114148297,0.277131,5.655993202247191,5.655993202247191
0.2715560411570141,0.277799,5.669364344569288,5.669364344569288
0.2730858657248342,0.297628,5.682735486891385,5.682735486891385
0.2781695629430717,0.298541,5.696106629213483,5.696106629213483
0.2793468430557129,0.29887,5.70947777153558,5.70947777153558
0.2818942201517421,0.300338,5.722848913857677,5.722848913857677
0.2831021298450683,0.302127,5.736220056179775,5.736220056179775
0.2848380107569974,0.302636,5.749591198501872,5.749591198501872
0.2940940533117211,0.3056,5.76296234082397,5.76296234082397
0.2941861059088752,0.308451,5.776333483146067,5.776333483146067
0.297002749464878,0.323059,5.789704625468165,5.789704625468165
0.3023243989853703,0.325843,5.803075767790261,5.803075767790261
0.3024940025213632,0.325935,5.816446910112359,5.816446910112359
0.3029707728033167,0.332378,5.829818052434456,5.829818052434456
0.3147494706085455,0.352546,5.843189194756554,5.843189194756554
0.3149631748817028,0.353582,5.856560337078651,5.856560337078651
0.3150596290830125,0.373649,5.869931479400749,5.869931479400749
0.3243430645970753,0.380862,5.883302621722846,5.883302621722846
0.326468601559265,0.383681,5.896673764044944,5.896673764044944
0.3377643296995376,0.394328,5.910044906367041,5.910044906367041
0.3384828373934293,0.403569,5.923416048689139,5.923416048689139
0.3386451997824878,0.435538,5.936787191011236,5.936787191011236
0.3407866856694063,0.442595,5.950158333333333,5.950158333333333
0.3426291665785899,0.444918,5.96352947565543,5.96352947565543
0.3559029256355887,0.447933,5.976900617977527,5.976900617977527
0.3622139510598639,0.459078,5.990271760299625,5.990271760299625
0.3724259702230422,0.468039,6.003642902621722,6.003642902621722
0.3724652979495445,0.47005,6.01701404494382,6.01701404494382
0.373007772564361,0.479527,6.030385187265917,6.030385187265917
0.3749229265750605,0.488735,6.043756329588015,6.043756329588015
0.3954941618969279,0.49896,6.057127471910112,6.057127471910112
0.4057500793462631,0.500074,6.07049861423221,6.07049861423221
0.4071229993592023,0.50062,6.083869756554306,6.083869756554306
0.408647615226665,0.510977,6.097240898876404,6.097240898876404
0.4096882703544921,0.519974,6.110612041198501,6.110612041198501
0.4123600727207871,0.523074,6.123983183520599,6.123983183520599
0.4217262672265445,0.554635,6.137354325842696,6.137354325842696
0.4227186754001495,0.570844,6.150725468164794,6.150725468164794
0.4251627624695453,0.583105,6.164096610486891,6.164096610486891
0.4262335322790697,0.591318,6.177467752808989,6.177467752808989
0.4281833689549561,0.607281,6.190838895131086,6.190838895131086
0.4319915855863433,0.616325,6.204210037453183,6.204210037453183
0.4677043993371805,0.628444,6.21758117977528,6.21758117977528
0.4762544418623274,0.648019,6.230952322097377,6.230952322097377
0.4797215052093316,0.655134,6.244323464419475,6.244323464419475
0.4813757406447861,0.662364,6.257694606741572,6.257694606741572
0.5004999806526923,0.666862,6.27106574906367,6.27106574906367
0.5009529783652076,0.680895,6.284436891385767,6.284436891385767
0.5022715786963988,0.683902,6.297808033707865,6.297808033707865
0.5047924328130953,0.698807,6.311179176029962,6.311179176029962
0.5049811089051108,0.699421,6.32455031835206,6.32455031835206
0.5050683777967948,0.711175,6.337921460674157,6.337921460674157
0.5156506252228331,0.719732,6.351292602996255,6.351292602996255
0.5177639843052548,0.727047,6.364663745318351,6.364663745318351
0.5189484178128398,0.749654,6.378034887640449,6.378034887640449
0.5232214032278462,0.754948,6.391406029962546,6.391406029962546
0.5260814321517626,0.764803,6.404777172284644,6.404777172284644
0.5315295666895645,0.765907,6.418148314606741,6.418148314606741
0.5391244318620485,0.7739279999999999,6.431519456928839,6.431519456928839
0.5560178926112949,0.855901,6.444890599250936,6.444890599250936
0.564865944560175,0.861151,6.458261741573033,6.458261741573033
0.5671817622998155,0.9991,6.471632883895131,6.471632883895131
0.5686280353964449,1.010175,6.485004026217228,6.485004026217228
0.5736040580851458,1.014622,6.498375168539325,6.498375168539325
0.5797803231248869,1.018455,6.511746310861422,6.511746310861422
0.5880349592154773,1.022061,6.52511745318352,6.52511745318352
0.590602645421251,1.024322,6.538488595505617,6.538488595505617
0.5918612606140722,1.113484,6.551859737827715,6.551859737827715
0.610639798032708,1.139538,6.565230880149812,6.565230880149812
0.6154367991158336,1.208995,6.57860202247191,6.57860202247191
0.6183045060932379,1.220596,6.591973164794007,6.591973164794007
0.6243839669718535,1.300822,6.605344307116105,6.605344307116105
0.6279756077565457,1.368339,6.618715449438202,6.618715449438202
0.6410313914734463,1.384948,6.6320865917603,6.6320865917603
0.6416215010448121,1.429005,6.645457734082396,6.645457734082396
0.6516977389481883,1.46105,6.658828876404494,6.658828876404494
0.662890816750385,1.478633,6.672200018726591,6.672200018726591
0.7084665215629217,1.480017,6.685571161048689,6.685571161048689
0.7282470783154743,1.511574,6.698942303370786,6.698942303370786
0.7626800333360857,1.522315,6.712313445692883,6.712313445692883
0.7969368511126877,1.554307,6.725684588014981,6.725684588014981
0.812793450277794,1.570228,6.739055730337078,6.739055730337078
0.8470195590035767,1.577996,6.752426872659176,6.752426872659176
0.8471634817815749,1.719515,6.765798014981273,6.765798014981273
0.8939201595579996,1.741257,6.77916915730337,6.77916915730337
0.9049532746366457,1.800132,6.792540299625467,6.792540299625467
0.9416260515495225,1.845423,6.805911441947565,6.805911441947565
0.9600608611462006,1.886535,6.819282584269662,6.819282584269662
0.9948940180273658,1.910275,6.83265372659176,6.83265372659176
0.9978789572339785,1.950403,6.846024868913857,6.846024868913857
1.056878659502964,2.054133,6.859396011235955,6.859396011235955
1.070986422146121,2.077491,6.872767153558052,6.872767153558052
1.079651149343006,2.13247,6.88613829588015,6.88613829588015
1.083928307066541,2.204586,6.899509438202247,6.899509438202247
1.146671644582803,2.381613,6.912880580524345,6.912880580524345
1.178398059689014,2.484326,6.926251722846441,6.926251722846441
1.198406269894079,2.513064,6.939622865168539,6.939622865168539
1.202832298025486,2.616656,6.952994007490636,6.952994007490636
1.274035269903332,2.809856,6.966365149812733,6.966365149812733
1.292827027470362,2.857196,6.979736292134831,6.979736292134831
1.293919411750417,2.901675,6.993107434456928,6.993107434456928
1.30613691171557,2.969731,7.006478576779026,7.006478576779026
1.396622397042256,3.167613,7.019849719101123,7.019849719101123
1.404225462765666,3.258149,7.033220861423221,7.033220861423221
1.445324040367969,3.368173,7.046592003745318,7.046592003745318
1.568892376383014,3.442714,7.059963146067415,7.059963146067415
1.655656925847564,3.470482,7.073334288389512,7.073334288389512
1.796989218679195,3.683683,7.08670543071161,7.08670543071161
1.867567651091016,4.144676,7.100076573033707,7.100076573033707
1.943504780847532,4.78545,7.113447715355805,7.113447715355805
2.399429809927875,5.183249,7.126818857677902,7.126818857677902
3.733064549168711,7.14019,7.14019,7.14019
