#QQplot - Cauchy
#Estimatedpoints(x), Empiricalsample(y), xrule yrule
0.1773262331436797,4.2e-05,0,0
0.1804845102338339,7.8e-05,0.01337114232209738,0.01337114232209738
0.1824428148651679,7.9e-05,0.02674228464419475,0.02674228464419475
0.1839750158612936,0.000278,0.04011342696629213,0.04011342696629213
0.1840078146696833,0.000282,0.05348456928838951,0.05348456928838951
0.184994909379546,0.000285,0.06685571161048688,0.06685571161048688
0.1851135099102514,0.000289,0.08022685393258426,0.08022685393258426
0.1856081791157418,0.000329,0.09359799625468164,0.09359799625468164
0.185622033253921,0.000458,0.106969138576779,0.106969138576779
0.1859702496257468,0.000469,0.1203402808988764,0.1203402808988764
0.1860362762647893,0.000474,0.1337114232209738,0.1337114232209738
0.1860774932520944,0.000486,0.1470825655430711,0.1470825655430711
0.1862753540595724,0.000498,0.1604537078651685,0.1604537078651685
0.1863014042336629,0.000514,0.1738248501872659,0.1738248501872659
0.1864131438038603,0.000514,0.1871959925093633,0.1871959925093633
0.1865304422814502,0.000515,0.2005671348314607,0.2005671348314607
0.1865679932467877,0.000528,0.213938277153558,0.213938277153558
0.1867046645211185,0.000538,0.2273094194756554,0.2273094194756554
0.1867094722910076,0.000549,0.2406805617977528,0.2406805617977528
0.1867238087132875,0.0005910000000000001,0.2540517041198502,0.2540517041198502
0.1867281742210497,0.000627,0.2674228464419475,0.2674228464419475
0.1867668567204561,0.000635,0.2807939887640449,0.2807939887640449
0.1868447900336467,0.000661,0.2941651310861423,0.2941651310861423
0.1868632804050138,0.000669,0.3075362734082397,0.3075362734082397
0.186906697221978,0.000677,0.320907415730337,0.320907415730337
0.1869225155456845,0.00098,0.3342785580524344,0.3342785580524344
0.1870722664984132,0.001104,0.3476497003745318,0.3476497003745318
0.1871090871424729,0.001431,0.3610208426966292,0.3610208426966292
0.1871563998259167,0.001491,0.3743919850187266,0.3743919850187266
0.1871723212120632,0.001714,0.387763127340824,0.387763127340824
0.1871769269922247,0.001887,0.4011342696629213,0.4011342696629213
0.1872229679517372,0.001954,0.4145054119850187,0.4145054119850187
0.1872295143310962,0.001985,0.4278765543071161,0.4278765543071161
0.1872433730545491,0.002325,0.4412476966292134,0.4412476966292134
0.1872683832852075,0.002365,0.4546188389513108,0.4546188389513108
0.1872911284858982,0.002412,0.4679899812734082,0.4679899812734082
0.1873236626828505,0.002432,0.4813611235955056,0.4813611235955056
0.1873287503037173,0.002433,0.4947322659176029,0.4947322659176029
0.1873342280495689,0.002469,0.5081034082397003,0.5081034082397003
0.1873554843191316,0.002481,0.5214745505617977,0.5214745505617977
0.18735741099317,0.002498,0.5348456928838951,0.5348456928838951
0.1874021163568451,0.002723,0.5482168352059925,0.5482168352059925
0.1874603037065282,0.00275,0.5615879775280899,0.5615879775280899
0.1874761780875258,0.002852,0.5749591198501872,0.5749591198501872
0.1874779889127409,0.002888,0.5883302621722846,0.5883302621722846
0.1874795245367162,0.002974,0.601701404494382,0.601701404494382
0.1874852805808667,0.00299,0.6150725468164794,0.6150725468164794
0.1874861734470263,0.002998,0.6284436891385767,0.6284436891385767
0.1875299786598831,0.003013,0.6418148314606741,0.6418148314606741
0.1875407856886838,0.003022,0.6551859737827714,0.6551859737827714
0.1875504800281788,0.003056,0.6685571161048689,0.6685571161048689
0.1875585170678704,0.003119,0.6819282584269662,0.6819282584269662
0.1875703785184696,0.003124,0.6952994007490636,0.6952994007490636
0.1875731174622688,0.0032,0.708670543071161,0.708670543071161
0.187573643509166,0.003248,0.7220416853932584,0.7220416853932584
0.1875810424019606,0.003285,0.7354128277153558,0.7354128277153558
0.1875831345242542,0.003294,0.7487839700374531,0.7487839700374531
0.1875874909175955,0.003299,0.7621551123595505,0.7621551123595505
0.1876041215846695,0.003373,0.7755262546816479,0.7755262546816479
0.1876085458582757,0.003404,0.7888973970037453,0.7888973970037453
0.1876101335137248,0.003412,0.8022685393258426,0.8022685393258426
0.1876119133035063,0.003412,0.81563968164794,0.81563968164794
0.1876159674913783,0.003415,0.8290108239700374,0.8290108239700374
0.1876178662576725,0.003482,0.8423819662921348,0.8423819662921348
0.1876236780614945,0.003503,0.8557531086142321,0.8557531086142321
0.1876337100384125,0.003589,0.8691242509363295,0.8691242509363295
0.1876511812147959,0.00364,0.8824953932584269,0.8824953932584269
0.1876523810568079,0.003685,0.8958665355805243,0.8958665355805243
0.1876596579734663,0.003689,0.9092376779026217,0.9092376779026217
0.1876693976822826,0.003718,0.922608820224719,0.922608820224719
0.1876759329668445,0.003823,0.9359799625468164,0.9359799625468164
0.1876824768274014,0.003829,0.9493511048689138,0.9493511048689138
0.1876933060900521,0.003847,0.9627222471910112,0.9627222471910112
0.1877053257090783,0.003848,0.9760933895131085,0.9760933895131085
0.1877059603553612,0.003849,0.9894645318352059,0.9894645318352059
0.1877087928924197,0.003918,1.002835674157303,1.002835674157303
0.1877200630064554,0.003923,1.016206816479401,1.016206816479401
0.1877234561938955,0.003947,1.029577958801498,1.029577958801498
0.1877237126849437,0.003982,1.042949101123595,1.042949101123595
0.1877244007868109,0.004055,1.056320243445693,1.056320243445693
0.1877297425880245,0.00407,1.06969138576779,1.06969138576779
0.1877309436845994,0.004071,1.083062528089888,1.083062528089888
0.1877362789142756,0.004095,1.096433670411985,1.096433670411985
0.187736423890888,0.004102,1.109804812734082,1.109804812734082
0.1877421642015579,0.004131,1.12317595505618,1.12317595505618
0.1877437419094927,0.004136,1.136547097378277,1.136547097378277
0.1877462991726574,0.004152,1.149918239700374,1.149918239700374
0.1877476748390308,0.004199,1.163289382022472,1.163289382022472
0.1877513341414181,0.004224,1.176660524344569,1.176660524344569
0.1877559356395196,0.004239,1.190031666666667,1.190031666666667
0.18775734238544,0.00424,1.203402808988764,1.203402808988764
0.1877659728988063,0.004245,1.216773951310861,1.216773951310861
0.187766171156645,0.004297,1.230145093632959,1.230145093632959
0.1877691176821286,0.004338,1.243516235955056,1.243516235955056
0.1877702630317216,0.004352,1.256887378277153,1.256887378277153
0.1877703588221321,0.004425,1.270258520599251,1.270258520599251
0.1877710912183677,0.004433,1.283629662921348,1.283629662921348
0.1877732403744687,0.00444,1.297000805243446,1.297000805243446
0.1877775277520623,0.004484,1.310371947565543,1.310371947565543
0.1877816789373884,0.00449,1.32374308988764,1.32374308988764
0.1877899351444308,0.004557,1.337114232209738,1.337114232209738
0.1877981915761807,0.004574,1.350485374531835,1.350485374531835
0.1878022437229585,0.004575,1.363856516853932,1.363856516853932
0.1878071694895834,0.004592,1.37722765917603,1.37722765917603
0.1878120187974833,0.004607,1.390598801498127,1.390598801498127
0.187813064403808,0.004633,1.403969943820225,1.403969943820225
0.1878144477967396,0.00467,1.417341086142322,1.417341086142322
0.1878169577718891,0.004672,1.430712228464419,1.430712228464419
0.1878204457593105,0.004675,1.444083370786517,1.444083370786517
0.1878215389361051,0.004679,1.457454513108614,1.457454513108614
0.1878230073370322,0.00468,1.470825655430712,1.470825655430712
0.1878269188242134,0.004681,1.484196797752809,1.484196797752809
0.1878275672469209,0.004724,1.497567940074906,1.497567940074906
0.187827946605413,0.004736,1.510939082397004,1.510939082397004
0.1878280349197645,0.004743,1.524310224719101,1.524310224719101
0.1878287001894132,0.004744,1.537681367041198,1.537681367041198
0.1878293438282316,0.004784,1.551052509363296,1.551052509363296
0.1878340516968047,0.004817,1.564423651685393,1.564423651685393
0.1878362935609562,0.00483,1.577794794007491,1.577794794007491
0.1878402876279026,0.004844,1.591165936329588,1.591165936329588
0.1878433571011958,0.004852,1.604537078651685,1.604537078651685
0.1878446466469535,0.004876,1.617908220973783,1.617908220973783
0.1878457425012673,0.004919,1.63127936329588,1.63127936329588
0.1878471647497491,0.004935,1.644650505617977,1.644650505617977
0.1878498738017913,0.00495,1.658021647940075,1.658021647940075
0.1878510241073683,0.004966,1.671392790262172,1.671392790262172
0.187855264798825,0.005023,1.68476393258427,1.68476393258427
0.1878559795492566,0.00505,1.698135074906367,1.698135074906367
0.1878596457580614,0.005143,1.711506217228464,1.711506217228464
0.1878623323636383,0.005205,1.724877359550562,1.724877359550562
0.1878624340864398,0.005267,1.738248501872659,1.738248501872659
0.187867288656464,0.00539,1.751619644194756,1.751619644194756
0.1878673768326482,0.005396,1.764990786516854,1.764990786516854
0.1878691289911548,0.005403,1.778361928838951,1.778361928838951
0.1878705547787306,0.005419,1.791733071161049,1.791733071161049
0.1878730142319106,0.00542,1.805104213483146,1.805104213483146
0.1878739898310818,0.005421,1.818475355805243,1.818475355805243
0.1878772394803676,0.005509,1.831846498127341,1.831846498127341
0.1878781561047619,0.00555,1.845217640449438,1.845217640449438
0.1878785357921138,0.005588,1.858588782771535,1.858588782771535
0.1878788074098195,0.005592,1.871959925093633,1.871959925093633
0.1878803508862266,0.00564,1.88533106741573,1.88533106741573
0.1878840942744541,0.005655,1.898702209737828,1.898702209737828
0.1878853956534228,0.005658,1.912073352059925,1.912073352059925
0.1878855952891886,0.005698,1.925444494382022,1.925444494382022
0.1878867374490004,0.005781,1.93881563670412,1.93881563670412
0.1878891058710678,0.005868,1.952186779026217,1.952186779026217
0.1878911399191008,0.005894,1.965557921348315,1.965557921348315
0.1878922183400832,0.005896,1.978929063670412,1.978929063670412
0.1878934602401583,0.005898,1.992300205992509,1.992300205992509
0.1878937763381349,0.005905,2.005671348314606,2.005671348314606
0.1878951590991449,0.005911,2.019042490636704,2.019042490636704
0.187900349377113,0.005912,2.032413632958801,2.032413632958801
0.1879007018993963,0.005916,2.045784775280899,2.045784775280899
0.1879039245493757,0.005916,2.059155917602996,2.059155917602996
0.1879042050541746,0.005917,2.072527059925093,2.072527059925093
0.1879042730458939,0.005927,2.085898202247191,2.085898202247191
0.1879064757412146,0.005945,2.099269344569288,2.099269344569288
0.1879090599689781,0.005969,2.112640486891386,2.112640486891386
0.1879099427427486,0.006028,2.126011629213483,2.126011629213483
0.1879134996710627,0.006142,2.13938277153558,2.13938277153558
0.1879147651174141,0.00615,2.152753913857678,2.152753913857678
0.1879184724279878,0.006152,2.166125056179775,2.166125056179775
0.1879225200611118,0.006157,2.179496198501873,2.179496198501873
0.1879225623219376,0.006159,2.19286734082397,2.19286734082397
0.1879228144501487,0.006168,2.206238483146067,2.206238483146067
0.1879239328445221,0.006206,2.219609625468165,2.219609625468165
0.1879245985362482,0.006211,2.232980767790262,2.232980767790262
0.1879271975731981,0.006231,2.246351910112359,2.246351910112359
0.1879272602184438,0.006319,2.259723052434457,2.259723052434457
0.187927739846962,0.006364,2.273094194756554,2.273094194756554
0.1879312791825077,0.006482,2.286465337078651,2.286465337078651
0.1879324696115476,0.006641,2.299836479400749,2.299836479400749
0.1879336153982362,0.006651,2.313207621722846,2.313207621722846
0.1879344648980802,0.007101,2.326578764044944,2.326578764044944
0.1879355309500009,0.007435,2.339949906367041,2.339949906367041
0.1879366306161309,0.007731,2.353321048689138,2.353321048689138
0.1879377355211054,0.00781,2.366692191011236,2.366692191011236
0.1879409869231025,0.007882999999999999,2.380063333333333,2.380063333333333
0.1879411387719822,0.007884,2.393434475655431,2.393434475655431
0.1879414275579881,0.008129000000000001,2.406805617977528,2.406805617977528
0.1879428974999864,0.008377000000000001,2.420176760299625,2.420176760299625
0.1879434366594924,0.008389000000000001,2.433547902621723,2.433547902621723
0.1879440738465032,0.008649,2.44691904494382,2.44691904494382
0.187945973565599,0.008697999999999999,2.460290187265918,2.460290187265918
0.1879466199426385,0.009013,2.473661329588015,2.473661329588015
0.1879474479481317,0.009183999999999999,2.487032471910112,2.487032471910112
0.1879483319929118,0.009245,2.500403614232209,2.500403614232209
0.1879511661784544,0.009414,2.513774756554307,2.513774756554307
0.1879512578458939,0.009593000000000001,2.527145898876404,2.527145898876404
0.187951399020364,0.009611,2.540517041198502,2.540517041198502
0.1879515641042931,0.009797,2.553888183520599,2.553888183520599
0.187952457179165,0.009849999999999999,2.567259325842696,2.567259325842696
0.1879546375589793,0.009877,2.580630468164794,2.580630468164794
0.1879547163628739,0.009884,2.594001610486891,2.594001610486891
0.1879574735576462,0.009933000000000001,2.607372752808989,2.607372752808989
0.1879575584166893,0.010193,2.620743895131086,2.620743895131086
0.1879578136560443,0.010561,2.634115037453183,2.634115037453183
0.1879584469211799,0.010574,2.647486179775281,2.647486179775281
0.1879594907365623,0.010588,2.660857322097378,2.660857322097378
0.1879605032788097,0.010634,2.674228464419476,2.674228464419476
0.1879606291256817,0.010736,2.687599606741573,2.687599606741573
0.1879641305853375,0.010806,2.70097074906367,2.70097074906367
0.1879641511224006,0.011067,2.714341891385768,2.714341891385768
0.1879655090699064,0.011211,2.727713033707865,2.727713033707865
0.1879665723966482,0.011425,2.741084176029962,2.741084176029962
0.1879678484906411,0.011509,2.75445531835206,2.75445531835206
0.1879678494511446,0.011566,2.767826460674157,2.767826460674157
0.1879681866729509,0.011582,2.781197602996254,2.781197602996254
0.1879686668612206,0.011801,2.794568745318352,2.794568745318352
0.1879696061112915,0.012004,2.807939887640449,2.807939887640449
0.1879705705266904,0.012032,2.821311029962547,2.821311029962547
0.1879712003223842,0.01221,2.834682172284644,2.834682172284644
0.1879743968162582,0.012332,2.848053314606741,2.848053314606741
0.1879751350796619,0.012698,2.861424456928839,2.861424456928839
0.1879772916081723,0.012792,2.874795599250936,2.874795599250936
0.1879784533253014,0.013498,2.888166741573034,2.888166741573034
0.18797977534665,0.013544,2.901537883895131,2.901537883895131
0.1879799289015506,0.013626,2.914909026217228,2.914909026217228
0.1879814283199819,0.013655,2.928280168539326,2.928280168539326
0.1879846443419345,0.013702,2.941651310861423,2.941651310861423
0.1879852240590244,0.01395,2.955022453183521,2.955022453183521
0.1879853610360488,0.014038,2.968393595505618,2.968393595505618
0.1879867263782141,0.014104,2.981764737827715,2.981764737827715
0.1879870130130249,0.014188,2.995135880149812,2.995135880149812
0.1879872842739311,0.014423,3.00850702247191,3.00850702247191
0.1879904535144097,0.01478,3.021878164794007,3.021878164794007
0.1879925573252633,0.014985,3.035249307116105,3.035249307116105
0.1879930992945824,0.015045,3.048620449438202,3.048620449438202
0.1879931104126289,0.01548,3.061991591760299,3.061991591760299
0.1879931458748021,0.015489,3.075362734082397,3.075362734082397
0.187993912279399,0.015529,3.088733876404494,3.088733876404494
0.1879957475491706,0.015548,3.102105018726592,3.102105018726592
0.1879964196175761,0.015635,3.115476161048689,3.115476161048689
0.1879970495518139,0.015994,3.128847303370786,3.128847303370786
0.1879979511267847,0.016114,3.142218445692884,3.142218445692884
0.1879980476956237,0.016393,3.155589588014981,3.155589588014981
0.1879985724131269,0.016548,3.168960730337079,3.168960730337079
0.1879986352693458,0.016558,3.182331872659176,3.182331872659176
0.1879993329336033,0.016581,3.195703014981273,3.195703014981273
0.188000339423546,0.017006,3.209074157303371,3.209074157303371
0.1880010032198129,0.01706,3.222445299625468,3.222445299625468
0.188002428099067,0.017087,3.235816441947565,3.235816441947565
0.1880040022658469,0.017222,3.249187584269662,3.249187584269662
0.1880054201967961,0.017946,3.26255872659176,3.26255872659176
0.1880067312019841,0.019088,3.275929868913857,3.275929868913857
0.188008295129338,0.019814,3.289301011235955,3.289301011235955
0.188009636345564,0.019955,3.302672153558052,3.302672153558052
0.1880114367391592,0.019956,3.31604329588015,3.31604329588015
0.1880117035574389,0.020059,3.329414438202247,3.329414438202247
0.1880120916097707,0.020081,3.342785580524344,3.342785580524344
0.1880120917882768,0.020839,3.356156722846442,3.356156722846442
0.1880127586655999,0.020968,3.369527865168539,3.369527865168539
0.1880128805998433,0.021453,3.382899007490637,3.382899007490637
0.1880143113460877,0.021855,3.396270149812734,3.396270149812734
0.1880155224263883,0.021951,3.409641292134831,3.409641292134831
0.1880171488613504,0.021961,3.423012434456929,3.423012434456929
0.1880192658138049,0.022436,3.436383576779026,3.436383576779026
0.1880202520965146,0.022551,3.449754719101124,3.449754719101124
0.1880213903830938,0.023217,3.463125861423221,3.463125861423221
0.1880224249285313,0.023388,3.476497003745318,3.476497003745318
0.1880227979067577,0.023403,3.489868146067415,3.489868146067415
0.1880236807470838,0.023853,3.503239288389513,3.503239288389513
0.1880250965965089,0.024404,3.51661043071161,3.51661043071161
0.1880258950059984,0.02477,3.529981573033707,3.529981573033707
0.1880260884245946,0.024907,3.543352715355805,3.543352715355805
0.1880267787248026,0.024997,3.556723857677902,3.556723857677902
0.1880268022529041,0.02585,3.570095,3.570095
0.1880273829470202,0.025854,3.583466142322097,3.583466142322097
0.1880298081535333,0.02611,3.596837284644195,3.596837284644195
0.1880300997485766,0.026157,3.610208426966292,3.610208426966292
0.1880325671659219,0.026599,3.623579569288389,3.623579569288389
0.1880326789021459,0.02664,3.636950711610487,3.636950711610487
0.1880341059400181,0.026675,3.650321853932584,3.650321853932584
0.1880359536363015,0.026937,3.663692996254682,3.663692996254682
0.188035993910419,0.027009,3.677064138576779,3.677064138576779
0.1880389702842197,0.02701,3.690435280898876,3.690435280898876
0.1880393666979758,0.027183,3.703806423220974,3.703806423220974
0.1880407089168354,0.027483,3.717177565543071,3.717177565543071
0.1880424267687839,0.028101,3.730548707865168,3.730548707865168
0.1880454110164642,0.028144,3.743919850187265,3.743919850187265
0.1880454150660425,0.028946,3.757290992509363,3.757290992509363
0.1880464501033803,0.029521,3.77066213483146,3.77066213483146
0.1880474856478382,0.029645,3.784033277153558,3.784033277153558
0.1880478092632869,0.029789,3.797404419475655,3.797404419475655
0.1880479460926586,0.030954,3.810775561797752,3.810775561797752
0.1880479666133776,0.03143,3.82414670411985,3.82414670411985
0.1880513210634306,0.031987,3.837517846441947,3.837517846441947
0.1880518063315533,0.032017,3.850888988764045,3.850888988764045
0.1880534381948722,0.032095,3.864260131086142,3.864260131086142
0.1880556087052805,0.032567,3.877631273408239,3.877631273408239
0.1880595496364898,0.032942,3.891002415730337,3.891002415730337
0.1880598678019991,0.033044,3.904373558052434,3.904373558052434
0.1880615019363876,0.033552,3.917744700374532,3.917744700374532
0.1880621365053719,0.033655,3.931115842696629,3.931115842696629
0.1880627018076803,0.034144,3.944486985018727,3.944486985018727
0.1880662873186051,0.035005,3.957858127340824,3.957858127340824
0.1880664430755666,0.036481,3.971229269662921,3.971229269662921
0.1880666480229929,0.036558,3.984600411985018,3.984600411985018
0.1880670084207641,0.036926,3.997971554307116,3.997971554307116
0.1880679905897323,0.037301,4.011342696629213,4.011342696629213
0.1880696599318304,0.037915,4.02471383895131,4.02471383895131
0.1880710528749444,0.038707,4.038084981273408,4.038084981273408
0.1880713208248216,0.039552,4.051456123595505,4.051456123595505
0.1880735374167013,0.039589,4.064827265917603,4.064827265917603
0.1880745972345408,0.039995,4.0781984082397,4.0781984082397
0.1880772821881131,0.040853,4.091569550561798,4.091569550561798
0.1880780096041357,0.041286,4.104940692883895,4.104940692883895
0.1880781934972208,0.043513,4.118311835205993,4.118311835205993
0.1880784209909798,0.043579,4.131682977528089,4.131682977528089
0.1880789610304419,0.043838,4.145054119850187,4.145054119850187
0.1880791234015826,0.045371,4.158425262172284,4.158425262172284
0.188079150405011,0.046682,4.171796404494382,4.171796404494382
0.1880800060845554,0.047777,4.185167546816479,4.185167546816479
0.1880805080371188,0.048029,4.198538689138577,4.198538689138577
0.1880817940809148,0.048733,4.211909831460674,4.211909831460674
0.1880822502368447,0.049333,4.225280973782771,4.225280973782771
0.1880865269359787,0.050414,4.238652116104869,4.238652116104869
0.1880869555316695,0.051643,4.252023258426966,4.252023258426966
0.1880876354491901,0.052472,4.265394400749063,4.265394400749063
0.1880877920552993,0.052909,4.27876554307116,4.27876554307116
0.1880919287316295,0.053049,4.292136685393258,4.292136685393258
0.1880936775511979,0.053422,4.305507827715355,4.305507827715355
0.1880990699207703,0.053566,4.318878970037453,4.318878970037453
0.1880996920405706,0.055934,4.33225011235955,4.33225011235955
0.1881002561730007,0.056442,4.345621254681648,4.345621254681648
0.1881002617552432,0.056545,4.358992397003745,4.358992397003745
0.1881011793999921,0.056691,4.372363539325843,4.372363539325843
0.1881013702731016,0.059361,4.38573468164794,4.38573468164794
0.188105504877104,0.059651,4.399105823970038,4.399105823970038
0.1881079238410826,0.059757,4.412476966292134,4.412476966292134
0.1881087001546699,0.060439,4.425848108614232,4.425848108614232
0.1881110236530196,0.062469,4.439219250936329,4.439219250936329
0.1881115629656044,0.063247,4.452590393258427,4.452590393258427
0.1881131428669534,0.063711,4.465961535580524,4.465961535580524
0.188113394004156,0.064164,4.479332677902621,4.479332677902621
0.1881142366795297,0.064347,4.492703820224719,4.492703820224719
0.188115392811483,0.065056,4.506074962546816,4.506074962546816
0.1881162724567557,0.065412,4.519446104868914,4.519446104868914
0.1881175342408358,0.065609,4.532817247191011,4.532817247191011
0.1881181948403094,0.06762700000000001,4.546188389513108,4.546188389513108
0.1881194012514761,0.068955,4.559559531835205,4.559559531835205
0.1881213346942389,0.069096,4.572930674157303,4.572930674157303
0.1881230007316266,0.06927700000000001,4.5863018164794,4.5863018164794
0.1881255328844378,0.07047399999999999,4.599672958801498,4.599672958801498
0.1881322906126454,0.071571,4.613044101123595,4.613044101123595
0.1881333752446256,0.071918,4.626415243445693,4.626415243445693
0.1881346216694764,0.07299,4.63978638576779,4.63978638576779
0.1881364790502154,0.073825,4.653157528089888,4.653157528089888
0.1881373879901527,0.07774200000000001,4.666528670411985,4.666528670411985
0.1881379761820217,0.080056,4.679899812734083,4.679899812734083
0.1881389941511674,0.080429,4.693270955056179,4.693270955056179
0.1881417231415833,0.081333,4.706642097378277,4.706642097378277
0.18814336814724,0.082153,4.720013239700374,4.720013239700374
0.1881452603123937,0.08347400000000001,4.733384382022471,4.733384382022471
0.1881459984376114,0.084775,4.746755524344569,4.746755524344569
0.1881463230433168,0.085812,4.760126666666666,4.760126666666666
0.1881467118582359,0.087362,4.773497808988764,4.773497808988764
0.1881467170988398,0.087965,4.786868951310861,4.786868951310861
0.1881470436180724,0.08969199999999999,4.800240093632959,4.800240093632959
0.1881486269937924,0.09086900000000001,4.813611235955056,4.813611235955056
0.1881501670761825,0.092249,4.826982378277153,4.826982378277153
0.1881505096297949,0.093336,4.84035352059925,4.84035352059925
0.188151578939411,0.094848,4.853724662921348,4.853724662921348
0.1881551424252723,0.096217,4.867095805243445,4.867095805243445
0.1881559561883478,0.098194,4.880466947565543,4.880466947565543
0.1881563575133963,0.100528,4.89383808988764,4.89383808988764
0.1881578267701213,0.100562,4.907209232209738,4.907209232209738
0.1881579553140079,0.105548,4.920580374531835,4.920580374531835
0.1881594610782734,0.105589,4.933951516853933,4.933951516853933
0.1881597408820015,0.107374,4.94732265917603,4.94732265917603
0.1881598314708267,0.10851,4.960693801498127,4.960693801498127
0.1881613383868533,0.108955,4.974064943820224,4.974064943820224
0.1881613615329142,0.111157,4.987436086142321,4.987436086142321
0.1881624778425173,0.111446,5.000807228464419,5.000807228464419
0.1881651433214857,0.112587,5.014178370786516,5.014178370786516
0.1881669785879325,0.113445,5.027549513108614,5.027549513108614
0.1881672860016865,0.113628,5.040920655430711,5.040920655430711
0.1881710478904089,0.116652,5.054291797752809,5.054291797752809
0.1881741987577942,0.117737,5.067662940074906,5.067662940074906
0.1881750758300255,0.121092,5.081034082397004,5.081034082397004
0.1881755487163954,0.121511,5.094405224719101,5.094405224719101
0.1881765705559198,0.122373,5.107776367041198,5.107776367041198
0.1881777712180275,0.122404,5.121147509363295,5.121147509363295
0.1881799463323477,0.122795,5.134518651685393,5.134518651685393
0.1881832325473885,0.123468,5.14788979400749,5.14788979400749
0.1881843004480576,0.12589,5.161260936329588,5.161260936329588
0.1881854924300087,0.132337,5.174632078651685,5.174632078651685
0.1881861357755406,0.13317,5.188003220973783,5.188003220973783
0.1881866265815089,0.133271,5.20137436329588,5.20137436329588
0.1881875652253964,0.133903,5.214745505617977,5.214745505617977
0.1881906032527155,0.136972,5.228116647940075,5.228116647940075
0.1881908346148005,0.139891,5.241487790262171,5.241487790262171
0.1881954312570992,0.141891,5.254858932584269,5.254858932584269
0.1881973515471062,0.141907,5.268230074906366,5.268230074906366
0.1881991567242252,0.14564,5.281601217228464,5.281601217228464
0.1882037829464856,0.14837,5.294972359550561,5.294972359550561
0.1882040378455044,0.150035,5.308343501872659,5.308343501872659
0.188204229653814,0.150337,5.321714644194756,5.321714644194756
0.1882059371800157,0.151431,5.335085786516854,5.335085786516854
0.1882077377430476,0.152564,5.348456928838951,5.348456928838951
0.1882086539947621,0.155098,5.361828071161049,5.361828071161049
0.1882107779668311,0.161047,5.375199213483146,5.375199213483146
0.1882125940149346,0.168149,5.388570355805243,5.388570355805243
0.1882140817986213,0.169785,5.40194149812734,5.40194149812734
0.1882143218638763,0.179261,5.415312640449438,5.415312640449438
0.1882196979291161,0.17934,5.428683782771535,5.428683782771535
0.1882202849911572,0.181888,5.442054925093633,5.442054925093633
0.188220661028634,0.184339,5.45542606741573,5.45542606741573
0.1882230922331292,0.187405,5.468797209737827,5.468797209737827
0.1882233406404538,0.192857,5.482168352059925,5.482168352059925
0.1882236690399885,0.19512,5.495539494382022,5.495539494382022
0.188223774709326,0.195522,5.50891063670412,5.50891063670412
0.1882260530079231,0.206933,5.522281779026216,5.522281779026216
0.188229415422603,0.207804,5.535652921348314,5.535652921348314
0.1882301831289359,0.215791,5.549024063670411,5.549024063670411
0.1882315819799965,0.224143,5.562395205992509,5.562395205992509
0.1882324553343005,0.231087,5.575766348314606,5.575766348314606
0.1882336813066369,0.251173,5.589137490636704,5.589137490636704
0.1882353562678787,0.258895,5.602508632958801,5.602508632958801
0.1882365074038163,0.264807,5.615879775280899,5.615879775280899
0.1882365618557142,0.268041,5.629250917602996,5.629250917602996
0.1882420110862961,0.27196,5.642622059925094,5.642622059925094
0.1882459447424207,0.277131,5.655993202247191,5.655993202247191
0.188249305884566,0.277799,5.669364344569288,5.669364344569288
0.1882504637758718,0.297628,5.682735486891385,5.682735486891385
0.1882535725106947,0.298541,5.696106629213483,5.696106629213483
0.1882539874300815,0.29887,5.70947777153558,5.70947777153558
0.1882555091370418,0.300338,5.722848913857677,5.722848913857677
0.1882580642584473,0.302127,5.736220056179775,5.736220056179775
0.1882663999660075,0.302636,5.749591198501872,5.749591198501872
0.1882666849457488,0.3056,5.76296234082397,5.76296234082397
0.1882718622086709,0.308451,5.776333483146067,5.776333483146067
0.1882756284505532,0.323059,5.789704625468165,5.789704625468165
0.1882799309369073,0.325843,5.803075767790261,5.803075767790261
0.1882811940791833,0.325935,5.816446910112359,5.816446910112359
0.1882822378083118,0.332378,5.829818052434456,5.829818052434456
0.1882832036482883,0.352546,5.843189194756554,5.843189194756554
0.1882881828683699,0.353582,5.856560337078651,5.856560337078651
0.1882884297089233,0.373649,5.869931479400749,5.869931479400749
0.1882930081821163,0.380862,5.883302621722846,5.883302621722846
0.1882986608949655,0.383681,5.896673764044944,5.896673764044944
0.1883000968350186,0.394328,5.910044906367041,5.910044906367041
0.1883003152377672,0.403569,5.923416048689139,5.923416048689139
0.1883073560504247,0.435538,5.936787191011236,5.936787191011236
0.1883118387512346,0.442595,5.950158333333333,5.950158333333333
0.1883143916307815,0.444918,5.96352947565543,5.96352947565543
0.1883206969981122,0.447933,5.976900617977527,5.976900617977527
0.1883228560759906,0.459078,5.990271760299625,5.990271760299625
0.1883245217092143,0.468039,6.003642902621722,6.003642902621722
0.1883258017192003,0.47005,6.01701404494382,6.01701404494382
0.1883303439537374,0.479527,6.030385187265917,6.030385187265917
0.1883368439626951,0.488735,6.043756329588015,6.043756329588015
0.1883377850808136,0.49896,6.057127471910112,6.057127471910112
0.1883412115235836,0.500074,6.07049861423221,6.07049861423221
0.1883413590366929,0.50062,6.083869756554306,6.083869756554306
0.1883436454869192,0.510977,6.097240898876404,6.097240898876404
0.1883553311667411,0.519974,6.110612041198501,6.110612041198501
0.1883604623538563,0.523074,6.123983183520599,6.123983183520599
0.1883645921001984,0.554635,6.137354325842696,6.137354325842696
0.1883669928709827,0.570844,6.150725468164794,6.150725468164794
0.1883715570134458,0.583105,6.164096610486891,6.164096610486891
0.1883768598132055,0.591318,6.177467752808989,6.177467752808989
0.188378234943076,0.607281,6.190838895131086,6.190838895131086
0.1883815159450708,0.616325,6.204210037453183,6.204210037453183
0.1883817564607828,0.628444,6.21758117977528,6.21758117977528
0.188386237629996,0.648019,6.230952322097377,6.230952322097377
0.1883917211877233,0.655134,6.244323464419475,6.244323464419475
0.1883953972320117,0.662364,6.257694606741572,6.257694606741572
0.1884050471728119,0.666862,6.27106574906367,6.27106574906367
0.1884111584187545,0.680895,6.284436891385767,6.284436891385767
0.1884347422167574,0.683902,6.297808033707865,6.297808033707865
0.1884384171967088,0.698807,6.311179176029962,6.311179176029962
0.1884502865679745,0.699421,6.32455031835206,6.32455031835206
0.1884590011203811,0.711175,6.337921460674157,6.337921460674157
0.1884597835210199,0.719732,6.351292602996255,6.351292602996255
0.1884615654513982,0.727047,6.364663745318351,6.364663745318351
0.1884658921238424,0.749654,6.378034887640449,6.378034887640449
0.1884696310177496,0.754948,6.391406029962546,6.391406029962546
0.1884736801282958,0.764803,6.404777172284644,6.404777172284644
0.1884885447916449,0.765907,6.418148314606741,6.418148314606741
0.1884894389901878,0.7739279999999999,6.431519456928839,6.431519456928839
0.1884903718336778,0.855901,6.444890599250936,6.444890599250936
0.1885014986578475,0.861151,6.458261741573033,6.458261741573033
0.1885021208126199,0.9991,6.471632883895131,6.471632883895131
0.1885109112991306,1.010175,6.485004026217228,6.485004026217228
0.1885387650207843,1.014622,6.498375168539325,6.498375168539325
0.1885401467535602,1.018455,6.511746310861422,6.511746310861422
0.1885574523601658,1.022061,6.52511745318352,6.52511745318352
0.1885586206731246,1.024322,6.538488595505617,6.538488595505617
0.1885936241478789,1.113484,6.551859737827715,6.551859737827715
0.188596145297254,1.139538,6.565230880149812,6.565230880149812
0.1886152615788053,1.208995,6.57860202247191,6.57860202247191
0.1886348975968131,1.220596,6.591973164794007,6.591973164794007
0.1886404751145358,1.300822,6.605344307116105,6.605344307116105
0.1886469406186791,1.368339,6.618715449438202,6.618715449438202
0.1886479136271088,1.384948,6.6320865917603,6.6320865917603
0.1886490264152476,1.429005,6.645457734082396,6.645457734082396
0.188663344637784,1.46105,6.658828876404494,6.658828876404494
0.1886726540032188,1.478633,6.672200018726591,6.672200018726591
0.1886784742620565,1.480017,6.685571161048689,6.685571161048689
0.1886853767601333,1.511574,6.698942303370786,6.698942303370786
0.1887173369659229,1.522315,6.712313445692883,6.712313445692883
0.1887219653065237,1.554307,6.725684588014981,6.725684588014981
0.1887351868810856,1.570228,6.739055730337078,6.739055730337078
0.1888810106772863,1.577996,6.752426872659176,6.752426872659176
0.1888966008211325,1.719515,6.765798014981273,6.765798014981273
0.1890017114168291,1.741257,6.77916915730337,6.77916915730337
0.1893183841484737,1.800132,6.792540299625467,6.792540299625467
0.1893848103606261,1.845423,6.805911441947565,6.805911441947565
0.1893861295126795,1.886535,6.819282584269662,6.819282584269662
0.1894684402455522,1.910275,6.83265372659176,6.83265372659176
0.1894745301364828,1.950403,6.846024868913857,6.846024868913857
0.1895587980742839,2.054133,6.859396011235955,6.859396011235955
0.1896035219729436,2.077491,6.872767153558052,6.872767153558052
0.1900046334948129,2.13247,6.88613829588015,6.88613829588015
0.1903074529040043,2.204586,6.899509438202247,6.899509438202247
0.1906356283306907,2.381613,6.912880580524345,6.912880580524345
0.1911372646809391,2.484326,6.926251722846441,6.926251722846441
0.1912361940196154,2.513064,6.939622865168539,6.939622865168539
0.1912621705258682,2.616656,6.952994007490636,6.952994007490636
0.1913145594381962,2.809856,6.966365149812733,6.966365149812733
0.1917735577035917,2.857196,6.979736292134831,6.979736292134831
0.1919501974456119,2.901675,6.993107434456928,6.993107434456928
0.1922834575001674,2.969731,7.006478576779026,7.006478576779026
0.1924458484416557,3.167613,7.019849719101123,7.019849719101123
0.1924518909767109,3.258149,7.033220861423221,7.033220861423221
0.1926903755478327,3.368173,7.046592003745318,7.046592003745318
0.1927809824939629,3.442714,7.059963146067415,7.059963146067415
0.1928126552464735,3.470482,7.073334288389512,7.073334288389512
0.1940403110862748,3.683683,7.08670543071161,7.08670543071161
0.1994325169577382,4.144676,7.100076573033707,7.100076573033707
0.2043534782591805,4.78545,7.113447715355805,7.113447715355805
0.2144895558938328,5.183249,7.126818857677902,7.126818857677902
0.2236589160038627,7.14019,7.14019,7.14019
