#QQplot - Pareto(MLH)
#Estimatedpoints(x), Empiricalsample(y), xrule yrule
5.00221027517068e-08,5e-08,0,0
5.005968482452997e-08,4.2e-05,0.00667307476635514,0.00667307476635514
5.068639018543654e-08,7.8e-05,0.01334614953271028,0.01334614953271028
5.141960689427776e-08,7.9e-05,0.02001922429906542,0.02001922429906542
5.152761610970897e-08,0.000273,0.02669229906542056,0.02669229906542056
5.344417363777969e-08,0.000278,0.0333653738317757,0.0333653738317757
5.371062601671992e-08,0.000281,0.04003844859813084,0.04003844859813084
5.402643135872766e-08,0.000282,0.04671152336448598,0.04671152336448598
5.449079935600678e-08,0.000283,0.05338459813084112,0.05338459813084112
5.457852733139988e-08,0.000285,0.06005767289719626,0.06005767289719626
5.501140619447672e-08,0.000289,0.0667307476635514,0.0667307476635514
5.627838938977051e-08,0.000329,0.07340382242990653,0.07340382242990653
5.722051410463039e-08,0.000379,0.08007689719626168,0.08007689719626168
5.901263522324602e-08,0.000441,0.08674997196261683,0.08674997196261683
5.939494635564593e-08,0.000448,0.09342304672897196,0.09342304672897196
5.974522449048152e-08,0.000457,0.1000961214953271,0.1000961214953271
6.067787948607994e-08,0.000458,0.1067691962616822,0.1067691962616822
6.071882777855855e-08,0.000465,0.1134422710280374,0.1134422710280374
6.144073303029605e-08,0.000467,0.1201153457943925,0.1201153457943925
6.186406087723394e-08,0.000469,0.1267884205607477,0.1267884205607477
6.25413227189508e-08,0.000474,0.1334614953271028,0.1334614953271028
6.273896238441559e-08,0.000476,0.1401345700934579,0.1401345700934579
6.397158103889652e-08,0.000486,0.1468076448598131,0.1468076448598131
6.468072106844738e-08,0.00049,0.1534807196261682,0.1534807196261682
6.52770515567356e-08,0.000498,0.1601537943925234,0.1601537943925234
6.734375197540372e-08,0.000514,0.1668268691588785,0.1668268691588785
6.840743379443542e-08,0.000514,0.1734999439252337,0.1734999439252337
6.87319383841341e-08,0.000515,0.1801730186915888,0.1801730186915888
7.052371437882811e-08,0.000528,0.1868460934579439,0.1868460934579439
7.075377979582787e-08,0.000538,0.1935191682242991,0.1935191682242991
7.141639019081439e-08,0.000549,0.2001922429906542,0.2001922429906542
7.154655245474448e-08,0.000564,0.2068653177570093,0.2068653177570093
7.241584684847332e-08,0.000569,0.2135383925233645,0.2135383925233645
7.467742541254383e-08,0.000585,0.2202114672897196,0.2202114672897196
7.475465732963768e-08,0.0005910000000000001,0.2268845420560748,0.2268845420560748
7.615814335312858e-08,0.0005910000000000001,0.2335576168224299,0.2335576168224299
7.62578822295742e-08,0.000605,0.240230691588785,0.240230691588785
7.889235636683524e-08,0.000625,0.2469037663551402,0.2469037663551402
7.998863118940432e-08,0.000627,0.2535768411214953,0.2535768411214953
8.089170034755943e-08,0.000635,0.2602499158878505,0.2602499158878505
8.150994615342483e-08,0.000661,0.2669229906542056,0.2669229906542056
8.165149312851877e-08,0.000669,0.2735960654205608,0.2735960654205608
8.194712761820474e-08,0.000677,0.2802691401869159,0.2802691401869159
8.647735241628964e-08,0.000678,0.286942214953271,0.286942214953271
8.880010955388239e-08,0.000687,0.2936152897196261,0.2936152897196261
9.114155335061645e-08,0.000961,0.3002883644859813,0.3002883644859813
9.136517005231093e-08,0.000961,0.3069614392523364,0.3069614392523364
9.188961631393341e-08,0.00098,0.3136345140186916,0.3136345140186916
9.200402362378416e-08,0.001078,0.3203075887850467,0.3203075887850467
9.261789371276737e-08,0.001084,0.3269806635514019,0.3269806635514019
9.380493398743187e-08,0.001087,0.333653738317757,0.333653738317757
9.676703174838314e-08,0.001104,0.3403268130841122,0.3403268130841122
9.773426695610468e-08,0.001149,0.3469998878504673,0.3469998878504673
1.029261848027377e-07,0.001166,0.3536729626168224,0.3536729626168224
1.06975253668992e-07,0.001175,0.3603460373831776,0.3603460373831776
1.090636199004609e-07,0.001219,0.3670191121495327,0.3670191121495327
1.092368917928369e-07,0.001431,0.3736921869158878,0.3736921869158878
1.109712071220767e-07,0.001491,0.380365261682243,0.380365261682243
1.160528936341062e-07,0.001578,0.3870383364485981,0.3870383364485981
1.166725811087856e-07,0.001714,0.3937114112149533,0.3937114112149533
1.169822529101407e-07,0.001739,0.4003844859813084,0.4003844859813084
1.171995938219513e-07,0.001887,0.4070575607476635,0.4070575607476635
1.173274757181428e-07,0.001913,0.4137306355140187,0.4137306355140187
1.185051791204173e-07,0.001937,0.4204037102803738,0.4204037102803738
1.265595317764246e-07,0.001954,0.427076785046729,0.427076785046729
1.266937546986968e-07,0.001985,0.4337498598130841,0.4337498598130841
1.298389091468911e-07,0.002148,0.4404229345794393,0.4404229345794393
1.313969001543406e-07,0.002273,0.4470960093457944,0.4470960093457944
1.347832352219896e-07,0.002325,0.4537690841121496,0.4537690841121496
1.352195924998132e-07,0.002343,0.4604421588785046,0.4604421588785046
1.353487962685823e-07,0.002365,0.4671152336448598,0.4671152336448598
1.357673865354955e-07,0.002412,0.4737883084112149,0.4737883084112149
1.367303573296352e-07,0.002432,0.4804613831775701,0.4804613831775701
1.388797075253659e-07,0.002433,0.4871344579439252,0.4871344579439252
1.416777968441584e-07,0.002438,0.4938075327102804,0.4938075327102804
1.429636416993818e-07,0.002441,0.5004806074766355,0.5004806074766355
1.433633531838205e-07,0.002469,0.5071536822429906,0.5071536822429906
1.441810320661871e-07,0.002481,0.5138267570093458,0.5138267570093458
1.452236533622886e-07,0.002498,0.5204998317757009,0.5204998317757009
1.458451677847525e-07,0.002513,0.5271729065420561,0.5271729065420561
1.503748327774117e-07,0.002564,0.5338459813084112,0.5338459813084112
1.593961217350497e-07,0.002609,0.5405190560747664,0.5405190560747664
1.6248896730947e-07,0.00261,0.5471921308411215,0.5471921308411215
1.688972872497722e-07,0.002723,0.5538652056074767,0.5538652056074767
1.717181551094844e-07,0.00275,0.5605382803738318,0.5605382803738318
1.736730932871232e-07,0.002852,0.5672113551401869,0.5672113551401869
1.790564257756865e-07,0.002886,0.5738844299065421,0.5738844299065421
1.802443999885192e-07,0.002888,0.5805575046728972,0.5805575046728972
1.827704792281175e-07,0.002895,0.5872305794392523,0.5872305794392523
1.829309103460514e-07,0.002946,0.5939036542056074,0.5939036542056074
1.858698017880018e-07,0.002959,0.6005767289719626,0.6005767289719626
1.893447693874559e-07,0.002973,0.6072498037383177,0.6072498037383177
1.902634311319318e-07,0.002974,0.6139228785046729,0.6139228785046729
1.906142633220513e-07,0.00299,0.620595953271028,0.620595953271028
1.916222032365921e-07,0.002998,0.6272690280373832,0.6272690280373832
1.927167692184118e-07,0.003013,0.6339421028037383,0.6339421028037383
1.940134637223768e-07,0.003022,0.6406151775700935,0.6406151775700935
1.954549243054569e-07,0.003044,0.6472882523364486,0.6472882523364486
1.969949251335416e-07,0.003045,0.6539613271028037,0.6539613271028037
1.972766456094896e-07,0.003056,0.6606344018691589,0.6606344018691589
2.004631580765716e-07,0.003096,0.667307476635514,0.667307476635514
2.005262381538041e-07,0.003119,0.6739805514018692,0.6739805514018692
2.022447743124047e-07,0.003124,0.6806536261682243,0.6806536261682243
2.046390492099834e-07,0.00313,0.6873267009345795,0.6873267009345795
2.064793989312113e-07,0.003131,0.6939997757009346,0.6939997757009346
2.070869983674227e-07,0.003165,0.7006728504672897,0.7006728504672897
2.086942855805017e-07,0.003168,0.7073459252336448,0.7073459252336448
2.104802181541935e-07,0.003175,0.714019,0.714019
2.159759048381487e-07,0.003178,0.7206920747663551,0.7206920747663551
2.237441074799095e-07,0.0032,0.7273651495327103,0.7273651495327103
2.27376337156258e-07,0.003221,0.7340382242990654,0.7340382242990654
2.333190801230441e-07,0.003234,0.7407112990654205,0.7407112990654205
2.453175188513267e-07,0.003239,0.7473843738317757,0.7473843738317757
2.517534588817837e-07,0.003248,0.7540574485981308,0.7540574485981308
2.522111149038669e-07,0.003254,0.760730523364486,0.760730523364486
2.622841724051643e-07,0.003254,0.7674035981308411,0.7674035981308411
2.633280158184736e-07,0.003285,0.7740766728971963,0.7740766728971963
2.701369983571447e-07,0.003294,0.7807497476635514,0.7807497476635514
2.730949718327546e-07,0.003299,0.7874228224299066,0.7874228224299066
2.815311320407722e-07,0.003342,0.7940958971962617,0.7940958971962617
2.838863681171325e-07,0.003344,0.8007689719626168,0.8007689719626168
2.888217351395001e-07,0.003355,0.8074420467289719,0.8074420467289719
2.906214544050682e-07,0.003357,0.8141151214953271,0.8141151214953271
2.939276620188792e-07,0.003369,0.8207881962616822,0.8207881962616822
2.966387299916828e-07,0.003373,0.8274612710280373,0.8274612710280373
3.015898666939099e-07,0.003404,0.8341343457943925,0.8341343457943925
3.083751482488903e-07,0.003412,0.8408074205607476,0.8408074205607476
3.147467090024812e-07,0.003412,0.8474804953271028,0.8474804953271028
3.241289816683942e-07,0.003415,0.8541535700934579,0.8541535700934579
3.324094330878794e-07,0.003472,0.8608266448598131,0.8608266448598131
3.374437818179397e-07,0.003482,0.8674997196261682,0.8674997196261682
3.399020433329304e-07,0.003503,0.8741727943925234,0.8741727943925234
3.442062333117275e-07,0.003542,0.8808458691588785,0.8808458691588785
3.541604511705421e-07,0.003556,0.8875189439252337,0.8875189439252337
3.678802403646784e-07,0.003576,0.8941920186915888,0.8941920186915888
3.700568705231653e-07,0.003589,0.900865093457944,0.900865093457944
3.718234515214204e-07,0.003619,0.9075381682242991,0.9075381682242991
3.76795502254432e-07,0.00364,0.9142112429906541,0.9142112429906541
3.81825329040045e-07,0.003654,0.9208843177570093,0.9208843177570093
3.851869165740851e-07,0.003679,0.9275573925233644,0.9275573925233644
3.936539849909919e-07,0.003685,0.9342304672897196,0.9342304672897196
3.9845723147784e-07,0.003689,0.9409035420560747,0.9409035420560747
4.042148368944902e-07,0.003708,0.9475766168224299,0.9475766168224299
4.146618857234703e-07,0.003718,0.954249691588785,0.954249691588785
4.226414592562831e-07,0.003731,0.9609227663551402,0.9609227663551402
4.229766897302157e-07,0.003731,0.9675958411214953,0.9675958411214953
4.247060751576821e-07,0.003745,0.9742689158878505,0.9742689158878505
4.259927751909872e-07,0.003756,0.9809419906542056,0.9809419906542056
4.303074670128876e-07,0.003802,0.9876150654205608,0.9876150654205608
4.392788816769947e-07,0.003823,0.9942881401869159,0.9942881401869159
4.660829206519563e-07,0.003829,1.000961214953271,1.000961214953271
4.806270988603031e-07,0.003847,1.007634289719626,1.007634289719626
4.984437974718404e-07,0.003848,1.014307364485981,1.014307364485981
5.206053227892907e-07,0.003849,1.020980439252337,1.020980439252337
5.221677797226328e-07,0.003853,1.027653514018692,1.027653514018692
5.36468291049326e-07,0.003883,1.034326588785047,1.034326588785047
5.409266693343976e-07,0.003887,1.040999663551402,1.040999663551402
5.469642150142957e-07,0.003897,1.047672738317757,1.047672738317757
5.494406890917623e-07,0.003906,1.054345813084112,1.054345813084112
5.651766774938392e-07,0.003914,1.061018887850467,1.061018887850467
5.65641521121443e-07,0.003915,1.067691962616822,1.067691962616822
5.702609422284656e-07,0.003916,1.074365037383177,1.074365037383177
5.77479899875921e-07,0.003918,1.081038112149533,1.081038112149533
5.821607212705392e-07,0.003923,1.087711186915888,1.087711186915888
5.83731503469351e-07,0.003931,1.094384261682243,1.094384261682243
5.849084971768477e-07,0.003935,1.101057336448598,1.101057336448598
5.899472322031842e-07,0.003936,1.107730411214953,1.107730411214953
5.920400012620173e-07,0.003947,1.114403485981308,1.114403485981308
5.925356943616406e-07,0.003955,1.121076560747664,1.121076560747664
5.974897941560987e-07,0.003959,1.127749635514019,1.127749635514019
6.00698659892725e-07,0.003966,1.134422710280374,1.134422710280374
6.024132172200692e-07,0.003969,1.141095785046729,1.141095785046729
6.047868558879514e-07,0.003976,1.147768859813084,1.147768859813084
6.050749707804824e-07,0.003982,1.154441934579439,1.154441934579439
6.084913525583806e-07,0.003987,1.161115009345794,1.161115009345794
6.097593987465621e-07,0.003999,1.16778808411215,1.16778808411215
6.204275575869122e-07,0.00404,1.174461158878505,1.174461158878505
6.233582374123289e-07,0.004055,1.18113423364486,1.18113423364486
6.244875348125572e-07,0.004068,1.187807308411215,1.187807308411215
6.261595987877517e-07,0.00407,1.19448038317757,1.19448038317757
6.479731714552719e-07,0.004071,1.201153457943925,1.201153457943925
6.502046531397551e-07,0.004095,1.20782653271028,1.20782653271028
6.7501184231723e-07,0.004102,1.214499607476635,1.214499607476635
6.794688667040222e-07,0.004122,1.221172682242991,1.221172682242991
6.952936477295258e-07,0.004131,1.227845757009346,1.227845757009346
6.966928710434675e-07,0.004136,1.234518831775701,1.234518831775701
7.008128743336188e-07,0.004152,1.241191906542056,1.241191906542056
7.201074065328569e-07,0.004158,1.247864981308411,1.247864981308411
7.241207250802829e-07,0.004165,1.254538056074766,1.254538056074766
7.257536798189626e-07,0.004173,1.261211130841122,1.261211130841122
7.320511672679686e-07,0.004178,1.267884205607477,1.267884205607477
7.354691580015843e-07,0.004185,1.274557280373832,1.274557280373832
7.362729389003868e-07,0.004194,1.281230355140187,1.281230355140187
7.661195995713699e-07,0.004195,1.287903429906542,1.287903429906542
7.696921895184519e-07,0.004196,1.294576504672897,1.294576504672897
7.727289573299625e-07,0.004199,1.301249579439252,1.301249579439252
7.767580876132836e-07,0.004224,1.307922654205607,1.307922654205607
8.015078510868089e-07,0.004225,1.314595728971963,1.314595728971963
8.194431319870863e-07,0.004239,1.321268803738318,1.321268803738318
8.748447725871142e-07,0.00424,1.327941878504673,1.327941878504673
8.946237868749105e-07,0.004245,1.334614953271028,1.334614953271028
9.036616067512468e-07,0.004272,1.341288028037383,1.341288028037383
9.235851166364694e-07,0.004276,1.347961102803738,1.347961102803738
9.287589056733762e-07,0.004297,1.354634177570093,1.354634177570093
9.352883109657536e-07,0.00433,1.361307252336449,1.361307252336449
9.35898577142082e-07,0.004338,1.367980327102804,1.367980327102804
9.37972043405915e-07,0.004339,1.374653401869159,1.374653401869159
9.602613631364397e-07,0.004352,1.381326476635514,1.381326476635514
9.745267086630183e-07,0.004359,1.387999551401869,1.387999551401869
9.758838832040114e-07,0.00436,1.394672626168224,1.394672626168224
1.006635987935703e-06,0.004387,1.401345700934579,1.401345700934579
1.010268970962658e-06,0.004407,1.408018775700935,1.408018775700935
1.013874875517729e-06,0.004408,1.41469185046729,1.41469185046729
1.015617049994895e-06,0.004423,1.421364925233645,1.421364925233645
1.015795346164128e-06,0.004425,1.428038,1.428038
1.068000463594696e-06,0.004433,1.434711074766355,1.434711074766355
1.10189964855566e-06,0.00444,1.44138414953271,1.44138414953271
1.108538677978292e-06,0.004484,1.448057224299065,1.448057224299065
1.115426056174129e-06,0.004484,1.454730299065421,1.454730299065421
1.130450291526907e-06,0.00449,1.461403373831776,1.461403373831776
1.140916813547513e-06,0.004557,1.468076448598131,1.468076448598131
1.163974626921373e-06,0.004574,1.474749523364486,1.474749523364486
1.193902915521739e-06,0.004575,1.481422598130841,1.481422598130841
1.224913881170847e-06,0.004585,1.488095672897196,1.488095672897196
1.225336419254929e-06,0.004592,1.494768747663551,1.494768747663551
1.25893498037923e-06,0.004595,1.501441822429906,1.501441822429906
1.273871614324342e-06,0.004607,1.508114897196262,1.508114897196262
1.292442478362223e-06,0.004633,1.514787971962617,1.514787971962617
1.330343385049801e-06,0.004633,1.521461046728972,1.521461046728972
1.340609376068227e-06,0.00467,1.528134121495327,1.528134121495327
1.360196310104703e-06,0.004672,1.534807196261682,1.534807196261682
1.371198217307967e-06,0.004675,1.541480271028037,1.541480271028037
1.383168356989441e-06,0.004679,1.548153345794393,1.548153345794393
1.395523694637709e-06,0.004679,1.554826420560748,1.554826420560748
1.402354125849822e-06,0.00468,1.561499495327103,1.561499495327103
1.417848610272842e-06,0.004681,1.568172570093458,1.568172570093458
1.503940034142564e-06,0.004708,1.574845644859813,1.574845644859813
1.518086644454756e-06,0.004724,1.581518719626168,1.581518719626168
1.542246810542735e-06,0.004727,1.588191794392523,1.588191794392523
1.547999673303536e-06,0.004736,1.594864869158878,1.594864869158878
1.548573974234673e-06,0.004736,1.601537943925234,1.601537943925234
1.553215936383647e-06,0.004738,1.608211018691589,1.608211018691589
1.558795720624317e-06,0.004743,1.614884093457944,1.614884093457944
1.611766900362041e-06,0.004744,1.621557168224299,1.621557168224299
1.638596404043849e-06,0.004758,1.628230242990654,1.628230242990654
1.645996913516703e-06,0.004763,1.634903317757009,1.634903317757009
1.649945312737253e-06,0.004784,1.641576392523364,1.641576392523364
1.657086786205975e-06,0.004792,1.64824946728972,1.64824946728972
1.744448523960814e-06,0.004817,1.654922542056075,1.654922542056075
1.748600097990359e-06,0.00483,1.66159561682243,1.66159561682243
1.750772576784377e-06,0.004831,1.668268691588785,1.668268691588785
1.774085588312102e-06,0.004844,1.67494176635514,1.67494176635514
1.797677916264356e-06,0.004852,1.681614841121495,1.681614841121495
1.821731621155868e-06,0.004855,1.688287915887851,1.688287915887851
1.857478936221067e-06,0.00486,1.694960990654206,1.694960990654206
1.886763854746256e-06,0.004869,1.701634065420561,1.701634065420561
2.095020410385917e-06,0.004876,1.708307140186916,1.708307140186916
2.199294539662148e-06,0.004893,1.714980214953271,1.714980214953271
2.220444666211943e-06,0.004898,1.721653289719626,1.721653289719626
2.232225199501329e-06,0.004905,1.728326364485981,1.728326364485981
2.273049829561163e-06,0.004919,1.734999439252336,1.734999439252336
2.273708915483081e-06,0.004935,1.741672514018691,1.741672514018691
2.287141485685911e-06,0.00495,1.748345588785047,1.748345588785047
2.334605246752689e-06,0.004966,1.755018663551402,1.755018663551402
2.352664178175842e-06,0.004981,1.761691738317757,1.761691738317757
2.393899319505275e-06,0.005023,1.768364813084112,1.768364813084112
2.40286197620026e-06,0.00505,1.775037887850467,1.775037887850467
2.405034119654533e-06,0.005116,1.781710962616822,1.781710962616822
2.441752965298026e-06,0.005143,1.788384037383178,1.788384037383178
2.443493846365123e-06,0.00516,1.795057112149533,1.795057112149533
2.443625887290072e-06,0.005165,1.801730186915888,1.801730186915888
2.472295620169171e-06,0.005193,1.808403261682243,1.808403261682243
2.478078587462497e-06,0.005196,1.815076336448598,1.815076336448598
2.486014871530027e-06,0.005205,1.821749411214953,1.821749411214953
2.510819042097093e-06,0.00523,1.828422485981308,1.828422485981308
2.607465998321475e-06,0.005267,1.835095560747664,1.835095560747664
2.627651362606878e-06,0.005307,1.841768635514019,1.841768635514019
2.648161438448769e-06,0.005308,1.848441710280374,1.848441710280374
2.767181499147907e-06,0.005339,1.855114785046729,1.855114785046729
2.76994336510369e-06,0.005354,1.861787859813084,1.861787859813084
2.781923434796085e-06,0.005362,1.868460934579439,1.868460934579439
2.796547494412085e-06,0.00539,1.875134009345794,1.875134009345794
2.813751621173934e-06,0.005396,1.881807084112149,1.881807084112149
2.900613466520322e-06,0.005403,1.888480158878505,1.888480158878505
2.90509292973749e-06,0.005404,1.89515323364486,1.89515323364486
2.94572173649381e-06,0.005408,1.901826308411215,1.901826308411215
3.025700091287957e-06,0.005412,1.90849938317757,1.90849938317757
3.035010100560037e-06,0.005419,1.915172457943925,1.915172457943925
3.058894855669482e-06,0.00542,1.92184553271028,1.92184553271028
3.175630343747765e-06,0.005421,1.928518607476635,1.928518607476635
3.213917898531822e-06,0.00543,1.935191682242991,1.935191682242991
3.217814238283136e-06,0.005435,1.941864757009346,1.941864757009346
3.43639929757943e-06,0.005469,1.948537831775701,1.948537831775701
3.437971426598492e-06,0.005509,1.955210906542056,1.955210906542056
3.467739543144939e-06,0.00555,1.961883981308411,1.961883981308411
3.518839981845509e-06,0.005588,1.968557056074766,1.968557056074766
3.52819384398387e-06,0.005592,1.975230130841122,1.975230130841122
3.560443778037183e-06,0.005621,1.981903205607477,1.981903205607477
3.569710816569396e-06,0.005626,1.988576280373832,1.988576280373832
3.697882331666756e-06,0.00564,1.995249355140187,1.995249355140187
3.855756986526851e-06,0.005655,2.001922429906542,2.001922429906542
3.938617363672623e-06,0.005658,2.008595504672897,2.008595504672897
4.10561602988183e-06,0.005682,2.015268579439252,2.015268579439252
4.18951695718403e-06,0.005684,2.021941654205607,2.021941654205607
4.455459002510446e-06,0.005691,2.028614728971962,2.028614728971962
4.563243738489498e-06,0.005698,2.035287803738318,2.035287803738318
4.843208733651865e-06,0.005709,2.041960878504673,2.041960878504673
4.920456790535873e-06,0.005781,2.048633953271028,2.048633953271028
4.925581080038895e-06,0.00582,2.055307028037383,2.055307028037383
5.155491262056588e-06,0.005845,2.061980102803738,2.061980102803738
5.168930253054616e-06,0.005847,2.068653177570094,2.068653177570094
5.231030401872346e-06,0.005868,2.075326252336449,2.075326252336449
5.383073154439079e-06,0.005872,2.081999327102804,2.081999327102804
5.513461356935874e-06,0.005894,2.088672401869159,2.088672401869159
5.589962374488692e-06,0.005896,2.095345476635514,2.095345476635514
5.597965840477656e-06,0.005898,2.102018551401869,2.102018551401869
5.668258190143578e-06,0.005898,2.108691626168224,2.108691626168224
5.925935651256455e-06,0.005905,2.115364700934579,2.115364700934579
6.037158755259992e-06,0.005906,2.122037775700935,2.122037775700935
6.063793832881589e-06,0.005907,2.12871085046729,2.12871085046729
6.107660964736123e-06,0.005907,2.135383925233645,2.135383925233645
6.117585581759348e-06,0.005907,2.142057,2.142057
6.227181511263582e-06,0.005911,2.148730074766355,2.148730074766355
6.281295812024412e-06,0.005912,2.15540314953271,2.15540314953271
6.353023739458505e-06,0.005916,2.162076224299065,2.162076224299065
6.792404766453083e-06,0.005916,2.16874929906542,2.16874929906542
6.818682653414641e-06,0.005917,2.175422373831776,2.175422373831776
6.820747163146609e-06,0.005917,2.182095448598131,2.182095448598131
7.027011047080758e-06,0.00592,2.188768523364486,2.188768523364486
7.118158472130358e-06,0.005927,2.195441598130841,2.195441598130841
7.188635360748228e-06,0.00593,2.202114672897196,2.202114672897196
7.300947593290722e-06,0.005945,2.208787747663552,2.208787747663552
7.394425294203158e-06,0.005951,2.215460822429907,2.215460822429907
7.433140165500745e-06,0.005957,2.222133897196262,2.222133897196262
7.832280338343047e-06,0.005961,2.228806971962617,2.228806971962617
7.996512433103545e-06,0.005963,2.235480046728972,2.235480046728972
8.067881052866583e-06,0.005969,2.242153121495327,2.242153121495327
8.49658738480345e-06,0.006028,2.248826196261682,2.248826196261682
8.51524314518365e-06,0.00606,2.255499271028037,2.255499271028037
8.642095756182129e-06,0.00609,2.262172345794392,2.262172345794392
8.992809027626333e-06,0.006142,2.268845420560748,2.268845420560748
9.10785506068825e-06,0.006148,2.275518495327103,2.275518495327103
9.232031560134049e-06,0.00615,2.282191570093458,2.282191570093458
9.260134680740962e-06,0.006152,2.288864644859813,2.288864644859813
9.386457444762292e-06,0.006157,2.295537719626168,2.295537719626168
9.477060372079373e-06,0.006159,2.302210794392523,2.302210794392523
9.512585796488816e-06,0.006166,2.308883869158878,2.308883869158878
9.950162123567449e-06,0.006168,2.315556943925233,2.315556943925233
1.006357223467115e-05,0.006206,2.322230018691589,2.322230018691589
1.039997773997743e-05,0.006211,2.328903093457944,2.328903093457944
1.06327756124234e-05,0.006231,2.335576168224299,2.335576168224299
1.071312865508704e-05,0.006254,2.342249242990654,2.342249242990654
1.142880989563205e-05,0.006305,2.348922317757009,2.348922317757009
1.149405256262666e-05,0.006319,2.355595392523365,2.355595392523365
1.250759785375059e-05,0.006355,2.36226846728972,2.36226846728972
1.255024963775931e-05,0.006364,2.368941542056075,2.368941542056075
1.269148564140679e-05,0.00639,2.37561461682243,2.37561461682243
1.282756357871696e-05,0.006397,2.382287691588785,2.382287691588785
1.289110543831974e-05,0.006412,2.38896076635514,2.38896076635514
1.330676650971247e-05,0.006418,2.395633841121495,2.395633841121495
1.358259212792269e-05,0.006482,2.40230691588785,2.40230691588785
1.399685925290284e-05,0.006641,2.408979990654206,2.408979990654206
1.428794695912589e-05,0.006651,2.415653065420561,2.415653065420561
1.434772113075773e-05,0.006716,2.422326140186916,2.422326140186916
1.447231363186311e-05,0.006795,2.428999214953271,2.428999214953271
1.479337222732952e-05,0.006957,2.435672289719626,2.435672289719626
1.50496341955807e-05,0.007101,2.442345364485981,2.442345364485981
1.505769950009952e-05,0.007142,2.449018439252336,2.449018439252336
1.56807769979135e-05,0.007383,2.455691514018691,2.455691514018691
1.573030335235752e-05,0.007435,2.462364588785046,2.462364588785046
1.585206633652684e-05,0.007504,2.469037663551402,2.469037663551402
1.593451663742346e-05,0.007731,2.475710738317757,2.475710738317757
1.616802111180668e-05,0.00781,2.482383813084112,2.482383813084112
1.642089137699674e-05,0.007813000000000001,2.489056887850467,2.489056887850467
1.668048821348795e-05,0.007828,2.495729962616823,2.495729962616823
1.720011524093456e-05,0.007875999999999999,2.502403037383178,2.502403037383178
1.735549171860342e-05,0.007882999999999999,2.509076112149533,2.509076112149533
1.755110955841267e-05,0.007884,2.515749186915888,2.515749186915888
1.785931658547922e-05,0.007952000000000001,2.522422261682243,2.522422261682243
1.799468424946178e-05,0.008129000000000001,2.529095336448598,2.529095336448598
1.824837030239126e-05,0.008351000000000001,2.535768411214953,2.535768411214953
1.841783612162957e-05,0.008377000000000001,2.542441485981308,2.542441485981308
1.874755591774137e-05,0.008389000000000001,2.549114560747664,2.549114560747664
1.881195132578982e-05,0.008525,2.555787635514019,2.555787635514019
1.919210463659533e-05,0.008649,2.562460710280374,2.562460710280374
1.937443512411697e-05,0.008697999999999999,2.569133785046729,2.569133785046729
2.015721253828091e-05,0.008765,2.575806859813084,2.575806859813084
2.060286843820319e-05,0.009013,2.582479934579439,2.582479934579439
2.074733702760173e-05,0.009021,2.589153009345794,2.589153009345794
2.119863941750399e-05,0.009082,2.595826084112149,2.595826084112149
2.125056239879533e-05,0.009183999999999999,2.602499158878504,2.602499158878504
2.24309119638907e-05,0.009207,2.60917223364486,2.60917223364486
2.310550097813239e-05,0.009245,2.615845308411215,2.615845308411215
2.391555953056268e-05,0.009414,2.62251838317757,2.62251838317757
2.43079545970688e-05,0.009593000000000001,2.629191457943925,2.629191457943925
2.488326484204345e-05,0.009611,2.635864532710281,2.635864532710281
2.497843668148145e-05,0.009669000000000001,2.642537607476636,2.642537607476636
2.51231217010858e-05,0.009775000000000001,2.649210682242991,2.649210682242991
2.59580719598841e-05,0.009797,2.655883757009346,2.655883757009346
2.667739209399153e-05,0.009849999999999999,2.662556831775701,2.662556831775701
2.746072535979105e-05,0.009877,2.669229906542056,2.669229906542056
2.838683661424983e-05,0.009884,2.675902981308411,2.675902981308411
2.883185191901924e-05,0.009889999999999999,2.682576056074766,2.682576056074766
3.003683452620158e-05,0.009933000000000001,2.689249130841121,2.689249130841121
3.014608789879686e-05,0.010075,2.695922205607477,2.695922205607477
3.054368530141694e-05,0.010112,2.702595280373832,2.702595280373832
3.075648282067863e-05,0.010193,2.709268355140187,2.709268355140187
3.078409863760818e-05,0.010452,2.715941429906542,2.715941429906542
3.11119538760635e-05,0.010514,2.722614504672897,2.722614504672897
3.204654638553045e-05,0.010561,2.729287579439252,2.729287579439252
3.412219373742935e-05,0.010574,2.735960654205607,2.735960654205607
3.442614839917292e-05,0.010588,2.742633728971962,2.742633728971962
3.468658193092254e-05,0.010634,2.749306803738318,2.749306803738318
3.497099057654307e-05,0.010736,2.755979878504673,2.755979878504673
3.598804905513865e-05,0.010806,2.762652953271028,2.762652953271028
3.628205932387168e-05,0.010828,2.769326028037383,2.769326028037383
3.665239615125651e-05,0.010926,2.775999102803739,2.775999102803739
3.709276382400978e-05,0.010958,2.782672177570094,2.782672177570094
3.742026332584156e-05,0.01097,2.789345252336449,2.789345252336449
3.823448691174919e-05,0.011067,2.796018327102804,2.796018327102804
4.025999374544348e-05,0.011094,2.802691401869159,2.802691401869159
4.069378319061064e-05,0.011095,2.809364476635514,2.809364476635514
4.197284908695399e-05,0.011124,2.816037551401869,2.816037551401869
4.340584391867439e-05,0.011211,2.822710626168224,2.822710626168224
4.397497780772626e-05,0.011338,2.829383700934579,2.829383700934579
4.510556335957147e-05,0.011414,2.836056775700935,2.836056775700935
4.558015880556013e-05,0.011425,2.84272985046729,2.84272985046729
4.619144860478686e-05,0.011509,2.849402925233645,2.849402925233645
4.642788167425151e-05,0.011539,2.856076,2.856076
4.726677182298725e-05,0.011566,2.862749074766355,2.862749074766355
4.763097491284639e-05,0.011582,2.86942214953271,2.86942214953271
5.197468543539457e-05,0.011614,2.876095224299065,2.876095224299065
5.211060431397014e-05,0.011801,2.88276829906542,2.88276829906542
5.363009477317279e-05,0.011998,2.889441373831775,2.889441373831775
5.393218765089193e-05,0.012004,2.896114448598131,2.896114448598131
5.39630259405573e-05,0.012032,2.902787523364486,2.902787523364486
5.44392092091744e-05,0.012073,2.909460598130841,2.909460598130841
5.704728092386856e-05,0.01221,2.916133672897196,2.916133672897196
5.778377809796887e-05,0.012229,2.922806747663552,2.922806747663552
5.784574893630369e-05,0.012332,2.929479822429907,2.929479822429907
5.984969777254527e-05,0.012543,2.936152897196262,2.936152897196262
5.991375718013926e-05,0.012698,2.942825971962617,2.942825971962617
6.105857931485173e-05,0.012792,2.949499046728972,2.949499046728972
6.120776036920798e-05,0.01331,2.956172121495327,2.956172121495327
6.358507076668339e-05,0.013454,2.962845196261682,2.962845196261682
6.390125480967619e-05,0.013498,2.969518271028037,2.969518271028037
6.467118268111605e-05,0.013544,2.976191345794393,2.976191345794393
6.548185405269848e-05,0.013626,2.982864420560748,2.982864420560748
6.63055428292986e-05,0.013655,2.989537495327103,2.989537495327103
6.691988224396052e-05,0.013702,2.996210570093458,2.996210570093458
6.808373984468852e-05,0.01395,3.002883644859813,3.002883644859813
6.818442810393191e-05,0.013964,3.009556719626168,3.009556719626168
6.907526575723059e-05,0.014038,3.016229794392523,3.016229794392523
7.064603860615418e-05,0.014038,3.022902869158878,3.022902869158878
7.342989640835417e-05,0.014104,3.029575943925233,3.029575943925233
7.366081061609695e-05,0.014112,3.036249018691589,3.036249018691589
7.556819720141517e-05,0.014188,3.042922093457944,3.042922093457944
7.753041773746674e-05,0.014423,3.049595168224299,3.049595168224299
7.86078032678534e-05,0.014526,3.056268242990654,3.056268242990654
8.313084094472102e-05,0.01478,3.06294131775701,3.06294131775701
8.679746913120214e-05,0.014798,3.069614392523365,3.069614392523365
8.825240147220388e-05,0.014985,3.07628746728972,3.07628746728972
8.945979586094187e-05,0.015045,3.082960542056075,3.082960542056075
8.95704773748591e-05,0.015257,3.08963361682243,3.08963361682243
9.032316946549351e-05,0.015474,3.096306691588785,3.096306691588785
9.161292599203381e-05,0.01548,3.10297976635514,3.10297976635514
9.353734237870237e-05,0.015489,3.109652841121495,3.109652841121495
9.859519626646214e-05,0.01552,3.11632591588785,3.11632591588785
0.0001015511036417494,0.015529,3.122998990654206,3.122998990654206
0.0001038775818749963,0.015548,3.129672065420561,3.129672065420561
0.0001070683894442499,0.015635,3.136345140186916,3.136345140186916
0.000108362598517329,0.015953,3.143018214953271,3.143018214953271
0.0001088201187938232,0.015994,3.149691289719626,3.149691289719626
0.0001096504846217367,0.016017,3.156364364485981,3.156364364485981
0.0001136991119688832,0.016033,3.163037439252336,3.163037439252336
0.0001167272283885187,0.016114,3.169710514018691,3.169710514018691
0.0001180061676684798,0.016393,3.176383588785047,3.176383588785047
0.0001203083128123,0.016548,3.183056663551402,3.183056663551402
0.0001223226828808369,0.016558,3.189729738317757,3.189729738317757
0.0001277435980732388,0.016581,3.196402813084112,3.196402813084112
0.0001315392212750436,0.016628,3.203075887850467,3.203075887850467
0.0001331883909345853,0.017006,3.209748962616823,3.209748962616823
0.0001390895765315703,0.01706,3.216422037383178,3.216422037383178
0.0001579898367855249,0.017087,3.223095112149533,3.223095112149533
0.0001593793689145806,0.017222,3.229768186915888,3.229768186915888
0.0001595417506243273,0.017331,3.236441261682243,3.236441261682243
0.0001652429056688198,0.01754,3.243114336448598,3.243114336448598
0.0001688113686201775,0.017593,3.249787411214953,3.249787411214953
0.000169678240620088,0.017946,3.256460485981308,3.256460485981308
0.0001700103144291031,0.018275,3.263133560747664,3.263133560747664
0.0001768685113767289,0.019088,3.269806635514019,3.269806635514019
0.0001813190015173462,0.019364,3.276479710280374,3.276479710280374
0.0001867692486702234,0.019814,3.283152785046729,3.283152785046729
0.0001891605646635938,0.019857,3.289825859813084,3.289825859813084
0.0001892608989246848,0.019955,3.296498934579439,3.296498934579439
0.0001906533854332853,0.019956,3.303172009345794,3.303172009345794
0.0001922542166434699,0.020059,3.309845084112149,3.309845084112149
0.0001944644027685831,0.020081,3.316518158878504,3.316518158878504
0.0001973751395597529,0.020504,3.32319123364486,3.32319123364486
0.0002072059568299013,0.020839,3.329864308411215,3.329864308411215
0.0002324854487974317,0.020968,3.33653738317757,3.33653738317757
0.0002450988175772209,0.021453,3.343210457943925,3.343210457943925
0.0002505610981539798,0.021662,3.34988353271028,3.34988353271028
0.0002548862801506944,0.021674,3.356556607476636,3.356556607476636
0.0002570599112115238,0.021855,3.363229682242991,3.363229682242991
0.0002591018707639611,0.021929,3.369902757009346,3.369902757009346
0.00026279357507801,0.021937,3.376575831775701,3.376575831775701
0.0002682641987816235,0.021951,3.383248906542056,3.383248906542056
0.0002716497228179325,0.021961,3.389921981308411,3.389921981308411
0.0002728063002048237,0.022203,3.396595056074766,3.396595056074766
0.0002924378477108798,0.022436,3.403268130841122,3.403268130841122
0.0003084223996956603,0.02244,3.409941205607477,3.409941205607477
0.0003269041008801161,0.022551,3.416614280373832,3.416614280373832
0.0003392259386126152,0.022758,3.423287355140187,3.423287355140187
0.0003610053049473813,0.022788,3.429960429906542,3.429960429906542
0.000365143661739873,0.022882,3.436633504672897,3.436633504672897
0.0003667532336008379,0.023217,3.443306579439252,3.443306579439252
0.0003703646937082525,0.023388,3.449979654205607,3.449979654205607
0.0003795927707392076,0.023403,3.456652728971962,3.456652728971962
0.0003825507254247115,0.023851,3.463325803738318,3.463325803738318
0.0003863952508353548,0.023853,3.469998878504673,3.469998878504673
0.0003964121190370738,0.023862,3.476671953271028,3.476671953271028
0.0004006660072839819,0.024249,3.483345028037383,3.483345028037383
0.0004023878044697055,0.024404,3.490018102803738,3.490018102803738
0.0004180763671406879,0.02457,3.496691177570094,3.496691177570094
0.0004307717661973041,0.024645,3.503364252336449,3.503364252336449
0.0004340306649410719,0.02477,3.510037327102804,3.510037327102804
0.0004425385367771246,0.024874,3.516710401869159,3.516710401869159
0.000443011322843077,0.024907,3.523383476635514,3.523383476635514
0.0004493628323001771,0.024997,3.530056551401869,3.530056551401869
0.0005021497484081176,0.02543,3.536729626168224,3.536729626168224
0.0005027055317019767,0.025571,3.543402700934579,3.543402700934579
0.0005211774427139895,0.02585,3.550075775700935,3.550075775700935
0.0005275833210424089,0.025854,3.55674885046729,3.55674885046729
0.0005289298227733335,0.02611,3.563421925233645,3.563421925233645
0.0005367343216258043,0.026157,3.570095,3.570095
0.0005440811165545727,0.026599,3.576768074766355,3.576768074766355
0.0005720156955132678,0.02664,3.58344114953271,3.58344114953271
0.000579821392478958,0.026675,3.590114224299065,3.590114224299065
0.0006210639900705727,0.02688,3.59678729906542,3.59678729906542
0.0006267241460265246,0.026937,3.603460373831776,3.603460373831776
0.0006527916793150183,0.027009,3.610133448598131,3.610133448598131
0.0006571032878613083,0.02701,3.616806523364486,3.616806523364486
0.0006626292852339137,0.027042,3.623479598130841,3.623479598130841
0.0006989358594333716,0.027183,3.630152672897196,3.630152672897196
0.0007281838249076684,0.027362,3.636825747663551,3.636825747663551
0.0007323654263347359,0.027483,3.643498822429907,3.643498822429907
0.0007400301182079565,0.027773,3.650171897196262,3.650171897196262
0.000750421695062532,0.028081,3.656844971962617,3.656844971962617
0.0007944974808520696,0.028101,3.663518046728972,3.663518046728972
0.0008065974143250186,0.028144,3.670191121495327,3.670191121495327
0.0008261986008529977,0.028518,3.676864196261682,3.676864196261682
0.0008478377549871242,0.028859,3.683537271028037,3.683537271028037
0.0008877686483269364,0.028946,3.690210345794393,3.690210345794393
0.0009012877661403396,0.029521,3.696883420560748,3.696883420560748
0.0009572834702925553,0.029645,3.703556495327103,3.703556495327103
0.0009660562289982168,0.029789,3.710229570093458,3.710229570093458
0.0009798334782997896,0.03047,3.716902644859813,3.716902644859813
0.0009987370768056718,0.030473,3.723575719626168,3.723575719626168
0.001041970166312375,0.030599,3.730248794392523,3.730248794392523
0.001045156773620792,0.030954,3.736921869158878,3.736921869158878
0.001115212465942834,0.030958,3.743594943925233,3.743594943925233
0.001151774978570389,0.031317,3.750268018691589,3.750268018691589
0.001206971413297935,0.03143,3.756941093457944,3.756941093457944
0.001277423261572897,0.031947,3.763614168224299,3.763614168224299
0.001359382317769034,0.031987,3.770287242990654,3.770287242990654
0.001388647575203265,0.032017,3.776960317757009,3.776960317757009
0.001396218559154034,0.032095,3.783633392523365,3.783633392523365
0.001451639520228841,0.032567,3.79030646728972,3.79030646728972
0.001452244326852823,0.032813,3.796979542056075,3.796979542056075
0.001480911615284938,0.032942,3.80365261682243,3.80365261682243
0.00148106968744119,0.033019,3.810325691588785,3.810325691588785
0.001488192399985172,0.033044,3.81699876635514,3.81699876635514
0.00152186147749485,0.033552,3.823671841121495,3.823671841121495
0.001650403662958499,0.033655,3.830344915887851,3.830344915887851
0.001653559304613691,0.033805,3.837017990654206,3.837017990654206
0.001655950472308183,0.034006,3.843691065420561,3.843691065420561
0.001755758660581526,0.034144,3.850364140186916,3.850364140186916
0.001775658430884061,0.034896,3.857037214953271,3.857037214953271
0.001869710331933846,0.034914,3.863710289719626,3.863710289719626
0.001890891612954049,0.035005,3.870383364485981,3.870383364485981
0.001896097589400207,0.035564,3.877056439252336,3.877056439252336
0.001910583116618549,0.035883,3.883729514018691,3.883729514018691
0.001952813157369346,0.035889,3.890402588785047,3.890402588785047
0.002023903124894603,0.035973,3.897075663551402,3.897075663551402
0.002122949551733183,0.036377,3.903748738317757,3.903748738317757
0.002189022518576211,0.036397,3.910421813084112,3.910421813084112
0.002203449318907198,0.036481,3.917094887850467,3.917094887850467
0.002240176782894285,0.036558,3.923767962616822,3.923767962616822
0.002263314980838047,0.036863,3.930441037383178,3.930441037383178
0.002381793503942099,0.036912,3.937114112149533,3.937114112149533
0.00250264997640717,0.036926,3.943787186915888,3.943787186915888
0.002722724291620209,0.03698,3.950460261682243,3.950460261682243
0.002728991988353109,0.037301,3.957133336448598,3.957133336448598
0.002818818494177619,0.037915,3.963806411214953,3.963806411214953
0.002884194670508111,0.038376,3.970479485981308,3.970479485981308
0.002910743723155638,0.038505,3.977152560747664,3.977152560747664
0.003031916185613321,0.038547,3.983825635514019,3.983825635514019
0.003063907809061377,0.038707,3.990498710280374,3.990498710280374
0.003174895555759514,0.039552,3.997171785046729,3.997171785046729
0.00325437625250783,0.039589,4.003844859813084,4.003844859813084
0.00327582493489031,0.039728,4.010517934579439,4.010517934579439
0.003350722054675449,0.039995,4.017191009345795,4.017191009345795
0.003357519908617615,0.040853,4.02386408411215,4.02386408411215
0.003499812204111256,0.041286,4.030537158878505,4.030537158878505
0.003596178583372054,0.042009,4.03721023364486,4.03721023364486
0.003656670785629887,0.042558,4.043883308411215,4.043883308411215
0.00373386572979617,0.042885,4.05055638317757,4.05055638317757
0.003879364362432181,0.043513,4.057229457943925,4.057229457943925
0.003930248900694314,0.043579,4.06390253271028,4.06390253271028
0.004003403347816665,0.043838,4.070575607476635,4.070575607476635
0.0040234788088726,0.044118,4.077248682242991,4.077248682242991
0.004157428830477494,0.044237,4.083921757009346,4.083921757009346
0.004329939361819497,0.044845,4.090594831775701,4.090594831775701
0.004615909951945281,0.045371,4.097267906542056,4.097267906542056
0.004933767479470219,0.045426,4.103940981308411,4.103940981308411
0.005253098817153898,0.045532,4.110614056074766,4.110614056074766
0.005405410836159042,0.046036,4.117287130841121,4.117287130841121
0.005528520327427904,0.046347,4.123960205607476,4.123960205607476
0.0057078475352984,0.046486,4.130633280373832,4.130633280373832
0.006132753208563211,0.046682,4.137306355140187,4.137306355140187
0.006239751476887431,0.047304,4.143979429906542,4.143979429906542
0.006391320635103849,0.047777,4.150652504672897,4.150652504672897
0.006676762419142951,0.048029,4.157325579439252,4.157325579439252
0.006761847771943346,0.048074,4.163998654205607,4.163998654205607
0.006824472295037315,0.0484,4.170671728971962,4.170671728971962
0.006971934909056425,0.048733,4.177344803738317,4.177344803738317
0.007137262100973567,0.049333,4.184017878504672,4.184017878504672
0.007488572125917123,0.050179,4.190690953271028,4.190690953271028
0.007649950571637395,0.050414,4.197364028037383,4.197364028037383
0.007662993046019165,0.050447,4.204037102803738,4.204037102803738
0.007725021847051893,0.050455,4.210710177570093,4.210710177570093
0.007810206179611107,0.051643,4.217383252336449,4.217383252336449
0.007826845255780028,0.052078,4.224056327102804,4.224056327102804
0.007845586712464533,0.052206,4.230729401869159,4.230729401869159
0.008273635919699309,0.052381,4.237402476635514,4.237402476635514
0.008589999658169086,0.052472,4.24407555140187,4.24407555140187
0.008854571272897202,0.052909,4.250748626168225,4.250748626168225
0.00904221708947188,0.053049,4.25742170093458,4.25742170093458
0.009735407650093951,0.053112,4.264094775700935,4.264094775700935
0.009794682783082933,0.053283,4.27076785046729,4.27076785046729
0.01003531563783027,0.053422,4.277440925233645,4.277440925233645
0.0100600492724796,0.053566,4.284114,4.284114
0.01016502248214744,0.053705,4.290787074766355,4.290787074766355
0.01073477875448018,0.054743,4.29746014953271,4.29746014953271
0.0108562441402134,0.055669,4.304133224299066,4.304133224299066
0.01112976227773705,0.055934,4.310806299065421,4.310806299065421
0.01130932639082654,0.056289,4.317479373831776,4.317479373831776
0.01148172295054574,0.056442,4.324152448598131,4.324152448598131
0.01161046362589182,0.056545,4.330825523364486,4.330825523364486
0.01173162650781307,0.056691,4.337498598130841,4.337498598130841
0.01217705355465911,0.058049,4.344171672897196,4.344171672897196
0.01269093894204335,0.059361,4.350844747663551,4.350844747663551
0.01337693054133056,0.059607,4.357517822429907,4.357517822429907
0.01388157900324436,0.059651,4.364190897196262,4.364190897196262
0.01454740492042879,0.059757,4.370863971962617,4.370863971962617
0.01494035655938359,0.060431,4.377537046728972,4.377537046728972
0.01582733571577599,0.060439,4.384210121495327,4.384210121495327
0.01602708437699431,0.060666,4.390883196261682,4.390883196261682
0.01627310181358597,0.061083,4.397556271028037,4.397556271028037
0.01661178596955047,0.061351,4.404229345794392,4.404229345794392
0.01694198705229745,0.062469,4.410902420560747,4.410902420560747
0.01696454098478509,0.063247,4.417575495327103,4.417575495327103
0.01719481922227018,0.063711,4.424248570093458,4.424248570093458
0.01783211813648538,0.064164,4.430921644859813,4.430921644859813
0.0183619512212814,0.064347,4.437594719626168,4.437594719626168
0.01965443377905446,0.064362,4.444267794392523,4.444267794392523
0.02088167338160043,0.065056,4.450940869158878,4.450940869158878
0.02103935134451939,0.065412,4.457613943925233,4.457613943925233
0.02205766114295505,0.065609,4.464287018691588,4.464287018691588
0.02390525408723164,0.06625300000000001,4.470960093457944,4.470960093457944
0.02520392979160846,0.067417,4.477633168224299,4.477633168224299
0.02561014604070844,0.06762700000000001,4.484306242990654,4.484306242990654
0.02655582257570254,0.06789000000000001,4.490979317757009,4.490979317757009
0.0267218198370969,0.068929,4.497652392523364,4.497652392523364
0.02772159655915174,0.068955,4.504325467289719,4.504325467289719
0.02809595865793822,0.069096,4.510998542056075,4.510998542056075
0.02882854371591718,0.06927700000000001,4.51767161682243,4.51767161682243
0.02912931201762269,0.069953,4.524344691588785,4.524344691588785
0.02959022382436023,0.07047399999999999,4.531017766355141,4.531017766355141
0.03612471211145512,0.071571,4.537690841121496,4.537690841121496
0.03946955023901027,0.071918,4.544363915887851,4.544363915887851
0.04064446996753374,0.072841,4.551036990654206,4.551036990654206
0.04347551440538169,0.07299,4.557710065420561,4.557710065420561
0.044874682832313,0.07317,4.564383140186916,4.564383140186916
0.04853636206940272,0.073825,4.571056214953271,4.571056214953271
0.05268228491847338,0.073834,4.577729289719626,4.577729289719626
0.05537135705745876,0.07546799999999999,4.584402364485982,4.584402364485982
0.05883486384030938,0.076223,4.591075439252337,4.591075439252337
0.06099407900255134,0.077139,4.597748514018692,4.597748514018692
0.0617344378181089,0.07774200000000001,4.604421588785047,4.604421588785047
0.06511915473788836,0.078296,4.611094663551402,4.611094663551402
0.06531339985866277,0.07860399999999999,4.617767738317757,4.617767738317757
0.06757347600088572,0.079064,4.624440813084112,4.624440813084112
0.07385098548517892,0.080056,4.631113887850467,4.631113887850467
0.07525668923994863,0.080429,4.637786962616822,4.637786962616822
0.07538410237855715,0.080606,4.644460037383178,4.644460037383178
0.07900057756142397,0.08067000000000001,4.651133112149533,4.651133112149533
0.08734744757157462,0.081333,4.657806186915888,4.657806186915888
0.0908193007035468,0.082153,4.664479261682243,4.664479261682243
0.0931970647666312,0.08347400000000001,4.671152336448598,4.671152336448598
0.1061224744868003,0.08348,4.677825411214953,4.677825411214953
0.1078497677166185,0.083555,4.684498485981308,4.684498485981308
0.1160284503756966,0.08451699999999999,4.691171560747663,4.691171560747663
0.1164194043416089,0.084775,4.697844635514018,4.697844635514018
0.1228685021657004,0.085812,4.704517710280374,4.704517710280374
0.1356407120958,0.087007,4.711190785046729,4.711190785046729
0.149562044481739,0.087362,4.717863859813084,4.717863859813084
0.1563945774546139,0.087468,4.724536934579439,4.724536934579439
0.1582893196241396,0.087871,4.731210009345794,4.731210009345794
0.1627721543083642,0.087965,4.737883084112149,4.737883084112149
0.1636012427051831,0.08860999999999999,4.744556158878504,4.744556158878504
0.1803753485486128,0.08969199999999999,4.751229233644859,4.751229233644859
0.1902023121541522,0.09086900000000001,4.757902308411215,4.757902308411215
0.2037623979843504,0.091936,4.76457538317757,4.76457538317757
0.2085097151480886,0.092249,4.771248457943925,4.771248457943925
0.21156397007861,0.093336,4.77792153271028,4.77792153271028
0.2173555837267373,0.09334000000000001,4.784594607476635,4.784594607476635
0.2218406013433305,0.094289,4.79126768224299,4.79126768224299
0.2300569448974938,0.094848,4.797940757009346,4.797940757009346
0.2602167825984757,0.096217,4.804613831775701,4.804613831775701
0.264928861993482,0.097119,4.811286906542056,4.811286906542056
0.2819671382418452,0.097371,4.817959981308412,4.817959981308412
0.282529603890494,0.098096,4.824633056074767,4.824633056074767
0.2870229573547459,0.098194,4.831306130841122,4.831306130841122
0.289706565528506,0.099521,4.837979205607477,4.837979205607477
0.2987195630016737,0.099579,4.844652280373832,4.844652280373832
0.3012618398034045,0.100528,4.851325355140187,4.851325355140187
0.3572482785512262,0.100562,4.857998429906542,4.857998429906542
0.3669515481845589,0.101653,4.864671504672897,4.864671504672897
0.3885029928075584,0.102317,4.871344579439253,4.871344579439253
0.4031788685939698,0.102497,4.878017654205608,4.878017654205608
0.4079184891096077,0.104926,4.884690728971963,4.884690728971963
0.424420542874575,0.105548,4.891363803738318,4.891363803738318
0.4310389828446309,0.105589,4.898036878504673,4.898036878504673
0.452084403778048,0.106932,4.904709953271028,4.904709953271028
0.4651131643144567,0.107374,4.911383028037383,4.911383028037383
0.4992268371490433,0.10851,4.918056102803738,4.918056102803738
0.5034668152323549,0.108935,4.924729177570093,4.924729177570093
0.5142173471231712,0.108955,4.931402252336449,4.931402252336449
0.5244233008160661,0.110085,4.938075327102804,4.938075327102804
0.5542957284369889,0.111157,4.944748401869159,4.944748401869159
0.5558918304655358,0.111446,4.951421476635514,4.951421476635514
0.5815386467529723,0.112327,4.958094551401869,4.958094551401869
0.5859569172197836,0.112587,4.964767626168224,4.964767626168224
0.62786897052886,0.113134,4.971440700934579,4.971440700934579
0.6390701135903921,0.113445,4.978113775700934,4.978113775700934
0.6424490547903391,0.113628,4.98478685046729,4.98478685046729
0.6767367714895743,0.113827,4.991459925233645,4.991459925233645
0.6885029935939295,0.114893,4.998133,4.998133
0.7364024530786095,0.115186,5.004806074766355,5.004806074766355
0.7525677617172239,0.116652,5.01147914953271,5.01147914953271
0.7650740156199507,0.116992,5.018152224299065,5.018152224299065
0.8322180989091622,0.11701,5.02482529906542,5.02482529906542
0.8393754126393327,0.117737,5.031498373831775,5.031498373831775
0.8499127115963996,0.118412,5.03817144859813,5.03817144859813
0.8655830873266341,0.11899,5.044844523364486,5.044844523364486
0.9954073638108472,0.119441,5.051517598130841,5.051517598130841
1.027726190179249,0.121092,5.058190672897196,5.058190672897196
1.088000871676882,0.121511,5.064863747663551,5.064863747663551
1.115538752363349,0.121993,5.071536822429906,5.071536822429906
1.131197138708046,0.122373,5.078209897196261,5.078209897196261
1.135632256945757,0.122404,5.084882971962617,5.084882971962617
1.1695040502111,0.122795,5.091556046728972,5.091556046728972
1.204067798348739,0.122939,5.098229121495327,5.098229121495327
1.300013848080167,0.123468,5.104902196261683,5.104902196261683
1.315293130972021,0.123667,5.111575271028038,5.111575271028038
1.425979558053797,0.125154,5.118248345794393,5.118248345794393
1.438611776121015,0.12589,5.124921420560748,5.124921420560748
1.536872484867313,0.127612,5.131594495327103,5.131594495327103
1.661251831801552,0.12848,5.138267570093458,5.138267570093458
1.688160079127676,0.129016,5.144940644859813,5.144940644859813
1.752033675896334,0.129753,5.151613719626168,5.151613719626168
1.770606807027266,0.132337,5.158286794392524,5.158286794392524
1.847716233254145,0.132366,5.164959869158879,5.164959869158879
1.880122717004646,0.132891,5.171632943925234,5.171632943925234
1.89151862272169,0.13317,5.178306018691589,5.178306018691589
2.00198498662895,0.133271,5.184979093457944,5.184979093457944
2.100700674555918,0.133903,5.191652168224299,5.191652168224299
2.177810903125066,0.135541,5.198325242990654,5.198325242990654
2.255597066383443,0.135918,5.204998317757009,5.204998317757009
2.404417533400044,0.136972,5.211671392523365,5.211671392523365
2.438288889373887,0.139891,5.21834446728972,5.21834446728972
2.50960532800804,0.140126,5.225017542056075,5.225017542056075
2.54964937716059,0.140452,5.23169061682243,5.23169061682243
2.712555918029488,0.140894,5.238363691588785,5.238363691588785
2.997696988816357,0.141749,5.24503676635514,5.24503676635514
3.069750712461708,0.141891,5.251709841121495,5.251709841121495
3.085475111647234,0.141907,5.25838291588785,5.25838291588785
3.178339764529754,0.143052,5.265055990654205,5.265055990654205
3.481294592850207,0.14564,5.271729065420561,5.271729065420561
3.629883688254898,0.147593,5.278402140186916,5.278402140186916
3.938971228065638,0.14837,5.285075214953271,5.285075214953271
4.063509598464323,0.148656,5.291748289719626,5.291748289719626
4.162283927996866,0.148747,5.298421364485981,5.298421364485981
4.170878313066832,0.150035,5.305094439252336,5.305094439252336
4.306860901987025,0.150337,5.311767514018691,5.311767514018691
4.662893895781409,0.150401,5.318440588785046,5.318440588785046
4.802543339532632,0.150563,5.325113663551402,5.325113663551402
5.418207973525412,0.150995,5.331786738317757,5.331786738317757
5.636632814498688,0.151431,5.338459813084112,5.338459813084112
6.050961571621409,0.152564,5.345132887850467,5.345132887850467
6.160101553188909,0.15445,5.351805962616822,5.351805962616822
6.622212783254819,0.154687,5.358479037383177,5.358479037383177
7.14019,0.155098,5.365152112149532,5.365152112149532
7.14019,0.160482,5.371825186915888,5.371825186915888
7.14019,0.161047,5.378498261682243,5.378498261682243
7.14019,0.161611,5.385171336448598,5.385171336448598
7.14019,0.161829,5.391844411214954,5.391844411214954
7.14019,0.168149,5.398517485981309,5.398517485981309
7.14019,0.169785,5.405190560747664,5.405190560747664
7.14019,0.173648,5.411863635514019,5.411863635514019
7.14019,0.178968,5.418536710280374,5.418536710280374
7.14019,0.179261,5.425209785046729,5.425209785046729
7.14019,0.17934,5.431882859813084,5.431882859813084
7.14019,0.181888,5.43855593457944,5.43855593457944
7.14019,0.182391,5.445229009345795,5.445229009345795
7.14019,0.184339,5.45190208411215,5.45190208411215
7.14019,0.187405,5.458575158878505,5.458575158878505
7.14019,0.18872,5.46524823364486,5.46524823364486
7.14019,0.189832,5.471921308411215,5.471921308411215
7.14019,0.192857,5.47859438317757,5.47859438317757
7.14019,0.193455,5.485267457943925,5.485267457943925
7.14019,0.19512,5.49194053271028,5.49194053271028
7.14019,0.195522,5.498613607476636,5.498613607476636
7.14019,0.196372,5.505286682242991,5.505286682242991
7.14019,0.19839,5.511959757009346,5.511959757009346
7.14019,0.199061,5.518632831775701,5.518632831775701
7.14019,0.20523,5.525305906542056,5.525305906542056
7.14019,0.205914,5.531978981308411,5.531978981308411
7.14019,0.206933,5.538652056074766,5.538652056074766
7.14019,0.207804,5.545325130841121,5.545325130841121
7.14019,0.215791,5.551998205607477,5.551998205607477
7.14019,0.216077,5.558671280373832,5.558671280373832
7.14019,0.220019,5.565344355140187,5.565344355140187
7.14019,0.223613,5.572017429906542,5.572017429906542
7.14019,0.224143,5.578690504672897,5.578690504672897
7.14019,0.23108,5.585363579439252,5.585363579439252
7.14019,0.231087,5.592036654205607,5.592036654205607
7.14019,0.238922,5.598709728971962,5.598709728971962
7.14019,0.243754,5.605382803738317,5.605382803738317
7.14019,0.247596,5.612055878504673,5.612055878504673
7.14019,0.248603,5.618728953271028,5.618728953271028
7.14019,0.251173,5.625402028037383,5.625402028037383
7.14019,0.258895,5.632075102803738,5.632075102803738
7.14019,0.264807,5.638748177570093,5.638748177570093
7.14019,0.265025,5.645421252336448,5.645421252336448
7.14019,0.268041,5.652094327102803,5.652094327102803
7.14019,0.27196,5.658767401869158,5.658767401869158
7.14019,0.274097,5.665440476635514,5.665440476635514
7.14019,0.277131,5.672113551401869,5.672113551401869
7.14019,0.277799,5.678786626168224,5.678786626168224
7.14019,0.297628,5.68545970093458,5.68545970093458
7.14019,0.298414,5.692132775700935,5.692132775700935
7.14019,0.298541,5.69880585046729,5.69880585046729
7.14019,0.29887,5.705478925233645,5.705478925233645
7.14019,0.300338,5.712152,5.712152
7.14019,0.302127,5.718825074766355,5.718825074766355
7.14019,0.302636,5.725498149532711,5.725498149532711
7.14019,0.3056,5.732171224299066,5.732171224299066
7.14019,0.308451,5.738844299065421,5.738844299065421
7.14019,0.310829,5.745517373831776,5.745517373831776
7.14019,0.323059,5.752190448598131,5.752190448598131
7.14019,0.325674,5.758863523364486,5.758863523364486
7.14019,0.325843,5.765536598130841,5.765536598130841
7.14019,0.325935,5.772209672897196,5.772209672897196
7.14019,0.332378,5.778882747663551,5.778882747663551
7.14019,0.348712,5.785555822429907,5.785555822429907
7.14019,0.352546,5.792228897196262,5.792228897196262
7.14019,0.353582,5.798901971962617,5.798901971962617
7.14019,0.356982,5.805575046728972,5.805575046728972
7.14019,0.373649,5.812248121495327,5.812248121495327
7.14019,0.378127,5.818921196261682,5.818921196261682
7.14019,0.380862,5.825594271028037,5.825594271028037
7.14019,0.383681,5.832267345794392,5.832267345794392
7.14019,0.3861,5.838940420560748,5.838940420560748
7.14019,0.391403,5.845613495327103,5.845613495327103
7.14019,0.392207,5.852286570093458,5.852286570093458
7.14019,0.394328,5.858959644859813,5.858959644859813
7.14019,0.401646,5.865632719626168,5.865632719626168
7.14019,0.402097,5.872305794392523,5.872305794392523
7.14019,0.403569,5.878978869158878,5.878978869158878
7.14019,0.41104,5.885651943925233,5.885651943925233
7.14019,0.413005,5.892325018691588,5.892325018691588
7.14019,0.432612,5.898998093457944,5.898998093457944
7.14019,0.434191,5.905671168224299,5.905671168224299
7.14019,0.435538,5.912344242990654,5.912344242990654
7.14019,0.441992,5.919017317757009,5.919017317757009
7.14019,0.442595,5.925690392523364,5.925690392523364
7.14019,0.444918,5.932363467289719,5.932363467289719
7.14019,0.446453,5.939036542056074,5.939036542056074
7.14019,0.447933,5.945709616822429,5.945709616822429
7.14019,0.448193,5.952382691588785,5.952382691588785
7.14019,0.448885,5.95905576635514,5.95905576635514
7.14019,0.450338,5.965728841121495,5.965728841121495
7.14019,0.454107,5.972401915887851,5.972401915887851
7.14019,0.459078,5.979074990654206,5.979074990654206
7.14019,0.463266,5.985748065420561,5.985748065420561
7.14019,0.468039,5.992421140186916,5.992421140186916
7.14019,0.468136,5.999094214953271,5.999094214953271
7.14019,0.47005,6.005767289719626,6.005767289719626
7.14019,0.476503,6.012440364485982,6.012440364485982
7.14019,0.47689,6.019113439252337,6.019113439252337
7.14019,0.479527,6.025786514018692,6.025786514018692
7.14019,0.488735,6.032459588785047,6.032459588785047
7.14019,0.490221,6.039132663551402,6.039132663551402
7.14019,0.492518,6.045805738317757,6.045805738317757
7.14019,0.49896,6.052478813084112,6.052478813084112
7.14019,0.499671,6.059151887850467,6.059151887850467
7.14019,0.500074,6.065824962616823,6.065824962616823
7.14019,0.50062,6.072498037383178,6.072498037383178
7.14019,0.504018,6.079171112149533,6.079171112149533
7.14019,0.510977,6.085844186915888,6.085844186915888
7.14019,0.513682,6.092517261682243,6.092517261682243
7.14019,0.519974,6.099190336448598,6.099190336448598
7.14019,0.523074,6.105863411214953,6.105863411214953
7.14019,0.5418269999999999,6.112536485981308,6.112536485981308
7.14019,0.542365,6.119209560747663,6.119209560747663
7.14019,0.554009,6.125882635514019,6.125882635514019
7.14019,0.554635,6.132555710280374,6.132555710280374
7.14019,0.564449,6.139228785046729,6.139228785046729
7.14019,0.570844,6.145901859813084,6.145901859813084
7.14019,0.5742159999999999,6.152574934579439,6.152574934579439
7.14019,0.583105,6.159248009345794,6.159248009345794
7.14019,0.586897,6.165921084112149,6.165921084112149
7.14019,0.591318,6.172594158878504,6.172594158878504
7.14019,0.601423,6.17926723364486,6.17926723364486
7.14019,0.606869,6.185940308411215,6.185940308411215
7.14019,0.607281,6.19261338317757,6.19261338317757
7.14019,0.616325,6.199286457943925,6.199286457943925
7.14019,0.620041,6.20595953271028,6.20595953271028
7.14019,0.623468,6.212632607476635,6.212632607476635
7.14019,0.628444,6.21930568224299,6.21930568224299
7.14019,0.630883,6.225978757009345,6.225978757009345
7.14019,0.638705,6.2326518317757,6.2326518317757
7.14019,0.643107,6.239324906542056,6.239324906542056
7.14019,0.648019,6.245997981308411,6.245997981308411
7.14019,0.649239,6.252671056074766,6.252671056074766
7.14019,0.655134,6.259344130841122,6.259344130841122
7.14019,0.662364,6.266017205607477,6.266017205607477
7.14019,0.666862,6.272690280373832,6.272690280373832
7.14019,0.678567,6.279363355140187,6.279363355140187
7.14019,0.680895,6.286036429906542,6.286036429906542
7.14019,0.683902,6.292709504672898,6.292709504672898
7.14019,0.694223,6.299382579439253,6.299382579439253
7.14019,0.698807,6.306055654205608,6.306055654205608
7.14019,0.699421,6.312728728971963,6.312728728971963
7.14019,0.705389,6.319401803738318,6.319401803738318
7.14019,0.711175,6.326074878504673,6.326074878504673
7.14019,0.719004,6.332747953271028,6.332747953271028
7.14019,0.719732,6.339421028037383,6.339421028037383
7.14019,0.727047,6.346094102803738,6.346094102803738
7.14019,0.739326,6.352767177570094,6.352767177570094
7.14019,0.749654,6.359440252336449,6.359440252336449
7.14019,0.7497200000000001,6.366113327102804,6.366113327102804
7.14019,0.754948,6.372786401869159,6.372786401869159
7.14019,0.759582,6.379459476635514,6.379459476635514
7.14019,0.761324,6.386132551401869,6.386132551401869
7.14019,0.763539,6.392805626168224,6.392805626168224
7.14019,0.764803,6.399478700934579,6.399478700934579
7.14019,0.765236,6.406151775700934,6.406151775700934
7.14019,0.765907,6.41282485046729,6.41282485046729
7.14019,0.7739279999999999,6.419497925233645,6.419497925233645
7.14019,0.803984,6.426171,6.426171
7.14019,0.808629,6.432844074766355,6.432844074766355
7.14019,0.8135790000000001,6.43951714953271,6.43951714953271
7.14019,0.836557,6.446190224299065,6.446190224299065
7.14019,0.855901,6.45286329906542,6.45286329906542
7.14019,0.859337,6.459536373831775,6.459536373831775
7.14019,0.861151,6.466209448598131,6.466209448598131
7.14019,0.895555,6.472882523364486,6.472882523364486
7.14019,0.957974,6.479555598130841,6.479555598130841
7.14019,0.966574,6.486228672897196,6.486228672897196
7.14019,0.973505,6.492901747663551,6.492901747663551
7.14019,0.9991,6.499574822429906,6.499574822429906
7.14019,1.002586,6.506247897196261,6.506247897196261
7.14019,1.010175,6.512920971962616,6.512920971962616
7.14019,1.013637,6.519594046728971,6.519594046728971
7.14019,1.014622,6.526267121495327,6.526267121495327
7.14019,1.018455,6.532940196261682,6.532940196261682
7.14019,1.022061,6.539613271028037,6.539613271028037
7.14019,1.024322,6.546286345794393,6.546286345794393
7.14019,1.081143,6.552959420560748,6.552959420560748
7.14019,1.088452,6.559632495327103,6.559632495327103
7.14019,1.113484,6.566305570093458,6.566305570093458
7.14019,1.138009,6.572978644859813,6.572978644859813
7.14019,1.139538,6.579651719626169,6.579651719626169
7.14019,1.154042,6.586324794392524,6.586324794392524
7.14019,1.208995,6.592997869158879,6.592997869158879
7.14019,1.220596,6.599670943925234,6.599670943925234
7.14019,1.292992,6.606344018691589,6.606344018691589
7.14019,1.300822,6.613017093457944,6.613017093457944
7.14019,1.310248,6.619690168224299,6.619690168224299
7.14019,1.311466,6.626363242990654,6.626363242990654
7.14019,1.315757,6.633036317757009,6.633036317757009
7.14019,1.344967,6.639709392523365,6.639709392523365
7.14019,1.345621,6.64638246728972,6.64638246728972
7.14019,1.368339,6.653055542056075,6.653055542056075
7.14019,1.376714,6.65972861682243,6.65972861682243
7.14019,1.384948,6.666401691588785,6.666401691588785
7.14019,1.429005,6.67307476635514,6.67307476635514
7.14019,1.46105,6.679747841121495,6.679747841121495
7.14019,1.478633,6.68642091588785,6.68642091588785
7.14019,1.480017,6.693093990654206,6.693093990654206
7.14019,1.511574,6.699767065420561,6.699767065420561
7.14019,1.522315,6.706440140186916,6.706440140186916
7.14019,1.554307,6.713113214953271,6.713113214953271
7.14019,1.570228,6.719786289719626,6.719786289719626
7.14019,1.574791,6.726459364485981,6.726459364485981
7.14019,1.577996,6.733132439252336,6.733132439252336
7.14019,1.6233,6.739805514018691,6.739805514018691
7.14019,1.645831,6.746478588785046,6.746478588785046
7.14019,1.670279,6.753151663551402,6.753151663551402
7.14019,1.675078,6.759824738317757,6.759824738317757
7.14019,1.719515,6.766497813084112,6.766497813084112
7.14019,1.741257,6.773170887850467,6.773170887850467
7.14019,1.78233,6.779843962616822,6.779843962616822
7.14019,1.800132,6.786517037383177,6.786517037383177
7.14019,1.845423,6.793190112149532,6.793190112149532
7.14019,1.870179,6.799863186915887,6.799863186915887
7.14019,1.886535,6.806536261682243,6.806536261682243
7.14019,1.910275,6.813209336448598,6.813209336448598
7.14019,1.91416,6.819882411214953,6.819882411214953
7.14019,1.940621,6.826555485981308,6.826555485981308
7.14019,1.950403,6.833228560747663,6.833228560747663
7.14019,2.006969,6.839901635514019,6.839901635514019
7.14019,2.007037,6.846574710280374,6.846574710280374
7.14019,2.054133,6.853247785046729,6.853247785046729
7.14019,2.077491,6.859920859813084,6.859920859813084
7.14019,2.13247,6.86659393457944,6.86659393457944
7.14019,2.14601,6.873267009345795,6.873267009345795
7.14019,2.204586,6.87994008411215,6.87994008411215
7.14019,2.208654,6.886613158878505,6.886613158878505
7.14019,2.212297,6.89328623364486,6.89328623364486
7.14019,2.282772,6.899959308411215,6.899959308411215
7.14019,2.324131,6.90663238317757,6.90663238317757
7.14019,2.337228,6.913305457943925,6.913305457943925
7.14019,2.37717,6.919978532710281,6.919978532710281
7.14019,2.381613,6.926651607476636,6.926651607476636
7.14019,2.461126,6.933324682242991,6.933324682242991
7.14019,2.475701,6.939997757009346,6.939997757009346
7.14019,2.484326,6.946670831775701,6.946670831775701
7.14019,2.513064,6.953343906542056,6.953343906542056
7.14019,2.616656,6.960016981308411,6.960016981308411
7.14019,2.807755,6.966690056074766,6.966690056074766
7.14019,2.809856,6.973363130841121,6.973363130841121
7.14019,2.857196,6.980036205607477,6.980036205607477
7.14019,2.860351,6.986709280373832,6.986709280373832
7.14019,2.901675,6.993382355140187,6.993382355140187
7.14019,2.969731,7.000055429906542,7.000055429906542
7.14019,3.167613,7.006728504672897,7.006728504672897
7.14019,3.183146,7.013401579439252,7.013401579439252
7.14019,3.191173,7.020074654205607,7.020074654205607
7.14019,3.258149,7.026747728971962,7.026747728971962
7.14019,3.289722,7.033420803738318,7.033420803738318
7.14019,3.368173,7.040093878504673,7.040093878504673
7.14019,3.442714,7.046766953271028,7.046766953271028
7.14019,3.470482,7.053440028037383,7.053440028037383
7.14019,3.472839,7.060113102803738,7.060113102803738
7.14019,3.632741,7.066786177570093,7.066786177570093
7.14019,3.683683,7.073459252336448,7.073459252336448
7.14019,3.960578,7.080132327102803,7.080132327102803
7.14019,4.144676,7.086805401869158,7.086805401869158
7.14019,4.237501,7.093478476635514,7.093478476635514
7.14019,4.303092,7.100151551401869,7.100151551401869
7.14019,4.78545,7.106824626168224,7.106824626168224
7.14019,4.945203,7.113497700934579,7.113497700934579
7.14019,5.031617,7.120170775700934,7.120170775700934
7.14019,5.183249,7.12684385046729,7.12684385046729
7.14019,7.102229,7.133516925233645,7.133516925233645
7.14019,7.14019,7.14019,7.14019
