#QQplot - Exponential(Me)
#Estimatedpoints(x), Empiricalsample(y), xrule yrule
0.003712446156490686,5e-08,0,0
0.004503550344641223,4.2e-05,0.00667307476635514,0.00667307476635514
0.01489811578889395,7.8e-05,0.01334614953271028,0.01334614953271028
0.01679960317951701,7.9e-05,0.02001922429906542,0.02001922429906542
0.01739461016097191,0.000273,0.02669229906542056,0.02669229906542056
0.01789006260965919,0.000278,0.0333653738317757,0.0333653738317757
0.02042545693774015,0.000281,0.04003844859813084,0.04003844859813084
0.02369300366896488,0.000282,0.04671152336448598,0.04671152336448598
0.02668182774319644,0.000283,0.05338459813084112,0.05338459813084112
0.02691350518526497,0.000285,0.06005767289719626,0.06005767289719626
0.03047651498218392,0.000289,0.0667307476635514,0.0667307476635514
0.03344933274352174,0.000329,0.07340382242990653,0.07340382242990653
0.03447943439957424,0.000379,0.08007689719626168,0.08007689719626168
0.03884055956439284,0.000441,0.08674997196261683,0.08674997196261683
0.03886281091314766,0.000448,0.09342304672897196,0.09342304672897196
0.05101655715296042,0.000457,0.1000961214953271,0.1000961214953271
0.05379738197211934,0.000458,0.1067691962616822,0.1067691962616822
0.05745100929640671,0.000465,0.1134422710280374,0.1134422710280374
0.05751184368222045,0.000467,0.1201153457943925,0.1201153457943925
0.06016502404713549,0.000469,0.1267884205607477,0.1267884205607477
0.06094667285776081,0.000474,0.1334614953271028,0.1334614953271028
0.06134478192292284,0.000476,0.1401345700934579,0.1401345700934579
0.06439837070699232,0.000486,0.1468076448598131,0.1468076448598131
0.06719676428389001,0.00049,0.1534807196261682,0.1534807196261682
0.07013149676712895,0.000498,0.1601537943925234,0.1601537943925234
0.07080782491674724,0.000514,0.1668268691588785,0.1668268691588785
0.07128099773339255,0.000514,0.1734999439252337,0.1734999439252337
0.07290462650543635,0.000515,0.1801730186915888,0.1801730186915888
0.07407618255911702,0.000528,0.1868460934579439,0.1868460934579439
0.07972269773142224,0.000538,0.1935191682242991,0.1935191682242991
0.08128830211248989,0.000549,0.2001922429906542,0.2001922429906542
0.08630346982683672,0.000564,0.2068653177570093,0.2068653177570093
0.08693107040445014,0.000569,0.2135383925233645,0.2135383925233645
0.09228119645149804,0.000585,0.2202114672897196,0.2202114672897196
0.09453653715545034,0.0005910000000000001,0.2268845420560748,0.2268845420560748
0.103940573565775,0.0005910000000000001,0.2335576168224299,0.2335576168224299
0.1047040809839942,0.000605,0.240230691588785,0.240230691588785
0.1048601768020786,0.000625,0.2469037663551402,0.2469037663551402
0.1066106952037133,0.000627,0.2535768411214953,0.2535768411214953
0.112698220318195,0.000635,0.2602499158878505,0.2602499158878505
0.1139072008938343,0.000661,0.2669229906542056,0.2669229906542056
0.1167162554512335,0.000669,0.2735960654205608,0.2735960654205608
0.117322350240996,0.000677,0.2802691401869159,0.2802691401869159
0.1202009887386085,0.000678,0.286942214953271,0.286942214953271
0.1204506977629237,0.000687,0.2936152897196261,0.2936152897196261
0.125116976626802,0.000961,0.3002883644859813,0.3002883644859813
0.1362197860150434,0.000961,0.3069614392523364,0.3069614392523364
0.1402920540093206,0.00098,0.3136345140186916,0.3136345140186916
0.1403611560749199,0.001078,0.3203075887850467,0.3203075887850467
0.1501090662102788,0.001084,0.3269806635514019,0.3269806635514019
0.152597072515874,0.001087,0.333653738317757,0.333653738317757
0.1570710856372888,0.001104,0.3403268130841122,0.3403268130841122
0.1571629095552239,0.001149,0.3469998878504673,0.3469998878504673
0.1602583164768183,0.001166,0.3536729626168224,0.3536729626168224
0.165230464898789,0.001175,0.3603460373831776,0.3603460373831776
0.1659711790070162,0.001219,0.3670191121495327,0.3670191121495327
0.1670053037589439,0.001431,0.3736921869158878,0.3736921869158878
0.1677496316525031,0.001491,0.380365261682243,0.380365261682243
0.1711901602529631,0.001578,0.3870383364485981,0.3870383364485981
0.1718752449987991,0.001714,0.3937114112149533,0.3937114112149533
0.1771230160300832,0.001739,0.4003844859813084,0.4003844859813084
0.1814876502236714,0.001887,0.4070575607476635,0.4070575607476635
0.1837647250423525,0.001913,0.4137306355140187,0.4137306355140187
0.19315339221841,0.001937,0.4204037102803738,0.4204037102803738
0.1937707735875348,0.001954,0.427076785046729,0.427076785046729
0.1970327021696531,0.001985,0.4337498598130841,0.4337498598130841
0.1996191636121964,0.002148,0.4404229345794393,0.4404229345794393
0.2045613779473262,0.002273,0.4470960093457944,0.4470960093457944
0.208017908720929,0.002325,0.4537690841121496,0.4537690841121496
0.2116865805442172,0.002343,0.4604421588785046,0.4604421588785046
0.2126607708008454,0.002365,0.4671152336448598,0.4671152336448598
0.2151863331400262,0.002412,0.4737883084112149,0.4737883084112149
0.2155970810666567,0.002432,0.4804613831775701,0.4804613831775701
0.2263592936179847,0.002433,0.4871344579439252,0.4871344579439252
0.2309640501442314,0.002438,0.4938075327102804,0.4938075327102804
0.2352285488781758,0.002441,0.5004806074766355,0.5004806074766355
0.2380345179928267,0.002469,0.5071536822429906,0.5071536822429906
0.2423801449097182,0.002481,0.5138267570093458,0.5138267570093458
0.2454141421005949,0.002498,0.5204998317757009,0.5204998317757009
0.2457323269039799,0.002513,0.5271729065420561,0.5271729065420561
0.2458551844203919,0.002564,0.5338459813084112,0.5338459813084112
0.250235462781147,0.002609,0.5405190560747664,0.5405190560747664
0.2504032088611176,0.00261,0.5471921308411215,0.5471921308411215
0.2544063242992592,0.002723,0.5538652056074767,0.5538652056074767
0.2572075761820479,0.00275,0.5605382803738318,0.5605382803738318
0.2593885577880559,0.002852,0.5672113551401869,0.5672113551401869
0.2622565019097134,0.002886,0.5738844299065421,0.5738844299065421
0.2622969018178166,0.002888,0.5805575046728972,0.5805575046728972
0.2638711177691371,0.002895,0.5872305794392523,0.5872305794392523
0.2655244314101288,0.002946,0.5939036542056074,0.5939036542056074
0.269613576773896,0.002959,0.6005767289719626,0.6005767289719626
0.274433400566587,0.002973,0.6072498037383177,0.6072498037383177
0.2759786041847345,0.002974,0.6139228785046729,0.6139228785046729
0.2763921072618681,0.00299,0.620595953271028,0.620595953271028
0.2807586764716397,0.002998,0.6272690280373832,0.6272690280373832
0.2845044561785979,0.003013,0.6339421028037383,0.6339421028037383
0.289898524843307,0.003022,0.6406151775700935,0.6406151775700935
0.2909552676279674,0.003044,0.6472882523364486,0.6472882523364486
0.2921421730071264,0.003045,0.6539613271028037,0.6539613271028037
0.2938847246782674,0.003056,0.6606344018691589,0.6606344018691589
0.2950973694614246,0.003096,0.667307476635514,0.667307476635514
0.3011066640430569,0.003119,0.6739805514018692,0.6739805514018692
0.301676341871576,0.003124,0.6806536261682243,0.6806536261682243
0.3020616871562141,0.00313,0.6873267009345795,0.6873267009345795
0.3032239004709944,0.003131,0.6939997757009346,0.6939997757009346
0.3058335424917845,0.003165,0.7006728504672897,0.7006728504672897
0.307523330273589,0.003168,0.7073459252336448,0.7073459252336448
0.3075793741720207,0.003175,0.714019,0.714019
0.3115437672610685,0.003178,0.7206920747663551,0.7206920747663551
0.3190689490290128,0.0032,0.7273651495327103,0.7273651495327103
0.3226549289187534,0.003221,0.7340382242990654,0.7340382242990654
0.3268086032198029,0.003234,0.7407112990654205,0.7407112990654205
0.3302773071295564,0.003239,0.7473843738317757,0.7473843738317757
0.3312175787300787,0.003248,0.7540574485981308,0.7540574485981308
0.3428521574823175,0.003254,0.760730523364486,0.760730523364486
0.3447746354143468,0.003254,0.7674035981308411,0.7674035981308411
0.345639814501413,0.003285,0.7740766728971963,0.7740766728971963
0.3456748447249817,0.003294,0.7807497476635514,0.7807497476635514
0.3468502355134999,0.003299,0.7874228224299066,0.7874228224299066
0.3478315332068636,0.003342,0.7940958971962617,0.7940958971962617
0.352921485309332,0.003344,0.8007689719626168,0.8007689719626168
0.3533829413793951,0.003355,0.8074420467289719,0.8074420467289719
0.3541644647394674,0.003357,0.8141151214953271,0.8141151214953271
0.3644931793850834,0.003369,0.8207881962616822,0.8207881962616822
0.3650436433441341,0.003373,0.8274612710280373,0.8274612710280373
0.3713795310015853,0.003404,0.8341343457943925,0.8341343457943925
0.371592357755778,0.003412,0.8408074205607476,0.8408074205607476
0.3740028373757086,0.003412,0.8474804953271028,0.8474804953271028
0.3746744311925301,0.003415,0.8541535700934579,0.8541535700934579
0.3781602078360731,0.003472,0.8608266448598131,0.8608266448598131
0.3781782980127374,0.003482,0.8674997196261682,0.8674997196261682
0.3796473607062008,0.003503,0.8741727943925234,0.8741727943925234
0.3810069984475364,0.003542,0.8808458691588785,0.8808458691588785
0.3841327106938389,0.003556,0.8875189439252337,0.8875189439252337
0.3854159943889282,0.003576,0.8941920186915888,0.8941920186915888
0.388214852681032,0.003589,0.900865093457944,0.900865093457944
0.3937357840858666,0.003619,0.9075381682242991,0.9075381682242991
0.3955779932735123,0.00364,0.9142112429906541,0.9142112429906541
0.3964570219511238,0.003654,0.9208843177570093,0.9208843177570093
0.3991102192379918,0.003679,0.9275573925233644,0.9275573925233644
0.4070906863408167,0.003685,0.9342304672897196,0.9342304672897196
0.4104326066883014,0.003689,0.9409035420560747,0.9409035420560747
0.4128802253298655,0.003708,0.9475766168224299,0.9475766168224299
0.4145197945785603,0.003718,0.954249691588785,0.954249691588785
0.4166300290285266,0.003731,0.9609227663551402,0.9609227663551402
0.41746789742218,0.003731,0.9675958411214953,0.9675958411214953
0.4254447475869183,0.003745,0.9742689158878505,0.9742689158878505
0.4256443247920886,0.003756,0.9809419906542056,0.9809419906542056
0.4343576116745556,0.003802,0.9876150654205608,0.9876150654205608
0.4369389370555156,0.003823,0.9942881401869159,0.9942881401869159
0.4378718296975278,0.003829,1.000961214953271,1.000961214953271
0.4380011472433652,0.003847,1.007634289719626,1.007634289719626
0.4386692638004234,0.003848,1.014307364485981,1.014307364485981
0.4392593838687314,0.003849,1.020980439252337,1.020980439252337
0.439333597972121,0.003853,1.027653514018692,1.027653514018692
0.4468211308936368,0.003883,1.034326588785047,1.034326588785047
0.4474676328214416,0.003887,1.040999663551402,1.040999663551402
0.4659126134933996,0.003897,1.047672738317757,1.047672738317757
0.4680352422841272,0.003906,1.054345813084112,1.054345813084112
0.470714519822202,0.003914,1.061018887850467,1.061018887850467
0.4709805650640476,0.003915,1.067691962616822,1.067691962616822
0.4721996306765341,0.003916,1.074365037383177,1.074365037383177
0.4729374563165455,0.003918,1.081038112149533,1.081038112149533
0.477445624798387,0.003923,1.087711186915888,1.087711186915888
0.4778906741399056,0.003931,1.094384261682243,1.094384261682243
0.4796012198224065,0.003935,1.101057336448598,1.101057336448598
0.4819177862295207,0.003936,1.107730411214953,1.107730411214953
0.482946115818769,0.003947,1.114403485981308,1.114403485981308
0.4836459693462745,0.003955,1.121076560747664,1.121076560747664
0.484665252579895,0.003959,1.127749635514019,1.127749635514019
0.4890991034808105,0.003966,1.134422710280374,1.134422710280374
0.4920726505009239,0.003969,1.141095785046729,1.141095785046729
0.4967446120067277,0.003976,1.147768859813084,1.147768859813084
0.4974904935202823,0.003982,1.154441934579439,1.154441934579439
0.4982505724887343,0.003987,1.161115009345794,1.161115009345794
0.498284814292203,0.003999,1.16778808411215,1.16778808411215
0.501278095536474,0.00404,1.174461158878505,1.174461158878505
0.507555098736282,0.004055,1.18113423364486,1.18113423364486
0.512472476716228,0.004068,1.187807308411215,1.187807308411215
0.5157217747511299,0.00407,1.19448038317757,1.19448038317757
0.5206313215977132,0.004071,1.201153457943925,1.201153457943925
0.5286311184550879,0.004095,1.20782653271028,1.20782653271028
0.5319641743253912,0.004102,1.214499607476635,1.214499607476635
0.5319956726588413,0.004122,1.221172682242991,1.221172682242991
0.5360533323592208,0.004131,1.227845757009346,1.227845757009346
0.540589825860208,0.004136,1.234518831775701,1.234518831775701
0.543657016163567,0.004152,1.241191906542056,1.241191906542056
0.5463171784146965,0.004158,1.247864981308411,1.247864981308411
0.5537310734048609,0.004165,1.254538056074766,1.254538056074766
0.5543371774694897,0.004173,1.261211130841122,1.261211130841122
0.5557830276045759,0.004178,1.267884205607477,1.267884205607477
0.5724341737166453,0.004185,1.274557280373832,1.274557280373832
0.5726090583329955,0.004194,1.281230355140187,1.281230355140187
0.5800097113762718,0.004195,1.287903429906542,1.287903429906542
0.5834226040577587,0.004196,1.294576504672897,1.294576504672897
0.5874062854085188,0.004199,1.301249579439252,1.301249579439252
0.5885023037309511,0.004224,1.307922654205607,1.307922654205607
0.596148165720047,0.004225,1.314595728971963,1.314595728971963
0.602531873057716,0.004239,1.321268803738318,1.321268803738318
0.6052592364230674,0.00424,1.327941878504673,1.327941878504673
0.6058740383726188,0.004245,1.334614953271028,1.334614953271028
0.6075635446905175,0.004272,1.341288028037383,1.341288028037383
0.6112403284298459,0.004276,1.347961102803738,1.347961102803738
0.6204580537028151,0.004297,1.354634177570093,1.354634177570093
0.6208609317348237,0.00433,1.361307252336449,1.361307252336449
0.6212687115971453,0.004338,1.367980327102804,1.367980327102804
0.6317590136642224,0.004339,1.374653401869159,1.374653401869159
0.6378238690134037,0.004352,1.381326476635514,1.381326476635514
0.6386254126551364,0.004359,1.387999551401869,1.387999551401869
0.6389085848402175,0.00436,1.394672626168224,1.394672626168224
0.6403931302477621,0.004387,1.401345700934579,1.401345700934579
0.6411508534132352,0.004407,1.408018775700935,1.408018775700935
0.6412734584688737,0.004408,1.41469185046729,1.41469185046729
0.642790829659453,0.004423,1.421364925233645,1.421364925233645
0.6443310071816234,0.004425,1.428038,1.428038
0.6649299119730739,0.004433,1.434711074766355,1.434711074766355
0.6655332200595825,0.00444,1.44138414953271,1.44138414953271
0.6756443853416335,0.004484,1.448057224299065,1.448057224299065
0.6820659098468692,0.004484,1.454730299065421,1.454730299065421
0.6849553234678908,0.00449,1.461403373831776,1.461403373831776
0.6892182335909808,0.004557,1.468076448598131,1.468076448598131
0.6951584958427504,0.004574,1.474749523364486,1.474749523364486
0.6976567612508922,0.004575,1.481422598130841,1.481422598130841
0.7013533666792415,0.004585,1.488095672897196,1.488095672897196
0.7072328562514638,0.004592,1.494768747663551,1.494768747663551
0.7101205838863506,0.004595,1.501441822429906,1.501441822429906
0.7101385693715512,0.004607,1.508114897196262,1.508114897196262
0.7151273933046587,0.004633,1.514787971962617,1.514787971962617
0.7253716774253657,0.004633,1.521461046728972,1.521461046728972
0.7317657595103283,0.00467,1.528134121495327,1.528134121495327
0.7333502513042137,0.004672,1.534807196261682,1.534807196261682
0.7396002828565913,0.004675,1.541480271028037,1.541480271028037
0.7417357874910122,0.004679,1.548153345794393,1.548153345794393
0.748215534655325,0.004679,1.554826420560748,1.554826420560748
0.7485106767810973,0.00468,1.561499495327103,1.561499495327103
0.7521187655185047,0.004681,1.568172570093458,1.568172570093458
0.7549381817872898,0.004708,1.574845644859813,1.574845644859813
0.7583036318480199,0.004724,1.581518719626168,1.581518719626168
0.7613152406228554,0.004727,1.588191794392523,1.588191794392523
0.7625558058043636,0.004736,1.594864869158878,1.594864869158878
0.7628903703095165,0.004736,1.601537943925234,1.601537943925234
0.7652132785674453,0.004738,1.608211018691589,1.608211018691589
0.7656747544453417,0.004743,1.614884093457944,1.614884093457944
0.7658390898711984,0.004744,1.621557168224299,1.621557168224299
0.767729874455375,0.004758,1.628230242990654,1.628230242990654
0.7681621643143269,0.004763,1.634903317757009,1.634903317757009
0.7739571595401941,0.004784,1.641576392523364,1.641576392523364
0.7788532851508487,0.004792,1.64824946728972,1.64824946728972
0.7797348720918087,0.004817,1.654922542056075,1.654922542056075
0.7892522715671063,0.00483,1.66159561682243,1.66159561682243
0.7908452100668291,0.004831,1.668268691588785,1.668268691588785
0.7965347888993237,0.004844,1.67494176635514,1.67494176635514
0.7971242405117404,0.004852,1.681614841121495,1.681614841121495
0.8030218387737948,0.004855,1.688287915887851,1.688287915887851
0.8176968493093394,0.00486,1.694960990654206,1.694960990654206
0.819553264981743,0.004869,1.701634065420561,1.701634065420561
0.8256765559865447,0.004876,1.708307140186916,1.708307140186916
0.8296438875473474,0.004893,1.714980214953271,1.714980214953271
0.8372408215677624,0.004898,1.721653289719626,1.721653289719626
0.8378384486464909,0.004905,1.728326364485981,1.728326364485981
0.839472276044993,0.004919,1.734999439252336,1.734999439252336
0.8542634957400979,0.004935,1.741672514018691,1.741672514018691
0.8586610282204193,0.00495,1.748345588785047,1.748345588785047
0.8605768670858176,0.004966,1.755018663551402,1.755018663551402
0.8611170172624919,0.004981,1.761691738317757,1.761691738317757
0.8613206131739105,0.005023,1.768364813084112,1.768364813084112
0.8648527414233499,0.00505,1.775037887850467,1.775037887850467
0.8707999728253085,0.005116,1.781710962616822,1.781710962616822
0.870844125870867,0.005143,1.788384037383178,1.788384037383178
0.8754460719886132,0.00516,1.795057112149533,1.795057112149533
0.8797755006684844,0.005165,1.801730186915888,1.801730186915888
0.8853920700497929,0.005193,1.808403261682243,1.808403261682243
0.8881415370687226,0.005196,1.815076336448598,1.815076336448598
0.8918019007081313,0.005205,1.821749411214953,1.821749411214953
0.9000279677425542,0.00523,1.828422485981308,1.828422485981308
0.9023999369335723,0.005267,1.835095560747664,1.835095560747664
0.9034729839397883,0.005307,1.841768635514019,1.841768635514019
0.9095710548595507,0.005308,1.848441710280374,1.848441710280374
0.9136559289558716,0.005339,1.855114785046729,1.855114785046729
0.9147417065840243,0.005354,1.861787859813084,1.861787859813084
0.9162379521431149,0.005362,1.868460934579439,1.868460934579439
0.9189805688772228,0.00539,1.875134009345794,1.875134009345794
0.9288706534308552,0.005396,1.881807084112149,1.881807084112149
0.9321548097889979,0.005403,1.888480158878505,1.888480158878505
0.9337124427051327,0.005404,1.89515323364486,1.89515323364486
0.9352374270107428,0.005408,1.901826308411215,1.901826308411215
0.93545875849517,0.005412,1.90849938317757,1.90849938317757
0.9368816610085875,0.005419,1.915172457943925,1.915172457943925
0.9381835325919027,0.00542,1.92184553271028,1.92184553271028
0.949824567147237,0.005421,1.928518607476635,1.928518607476635
0.9537812969438149,0.00543,1.935191682242991,1.935191682242991
0.9546305651584243,0.005435,1.941864757009346,1.941864757009346
0.9580073974098234,0.005469,1.948537831775701,1.948537831775701
0.9672904102502909,0.005509,1.955210906542056,1.955210906542056
0.9697378876156189,0.00555,1.961883981308411,1.961883981308411
0.98090941176834,0.005588,1.968557056074766,1.968557056074766
0.981742337813072,0.005592,1.975230130841122,1.975230130841122
0.9831455958417533,0.005621,1.981903205607477,1.981903205607477
0.9852865025354229,0.005626,1.988576280373832,1.988576280373832
0.9957740435289045,0.00564,1.995249355140187,1.995249355140187
1.007509148946385,0.005655,2.001922429906542,2.001922429906542
1.008424395081408,0.005658,2.008595504672897,2.008595504672897
1.016683078291523,0.005682,2.015268579439252,2.015268579439252
1.01675634945539,0.005684,2.021941654205607,2.021941654205607
1.034405167175657,0.005691,2.028614728971962,2.028614728971962
1.039212187829243,0.005698,2.035287803738318,2.035287803738318
1.040802698566093,0.005709,2.041960878504673,2.041960878504673
1.042375055163104,0.005781,2.048633953271028,2.048633953271028
1.043975443536542,0.00582,2.055307028037383,2.055307028037383
1.045531066146265,0.005845,2.061980102803738,2.061980102803738
1.048383016337951,0.005847,2.068653177570094,2.068653177570094
1.052586078798749,0.005868,2.075326252336449,2.075326252336449
1.053060879838973,0.005872,2.081999327102804,2.081999327102804
1.056348040469528,0.005894,2.088672401869159,2.088672401869159
1.06038514609726,0.005896,2.095345476635514,2.095345476635514
1.0645786742066,0.005898,2.102018551401869,2.102018551401869
1.067409260186497,0.005898,2.108691626168224,2.108691626168224
1.068919743821565,0.005905,2.115364700934579,2.115364700934579
1.07559028062203,0.005906,2.122037775700935,2.122037775700935
1.076551597477408,0.005907,2.12871085046729,2.12871085046729
1.088512651848803,0.005907,2.135383925233645,2.135383925233645
1.092212124136742,0.005907,2.142057,2.142057
1.096837311477382,0.005911,2.148730074766355,2.148730074766355
1.098070926675836,0.005912,2.15540314953271,2.15540314953271
1.102354562677475,0.005916,2.162076224299065,2.162076224299065
1.112883756906252,0.005916,2.16874929906542,2.16874929906542
1.112979690598294,0.005917,2.175422373831776,2.175422373831776
1.113543013364937,0.005917,2.182095448598131,2.182095448598131
1.119011147885893,0.00592,2.188768523364486,2.188768523364486
1.119316076544747,0.005927,2.195441598130841,2.195441598130841
1.121951135999165,0.00593,2.202114672897196,2.202114672897196
1.125327209894064,0.005945,2.208787747663552,2.208787747663552
1.125806580994968,0.005951,2.215460822429907,2.215460822429907
1.125863751171477,0.005957,2.222133897196262,2.222133897196262
1.138416176626331,0.005961,2.228806971962617,2.228806971962617
1.146941637869728,0.005963,2.235480046728972,2.235480046728972
1.150535739456639,0.005969,2.242153121495327,2.242153121495327
1.161521005859548,0.006028,2.248826196261682,2.248826196261682
1.164096026221296,0.00606,2.255499271028037,2.255499271028037
1.168928033007561,0.00609,2.262172345794392,2.262172345794392
1.184179224123719,0.006142,2.268845420560748,2.268845420560748
1.185199732821451,0.006148,2.275518495327103,2.275518495327103
1.190377308809125,0.00615,2.282191570093458,2.282191570093458
1.196937552484489,0.006152,2.288864644859813,2.288864644859813
1.197968960547455,0.006157,2.295537719626168,2.295537719626168
1.207619922117231,0.006159,2.302210794392523,2.302210794392523
1.220246228020869,0.006166,2.308883869158878,2.308883869158878
1.221035449432645,0.006168,2.315556943925233,2.315556943925233
1.236399416638423,0.006206,2.322230018691589,2.322230018691589
1.237105411230922,0.006211,2.328903093457944,2.328903093457944
1.239341857900623,0.006231,2.335576168224299,2.335576168224299
1.250198944494451,0.006254,2.342249242990654,2.342249242990654
1.251382296053062,0.006305,2.348922317757009,2.348922317757009
1.252477606956391,0.006319,2.355595392523365,2.355595392523365
1.255909831088902,0.006355,2.36226846728972,2.36226846728972
1.256457052283603,0.006364,2.368941542056075,2.368941542056075
1.259998323027853,0.00639,2.37561461682243,2.37561461682243
1.26430168963556,0.006397,2.382287691588785,2.382287691588785
1.266230057049946,0.006412,2.38896076635514,2.38896076635514
1.266840821428322,0.006418,2.395633841121495,2.395633841121495
1.269286867106499,0.006482,2.40230691588785,2.40230691588785
1.272007587847329,0.006641,2.408979990654206,2.408979990654206
1.272833526896389,0.006651,2.415653065420561,2.415653065420561
1.286703894065194,0.006716,2.422326140186916,2.422326140186916
1.288201135024445,0.006795,2.428999214953271,2.428999214953271
1.297838965375237,0.006957,2.435672289719626,2.435672289719626
1.312982330403761,0.007101,2.442345364485981,2.442345364485981
1.315572681824842,0.007142,2.449018439252336,2.449018439252336
1.3208144535038,0.007383,2.455691514018691,2.455691514018691
1.336137188561203,0.007435,2.462364588785046,2.462364588785046
1.338066663931164,0.007504,2.469037663551402,2.469037663551402
1.343286129349941,0.007731,2.475710738317757,2.475710738317757
1.345503787475753,0.00781,2.482383813084112,2.482383813084112
1.350032337630293,0.007813000000000001,2.489056887850467,2.489056887850467
1.357894554417507,0.007828,2.495729962616823,2.495729962616823
1.361407851593895,0.007875999999999999,2.502403037383178,2.502403037383178
1.369845878048228,0.007882999999999999,2.509076112149533,2.509076112149533
1.375978566805313,0.007884,2.515749186915888,2.515749186915888
1.376103630242084,0.007952000000000001,2.522422261682243,2.522422261682243
1.379566596921512,0.008129000000000001,2.529095336448598,2.529095336448598
1.386224014991516,0.008351000000000001,2.535768411214953,2.535768411214953
1.392175268807996,0.008377000000000001,2.542441485981308,2.542441485981308
1.395062957692474,0.008389000000000001,2.549114560747664,2.549114560747664
1.395524648681214,0.008525,2.555787635514019,2.555787635514019
1.396595916470905,0.008649,2.562460710280374,2.562460710280374
1.39959172985982,0.008697999999999999,2.569133785046729,2.569133785046729
1.407001096011565,0.008765,2.575806859813084,2.575806859813084
1.412777510158196,0.009013,2.582479934579439,2.582479934579439
1.418629063221421,0.009021,2.589153009345794,2.589153009345794
1.421386213551814,0.009082,2.595826084112149,2.595826084112149
1.422065023067293,0.009183999999999999,2.602499158878504,2.602499158878504
1.431099672389774,0.009207,2.60917223364486,2.60917223364486
1.433375759557899,0.009245,2.615845308411215,2.615845308411215
1.438840079271545,0.009414,2.62251838317757,2.62251838317757
1.450304629527308,0.009593000000000001,2.629191457943925,2.629191457943925
1.455076061183368,0.009611,2.635864532710281,2.635864532710281
1.456575854116235,0.009669000000000001,2.642537607476636,2.642537607476636
1.457258130131051,0.009775000000000001,2.649210682242991,2.649210682242991
1.459834850022948,0.009797,2.655883757009346,2.655883757009346
1.469796684702631,0.009849999999999999,2.662556831775701,2.662556831775701
1.471538863520394,0.009877,2.669229906542056,2.669229906542056
1.474614839057665,0.009884,2.675902981308411,2.675902981308411
1.474798440181517,0.009889999999999999,2.682576056074766,2.682576056074766
1.47916627491619,0.009933000000000001,2.689249130841121,2.689249130841121
1.512108995603942,0.010075,2.695922205607477,2.695922205607477
1.512169440368788,0.010112,2.702595280373832,2.702595280373832
1.516755473867622,0.010193,2.709268355140187,2.709268355140187
1.518360325452929,0.010452,2.715941429906542,2.715941429906542
1.51997866593639,0.010514,2.722614504672897,2.722614504672897
1.528706503896348,0.010561,2.729287579439252,2.729287579439252
1.529909267497529,0.010574,2.735960654205607,2.735960654205607
1.533286587305879,0.010588,2.742633728971962,2.742633728971962
1.539908119734828,0.010634,2.749306803738318,2.749306803738318
1.54221750790425,0.010736,2.755979878504673,2.755979878504673
1.542437190900366,0.010806,2.762652953271028,2.762652953271028
1.54618623328734,0.010828,2.769326028037383,2.769326028037383
1.552071300083024,0.010926,2.775999102803739,2.775999102803739
1.573296608559032,0.010958,2.782672177570094,2.782672177570094
1.5825351519691,0.01097,2.789345252336449,2.789345252336449
1.594544407922742,0.011067,2.796018327102804,2.796018327102804
1.599080938272187,0.011094,2.802691401869159,2.802691401869159
1.603164537281212,0.011095,2.809364476635514,2.809364476635514
1.605465563342804,0.011124,2.816037551401869,2.816037551401869
1.606656408573877,0.011211,2.822710626168224,2.822710626168224
1.610073260609738,0.011338,2.829383700934579,2.829383700934579
1.611159779717516,0.011414,2.836056775700935,2.836056775700935
1.619029251920512,0.011425,2.84272985046729,2.84272985046729
1.630279626001055,0.011509,2.849402925233645,2.849402925233645
1.637709466335867,0.011539,2.856076,2.856076
1.640726060041984,0.011566,2.862749074766355,2.862749074766355
1.641375425705033,0.011582,2.86942214953271,2.86942214953271
1.649349014229982,0.011614,2.876095224299065,2.876095224299065
1.659378834121157,0.011801,2.88276829906542,2.88276829906542
1.663892236446262,0.011998,2.889441373831775,2.889441373831775
1.664027595358545,0.012004,2.896114448598131,2.896114448598131
1.675790159168948,0.012032,2.902787523364486,2.902787523364486
1.676153340887501,0.012073,2.909460598130841,2.909460598130841
1.68042647823024,0.01221,2.916133672897196,2.916133672897196
1.681488182937754,0.012229,2.922806747663552,2.922806747663552
1.686158692643634,0.012332,2.929479822429907,2.929479822429907
1.702455977415518,0.012543,2.936152897196262,2.936152897196262
1.705887732370174,0.012698,2.942825971962617,2.942825971962617
1.707643137969537,0.012792,2.949499046728972,2.949499046728972
1.709513600228295,0.01331,2.956172121495327,2.956172121495327
1.717973086238746,0.013454,2.962845196261682,2.962845196261682
1.724988802963695,0.013498,2.969518271028037,2.969518271028037
1.731235251442513,0.013544,2.976191345794393,2.976191345794393
1.731522321197398,0.013626,2.982864420560748,2.982864420560748
1.739775012174296,0.013655,2.989537495327103,2.989537495327103
1.749394040716338,0.013702,2.996210570093458,2.996210570093458
1.752181199700746,0.01395,3.002883644859813,3.002883644859813
1.764870971989474,0.013964,3.009556719626168,3.009556719626168
1.766366144685382,0.014038,3.016229794392523,3.016229794392523
1.767961900679267,0.014038,3.022902869158878,3.022902869158878
1.774261202746984,0.014104,3.029575943925233,3.029575943925233
1.776918844380723,0.014112,3.036249018691589,3.036249018691589
1.784272100577866,0.014188,3.042922093457944,3.042922093457944
1.822424270249063,0.014423,3.049595168224299,3.049595168224299
1.823451670686203,0.014526,3.056268242990654,3.056268242990654
1.826715769995649,0.01478,3.06294131775701,3.06294131775701
1.830785744018645,0.014798,3.069614392523365,3.069614392523365
1.83437572483682,0.014985,3.07628746728972,3.07628746728972
1.856013686559628,0.015045,3.082960542056075,3.082960542056075
1.865332226573096,0.015257,3.08963361682243,3.08963361682243
1.86668900511203,0.015474,3.096306691588785,3.096306691588785
1.867927541798859,0.01548,3.10297976635514,3.10297976635514
1.878096185953925,0.015489,3.109652841121495,3.109652841121495
1.878999599536205,0.01552,3.11632591588785,3.11632591588785
1.884515943764579,0.015529,3.122998990654206,3.122998990654206
1.887656303212278,0.015548,3.129672065420561,3.129672065420561
1.890380977413724,0.015635,3.136345140186916,3.136345140186916
1.902932248145363,0.015953,3.143018214953271,3.143018214953271
1.921650604939085,0.015994,3.149691289719626,3.149691289719626
1.954099923629083,0.016017,3.156364364485981,3.156364364485981
1.975948850904055,0.016033,3.163037439252336,3.163037439252336
1.979199224918931,0.016114,3.169710514018691,3.169710514018691
1.980097039535234,0.016393,3.176383588785047,3.176383588785047
1.991665088644144,0.016548,3.183056663551402,3.183056663551402
1.995775827403012,0.016558,3.189729738317757,3.189729738317757
1.999683210322575,0.016581,3.196402813084112,3.196402813084112
2.003405491501939,0.016628,3.203075887850467,3.203075887850467
2.005499379475932,0.017006,3.209748962616823,3.209748962616823
2.007785935175606,0.01706,3.216422037383178,3.216422037383178
2.01299098993742,0.017087,3.223095112149533,3.223095112149533
2.021676771978101,0.017222,3.229768186915888,3.229768186915888
2.022144228776262,0.017331,3.236441261682243,3.236441261682243
2.02632175875752,0.01754,3.243114336448598,3.243114336448598
2.027255830203689,0.017593,3.249787411214953,3.249787411214953
2.038287124718706,0.017946,3.256460485981308,3.256460485981308
2.039053551273934,0.018275,3.263133560747664,3.263133560747664
2.041081327935065,0.019088,3.269806635514019,3.269806635514019
2.04455247455786,0.019364,3.276479710280374,3.276479710280374
2.046384718970514,0.019814,3.283152785046729,3.283152785046729
2.055167895991767,0.019857,3.289825859813084,3.289825859813084
2.063085992811927,0.019955,3.296498934579439,3.296498934579439
2.068354947577903,0.019956,3.303172009345794,3.303172009345794
2.071232006508874,0.020059,3.309845084112149,3.309845084112149
2.073178954153906,0.020081,3.316518158878504,3.316518158878504
2.076634196610124,0.020504,3.32319123364486,3.32319123364486
2.076818014975105,0.020839,3.329864308411215,3.329864308411215
2.078131178457687,0.020968,3.33653738317757,3.33653738317757
2.078777548886096,0.021453,3.343210457943925,3.343210457943925
2.085950934345456,0.021662,3.34988353271028,3.34988353271028
2.121920643477627,0.021674,3.356556607476636,3.356556607476636
2.122698236733317,0.021855,3.363229682242991,3.363229682242991
2.12611708394095,0.021929,3.369902757009346,3.369902757009346
2.131252610805205,0.021937,3.376575831775701,3.376575831775701
2.131430287102088,0.021951,3.383248906542056,3.383248906542056
2.136314732749335,0.021961,3.389921981308411,3.389921981308411
2.136847893991959,0.022203,3.396595056074766,3.396595056074766
2.151410892541582,0.022436,3.403268130841122,3.403268130841122
2.164911006969168,0.02244,3.409941205607477,3.409941205607477
2.172245118900761,0.022551,3.416614280373832,3.416614280373832
2.175392013334146,0.022758,3.423287355140187,3.423287355140187
2.179118412656607,0.022788,3.429960429906542,3.429960429906542
2.195636438752311,0.022882,3.436633504672897,3.436633504672897
2.19669603170804,0.023217,3.443306579439252,3.443306579439252
2.197860752997425,0.023388,3.449979654205607,3.449979654205607
2.201282403130162,0.023403,3.456652728971962,3.456652728971962
2.213073384602874,0.023851,3.463325803738318,3.463325803738318
2.218588978112931,0.023853,3.469998878504673,3.469998878504673
2.232425551318539,0.023862,3.476671953271028,3.476671953271028
2.238133162201411,0.024249,3.483345028037383,3.483345028037383
2.244949953659801,0.024404,3.490018102803738,3.490018102803738
2.251127541178979,0.02457,3.496691177570094,3.496691177570094
2.26511022417167,0.024645,3.503364252336449,3.503364252336449
2.274189831754969,0.02477,3.510037327102804,3.510037327102804
2.281873605528127,0.024874,3.516710401869159,3.516710401869159
2.291926196069225,0.024907,3.523383476635514,3.523383476635514
2.294134898097891,0.024997,3.530056551401869,3.530056551401869
2.306345857997979,0.02543,3.536729626168224,3.536729626168224
2.30691672815267,0.025571,3.543402700934579,3.543402700934579
2.319467710742382,0.02585,3.550075775700935,3.550075775700935
2.325507327323798,0.025854,3.55674885046729,3.55674885046729
2.327987124970026,0.02611,3.563421925233645,3.563421925233645
2.330760438848591,0.026157,3.570095,3.570095
2.335493777006158,0.026599,3.576768074766355,3.576768074766355
2.335777500805014,0.02664,3.58344114953271,3.58344114953271
2.339520898164094,0.026675,3.590114224299065,3.590114224299065
2.343919447074159,0.02688,3.59678729906542,3.59678729906542
2.367497219568871,0.026937,3.603460373831776,3.603460373831776
2.36978082774213,0.027009,3.610133448598131,3.610133448598131
2.37325834241901,0.02701,3.616806523364486,3.616806523364486
2.38964419743887,0.027042,3.623479598130841,3.623479598130841
2.392654176498268,0.027183,3.630152672897196,3.630152672897196
2.406318514521844,0.027362,3.636825747663551,3.636825747663551
2.406496388082615,0.027483,3.643498822429907,3.643498822429907
2.420446717041469,0.027773,3.650171897196262,3.650171897196262
2.423133255303558,0.028081,3.656844971962617,3.656844971962617
2.428480021228743,0.028101,3.663518046728972,3.663518046728972
2.431145187171086,0.028144,3.670191121495327,3.670191121495327
2.442122673969787,0.028518,3.676864196261682,3.676864196261682
2.453976096000507,0.028859,3.683537271028037,3.683537271028037
2.45467170106206,0.028946,3.690210345794393,3.690210345794393
2.45510811346463,0.029521,3.696883420560748,3.696883420560748
2.466673414706423,0.029645,3.703556495327103,3.703556495327103
2.471683412403499,0.029789,3.710229570093458,3.710229570093458
2.476841403391937,0.03047,3.716902644859813,3.716902644859813
2.477948923982539,0.030473,3.723575719626168,3.723575719626168
2.499005688763485,0.030599,3.730248794392523,3.730248794392523
2.501641087404474,0.030954,3.736921869158878,3.736921869158878
2.50540906692948,0.030958,3.743594943925233,3.743594943925233
2.506212355803525,0.031317,3.750268018691589,3.750268018691589
2.513474777755765,0.03143,3.756941093457944,3.756941093457944
2.519438781759026,0.031947,3.763614168224299,3.763614168224299
2.52885546406817,0.031987,3.770287242990654,3.770287242990654
2.539385177942489,0.032017,3.776960317757009,3.776960317757009
2.539805181141432,0.032095,3.783633392523365,3.783633392523365
2.539907687213414,0.032567,3.79030646728972,3.79030646728972
2.544138655298355,0.032813,3.796979542056075,3.796979542056075
2.550874749064908,0.032942,3.80365261682243,3.80365261682243
2.55759479283028,0.033019,3.810325691588785,3.810325691588785
2.557945401203437,0.033044,3.81699876635514,3.81699876635514
2.55801948694671,0.033552,3.823671841121495,3.823671841121495
2.5580320308344,0.033655,3.830344915887851,3.830344915887851
2.563834840390662,0.033805,3.837017990654206,3.837017990654206
2.599371340135345,0.034006,3.843691065420561,3.843691065420561
2.603109527666218,0.034144,3.850364140186916,3.850364140186916
2.606859173659525,0.034896,3.857037214953271,3.857037214953271
2.62342477364155,0.034914,3.863710289719626,3.863710289719626
2.62670610747074,0.035005,3.870383364485981,3.870383364485981
2.643890803501575,0.035564,3.877056439252336,3.877056439252336
2.646331152623662,0.035883,3.883729514018691,3.883729514018691
2.650947076438277,0.035889,3.890402588785047,3.890402588785047
2.6716997989318,0.035973,3.897075663551402,3.897075663551402
2.683972674308331,0.036377,3.903748738317757,3.903748738317757
2.690420468933417,0.036397,3.910421813084112,3.910421813084112
2.709926250365961,0.036481,3.917094887850467,3.917094887850467
2.70992808281704,0.036558,3.923767962616822,3.923767962616822
2.711150638420127,0.036863,3.930441037383178,3.930441037383178
2.717598935473096,0.036912,3.937114112149533,3.937114112149533
2.725542838144878,0.036926,3.943787186915888,3.943787186915888
2.726665499691976,0.03698,3.950460261682243,3.950460261682243
2.728321058366689,0.037301,3.957133336448598,3.957133336448598
2.732265893147241,0.037915,3.963806411214953,3.963806411214953
2.733072386312855,0.038376,3.970479485981308,3.970479485981308
2.776814161189022,0.038505,3.977152560747664,3.977152560747664
2.777838187819527,0.038547,3.983825635514019,3.983825635514019
2.778349538505795,0.038707,3.990498710280374,3.990498710280374
2.783922550459593,0.039552,3.997171785046729,3.997171785046729
2.789560003583987,0.039589,4.003844859813084,4.003844859813084
2.795536502465642,0.039728,4.010517934579439,4.010517934579439
2.797718764342442,0.039995,4.017191009345795,4.017191009345795
2.799944957066559,0.040853,4.02386408411215,4.02386408411215
2.818841420597696,0.041286,4.030537158878505,4.030537158878505
2.840614635861015,0.042009,4.03721023364486,4.03721023364486
2.843232660660962,0.042558,4.043883308411215,4.043883308411215
2.857943547150138,0.042885,4.05055638317757,4.05055638317757
2.860201104173996,0.043513,4.057229457943925,4.057229457943925
2.864165045973754,0.043579,4.06390253271028,4.06390253271028
2.866556471250445,0.043838,4.070575607476635,4.070575607476635
2.86838048413282,0.044118,4.077248682242991,4.077248682242991
2.879720814550328,0.044237,4.083921757009346,4.083921757009346
2.88632497622717,0.044845,4.090594831775701,4.090594831775701
2.889807616727928,0.045371,4.097267906542056,4.097267906542056
2.903202010484233,0.045426,4.103940981308411,4.103940981308411
2.917850106899142,0.045532,4.110614056074766,4.110614056074766
2.918648585841883,0.046036,4.117287130841121,4.117287130841121
2.947930057667549,0.046347,4.123960205607476,4.123960205607476
2.950481062892909,0.046486,4.130633280373832,4.130633280373832
2.95742562149231,0.046682,4.137306355140187,4.137306355140187
2.964454763141995,0.047304,4.143979429906542,4.143979429906542
2.972932993862063,0.047777,4.150652504672897,4.150652504672897
2.975626582429846,0.048029,4.157325579439252,4.157325579439252
2.977938446545313,0.048074,4.163998654205607,4.163998654205607
2.985335912780561,0.0484,4.170671728971962,4.170671728971962
2.985462499332852,0.048733,4.177344803738317,4.177344803738317
2.990360349066936,0.049333,4.184017878504672,4.184017878504672
2.991472760123279,0.050179,4.190690953271028,4.190690953271028
3.000901608736105,0.050414,4.197364028037383,4.197364028037383
3.032581861286307,0.050447,4.204037102803738,4.204037102803738
3.033323972155198,0.050455,4.210710177570093,4.210710177570093
3.047355486838862,0.051643,4.217383252336449,4.217383252336449
3.054640597156896,0.052078,4.224056327102804,4.224056327102804
3.066618402652797,0.052206,4.230729401869159,4.230729401869159
3.06817475000596,0.052381,4.237402476635514,4.237402476635514
3.069499306282797,0.052472,4.24407555140187,4.24407555140187
3.073979818295699,0.052909,4.250748626168225,4.250748626168225
3.081683059917583,0.053049,4.25742170093458,4.25742170093458
3.09311627196523,0.053112,4.264094775700935,4.264094775700935
3.093641521258848,0.053283,4.27076785046729,4.27076785046729
3.095163613914178,0.053422,4.277440925233645,4.277440925233645
3.109242790224434,0.053566,4.284114,4.284114
3.111070659053097,0.053705,4.290787074766355,4.290787074766355
3.11544770493307,0.054743,4.29746014953271,4.29746014953271
3.118178965158459,0.055669,4.304133224299066,4.304133224299066
3.123647861179054,0.055934,4.310806299065421,4.310806299065421
3.125816193600082,0.056289,4.317479373831776,4.317479373831776
3.134373030398307,0.056442,4.324152448598131,4.324152448598131
3.141315229101771,0.056545,4.330825523364486,4.330825523364486
3.141921053346549,0.056691,4.337498598130841,4.337498598130841
3.142175379902267,0.058049,4.344171672897196,4.344171672897196
3.145515361842268,0.059361,4.350844747663551,4.350844747663551
3.150730527710419,0.059607,4.357517822429907,4.357517822429907
3.161526512333614,0.059651,4.364190897196262,4.364190897196262
3.167732458734432,0.059757,4.370863971962617,4.370863971962617
3.178829886241596,0.060431,4.377537046728972,4.377537046728972
3.192806913833319,0.060439,4.384210121495327,4.384210121495327
3.20214830691892,0.060666,4.390883196261682,4.390883196261682
3.217584255133861,0.061083,4.397556271028037,4.397556271028037
3.219682251563059,0.061351,4.404229345794392,4.404229345794392
3.229397766930865,0.062469,4.410902420560747,4.410902420560747
3.230316785288254,0.063247,4.417575495327103,4.417575495327103
3.230713654965287,0.063711,4.424248570093458,4.424248570093458
3.231491725716964,0.064164,4.430921644859813,4.430921644859813
3.246953548081152,0.064347,4.437594719626168,4.437594719626168
3.25182314900834,0.064362,4.444267794392523,4.444267794392523
3.253319449633196,0.065056,4.450940869158878,4.450940869158878
3.256485344074369,0.065412,4.457613943925233,4.457613943925233
3.264941285166707,0.065609,4.464287018691588,4.464287018691588
3.266053501292125,0.06625300000000001,4.470960093457944,4.470960093457944
3.281596215358139,0.067417,4.477633168224299,4.477633168224299
3.282564603256378,0.06762700000000001,4.484306242990654,4.484306242990654
3.284496720649905,0.06789000000000001,4.490979317757009,4.490979317757009
3.284982379003606,0.068929,4.497652392523364,4.497652392523364
3.289506861908219,0.068955,4.504325467289719,4.504325467289719
3.290161834767437,0.069096,4.510998542056075,4.510998542056075
3.291858181042023,0.06927700000000001,4.51767161682243,4.51767161682243
3.296668382720302,0.069953,4.524344691588785,4.524344691588785
3.347762752990459,0.07047399999999999,4.531017766355141,4.531017766355141
3.353846286073362,0.071571,4.537690841121496,4.537690841121496
3.353993608719026,0.071918,4.544363915887851,4.544363915887851
3.366041202753446,0.072841,4.551036990654206,4.551036990654206
3.384633706097045,0.07299,4.557710065420561,4.557710065420561
3.387088186361399,0.07317,4.564383140186916,4.564383140186916
3.39923505810191,0.073825,4.571056214953271,4.571056214953271
3.401942880103169,0.073834,4.577729289719626,4.577729289719626
3.41354571660661,0.07546799999999999,4.584402364485982,4.584402364485982
3.430273762676713,0.076223,4.591075439252337,4.591075439252337
3.430408412828462,0.077139,4.597748514018692,4.597748514018692
3.431485949714209,0.07774200000000001,4.604421588785047,4.604421588785047
3.43241522712858,0.078296,4.611094663551402,4.611094663551402
3.433696159885637,0.07860399999999999,4.617767738317757,4.617767738317757
3.437887617449723,0.079064,4.624440813084112,4.624440813084112
3.450235770709125,0.080056,4.631113887850467,4.631113887850467
3.474020759333898,0.080429,4.637786962616822,4.637786962616822
3.480742259355927,0.080606,4.644460037383178,4.644460037383178
3.489476532040713,0.08067000000000001,4.651133112149533,4.651133112149533
3.496213985291189,0.081333,4.657806186915888,4.657806186915888
3.498197728095883,0.082153,4.664479261682243,4.664479261682243
3.501838710623165,0.08347400000000001,4.671152336448598,4.671152336448598
3.506144877774211,0.08348,4.677825411214953,4.677825411214953
3.521875820304717,0.083555,4.684498485981308,4.684498485981308
3.55781512038754,0.08451699999999999,4.691171560747663,4.691171560747663
3.585371375355578,0.084775,4.697844635514018,4.697844635514018
3.588211221095915,0.085812,4.704517710280374,4.704517710280374
3.615453873825385,0.087007,4.711190785046729,4.711190785046729
3.615741425004992,0.087362,4.717863859813084,4.717863859813084
3.631328247213375,0.087468,4.724536934579439,4.724536934579439
3.639275508135535,0.087871,4.731210009345794,4.731210009345794
3.660824941305747,0.087965,4.737883084112149,4.737883084112149
3.677648047774636,0.08860999999999999,4.744556158878504,4.744556158878504
3.686255718196195,0.08969199999999999,4.751229233644859,4.751229233644859
3.691196262666062,0.09086900000000001,4.757902308411215,4.757902308411215
3.693357249777455,0.091936,4.76457538317757,4.76457538317757
3.694289752062085,0.092249,4.771248457943925,4.771248457943925
3.694540566922024,0.093336,4.77792153271028,4.77792153271028
3.702808302883422,0.09334000000000001,4.784594607476635,4.784594607476635
3.705809633908668,0.094289,4.79126768224299,4.79126768224299
3.712273274419823,0.094848,4.797940757009346,4.797940757009346
3.717980012364797,0.096217,4.804613831775701,4.804613831775701
3.755675120000671,0.097119,4.811286906542056,4.811286906542056
3.757472072437656,0.097371,4.817959981308412,4.817959981308412
3.788331687300826,0.098096,4.824633056074767,4.824633056074767
3.79241087508976,0.098194,4.831306130841122,4.831306130841122
3.793721486159546,0.099521,4.837979205607477,4.837979205607477
3.8091400142639,0.099579,4.844652280373832,4.844652280373832
3.816765223081794,0.100528,4.851325355140187,4.851325355140187
3.820223764293393,0.100562,4.857998429906542,4.857998429906542
3.834230776551466,0.101653,4.864671504672897,4.864671504672897
3.838922446812899,0.102317,4.871344579439253,4.871344579439253
3.851230320517687,0.102497,4.878017654205608,4.878017654205608
3.855243265683018,0.104926,4.884690728971963,4.884690728971963
3.85977019533085,0.105548,4.891363803738318,4.891363803738318
3.874418559092496,0.105589,4.898036878504673,4.898036878504673
3.8793556253916,0.106932,4.904709953271028,4.904709953271028
3.897285043780724,0.107374,4.911383028037383,4.911383028037383
3.901410479457074,0.10851,4.918056102803738,4.918056102803738
3.923098201053472,0.108935,4.924729177570093,4.924729177570093
3.924170496779106,0.108955,4.931402252336449,4.931402252336449
3.941616416195555,0.110085,4.938075327102804,4.938075327102804
3.949795304900425,0.111157,4.944748401869159,4.944748401869159
3.956900206568332,0.111446,4.951421476635514,4.951421476635514
3.958127195334767,0.112327,4.958094551401869,4.958094551401869
3.96801273269585,0.112587,4.964767626168224,4.964767626168224
3.97665344458488,0.113134,4.971440700934579,4.971440700934579
3.994183433535019,0.113445,4.978113775700934,4.978113775700934
4.001185188554035,0.113628,4.98478685046729,4.98478685046729
4.001251933154766,0.113827,4.991459925233645,4.991459925233645
4.005237690129388,0.114893,4.998133,4.998133
4.015375929586451,0.115186,5.004806074766355,5.004806074766355
4.019394581974289,0.116652,5.01147914953271,5.01147914953271
4.026960754978905,0.116992,5.018152224299065,5.018152224299065
4.068111073623246,0.11701,5.02482529906542,5.02482529906542
4.07348370640482,0.117737,5.031498373831775,5.031498373831775
4.080626291501358,0.118412,5.03817144859813,5.03817144859813
4.081211990440304,0.11899,5.044844523364486,5.044844523364486
4.0925491853162,0.119441,5.051517598130841,5.051517598130841
4.098192630882345,0.121092,5.058190672897196,5.058190672897196
4.11031158403009,0.121511,5.064863747663551,5.064863747663551
4.111778133391188,0.121993,5.071536822429906,5.071536822429906
4.121910692330291,0.122373,5.078209897196261,5.078209897196261
4.127840046039197,0.122404,5.084882971962617,5.084882971962617
4.138727327118596,0.122795,5.091556046728972,5.091556046728972
4.146251659107641,0.122939,5.098229121495327,5.098229121495327
4.155647063918296,0.123468,5.104902196261683,5.104902196261683
4.159025229944675,0.123667,5.111575271028038,5.111575271028038
4.161600111609641,0.125154,5.118248345794393,5.118248345794393
4.184697938531277,0.12589,5.124921420560748,5.124921420560748
4.187731468029376,0.127612,5.131594495327103,5.131594495327103
4.214950290970353,0.12848,5.138267570093458,5.138267570093458
4.215574218475713,0.129016,5.144940644859813,5.144940644859813
4.220772469892514,0.129753,5.151613719626168,5.151613719626168
4.222884114490439,0.132337,5.158286794392524,5.158286794392524
4.222985209760785,0.132366,5.164959869158879,5.164959869158879
4.252288129423701,0.132891,5.171632943925234,5.171632943925234
4.269794213726746,0.13317,5.178306018691589,5.178306018691589
4.270253837201247,0.133271,5.184979093457944,5.184979093457944
4.305211702315697,0.133903,5.191652168224299,5.191652168224299
4.308644323271282,0.135541,5.198325242990654,5.198325242990654
4.326605806169962,0.135918,5.204998317757009,5.204998317757009
4.328284051443207,0.136972,5.211671392523365,5.211671392523365
4.333647412126038,0.139891,5.21834446728972,5.21834446728972
4.345182203770661,0.140126,5.225017542056075,5.225017542056075
4.354506789968635,0.140452,5.23169061682243,5.23169061682243
4.358404165264466,0.140894,5.238363691588785,5.238363691588785
4.362179649337183,0.141749,5.24503676635514,5.24503676635514
4.363551278612729,0.141891,5.251709841121495,5.251709841121495
4.367826752523743,0.141907,5.25838291588785,5.25838291588785
4.369335861713462,0.143052,5.265055990654205,5.265055990654205
4.422842090253614,0.14564,5.271729065420561,5.271729065420561
4.435567726508726,0.147593,5.278402140186916,5.278402140186916
4.457390932639838,0.14837,5.285075214953271,5.285075214953271
4.483770300413691,0.148656,5.291748289719626,5.291748289719626
4.506028659092606,0.148747,5.298421364485981,5.298421364485981
4.512367081308285,0.150035,5.305094439252336,5.305094439252336
4.523629193351712,0.150337,5.311767514018691,5.311767514018691
4.547043031245559,0.150401,5.318440588785046,5.318440588785046
4.547692757315662,0.150563,5.325113663551402,5.325113663551402
4.549756161171979,0.150995,5.331786738317757,5.331786738317757
4.559235792258019,0.151431,5.338459813084112,5.338459813084112
4.583819810778341,0.152564,5.345132887850467,5.345132887850467
4.606665991693397,0.15445,5.351805962616822,5.351805962616822
4.606769577546033,0.154687,5.358479037383177,5.358479037383177
4.6153487564761,0.155098,5.365152112149532,5.365152112149532
4.639650116723624,0.160482,5.371825186915888,5.371825186915888
4.653632000850775,0.161047,5.378498261682243,5.378498261682243
4.659464905742956,0.161611,5.385171336448598,5.385171336448598
4.687684877800384,0.161829,5.391844411214954,5.391844411214954
4.691485038612754,0.168149,5.398517485981309,5.398517485981309
4.691794526075958,0.169785,5.405190560747664,5.405190560747664
4.701853832109701,0.173648,5.411863635514019,5.411863635514019
4.702055398100346,0.178968,5.418536710280374,5.418536710280374
4.704389401499649,0.179261,5.425209785046729,5.425209785046729
4.749690237979011,0.17934,5.431882859813084,5.431882859813084
4.779871696951353,0.181888,5.43855593457944,5.43855593457944
4.782942949559767,0.182391,5.445229009345795,5.445229009345795
4.783530212966594,0.184339,5.45190208411215,5.45190208411215
4.803535696316533,0.187405,5.458575158878505,5.458575158878505
4.808725863833109,0.18872,5.46524823364486,5.46524823364486
4.814360464599785,0.189832,5.471921308411215,5.471921308411215
4.816521214864653,0.192857,5.47859438317757,5.47859438317757
4.817450748429341,0.193455,5.485267457943925,5.485267457943925
4.830154403442755,0.19512,5.49194053271028,5.49194053271028
4.834950678136473,0.195522,5.498613607476636,5.498613607476636
4.841269020838173,0.196372,5.505286682242991,5.505286682242991
4.842918635179076,0.19839,5.511959757009346,5.511959757009346
4.843551577199176,0.199061,5.518632831775701,5.518632831775701
4.870097363802485,0.20523,5.525305906542056,5.525305906542056
4.870818254847481,0.205914,5.531978981308411,5.531978981308411
4.889214957040703,0.206933,5.538652056074766,5.538652056074766
4.899142470194024,0.207804,5.545325130841121,5.545325130841121
4.920053399553526,0.215791,5.551998205607477,5.551998205607477
5.019504063440129,0.216077,5.558671280373832,5.558671280373832
5.043639476222289,0.220019,5.565344355140187,5.565344355140187
5.050259814685639,0.223613,5.572017429906542,5.572017429906542
5.051684548068252,0.224143,5.578690504672897,5.578690504672897
5.079178083286187,0.23108,5.585363579439252,5.585363579439252
5.083585759624463,0.231087,5.592036654205607,5.592036654205607
5.102415664598277,0.238922,5.598709728971962,5.598709728971962
5.107403955964774,0.243754,5.605382803738317,5.605382803738317
5.107831213277003,0.247596,5.612055878504673,5.612055878504673
5.10917572436775,0.248603,5.618728953271028,5.618728953271028
5.134527083308484,0.251173,5.625402028037383,5.625402028037383
5.145476400694438,0.258895,5.632075102803738,5.632075102803738
5.165055003917138,0.264807,5.638748177570093,5.638748177570093
5.175540486908011,0.265025,5.645421252336448,5.645421252336448
5.197717000419988,0.268041,5.652094327102803,5.652094327102803
5.205799499902162,0.27196,5.658767401869158,5.658767401869158
5.235410173342109,0.274097,5.665440476635514,5.665440476635514
5.239681936169903,0.277131,5.672113551401869,5.672113551401869
5.247211177904662,0.277799,5.678786626168224,5.678786626168224
5.265508482161078,0.297628,5.68545970093458,5.68545970093458
5.265880470013483,0.298414,5.692132775700935,5.692132775700935
5.319942464875833,0.298541,5.69880585046729,5.69880585046729
5.330037825649653,0.29887,5.705478925233645,5.705478925233645
5.34677924779709,0.300338,5.712152,5.712152
5.354714404987662,0.302127,5.718825074766355,5.718825074766355
5.362585574954507,0.302636,5.725498149532711,5.725498149532711
5.375033616391041,0.3056,5.732171224299066,5.732171224299066
5.389181492212978,0.308451,5.738844299065421,5.738844299065421
5.390661236503472,0.310829,5.745517373831776,5.745517373831776
5.412662454765703,0.323059,5.752190448598131,5.752190448598131
5.421163044723489,0.325674,5.758863523364486,5.758863523364486
5.421731719568492,0.325843,5.765536598130841,5.765536598130841
5.470526587979757,0.325935,5.772209672897196,5.772209672897196
5.477003735324616,0.332378,5.778882747663551,5.778882747663551
5.477100891499169,0.348712,5.785555822429907,5.785555822429907
5.488839593578604,0.352546,5.792228897196262,5.792228897196262
5.50186580652856,0.353582,5.798901971962617,5.798901971962617
5.512821925408312,0.356982,5.805575046728972,5.805575046728972
5.547838184680592,0.373649,5.812248121495327,5.812248121495327
5.554659897479407,0.378127,5.818921196261682,5.818921196261682
5.567220303996084,0.380862,5.825594271028037,5.825594271028037
5.589086986730441,0.383681,5.832267345794392,5.832267345794392
5.658098554683237,0.3861,5.838940420560748,5.838940420560748
5.667403839984843,0.391403,5.845613495327103,5.845613495327103
5.710696487701293,0.392207,5.852286570093458,5.852286570093458
5.720606606332478,0.394328,5.858959644859813,5.858959644859813
5.728655860085814,0.401646,5.865632719626168,5.865632719626168
5.763307969716384,0.402097,5.872305794392523,5.872305794392523
5.774640335206924,0.403569,5.878978869158878,5.878978869158878
5.780039935331373,0.41104,5.885651943925233,5.885651943925233
5.780208574765036,0.413005,5.892325018691588,5.892325018691588
5.82556250869058,0.432612,5.898998093457944,5.898998093457944
5.832982682972341,0.434191,5.905671168224299,5.905671168224299
5.852527117867208,0.435538,5.912344242990654,5.912344242990654
5.865379100663299,0.441992,5.919017317757009,5.919017317757009
5.873368483121034,0.442595,5.925690392523364,5.925690392523364
5.885805570202645,0.444918,5.932363467289719,5.932363467289719
5.889229863654041,0.446453,5.939036542056074,5.939036542056074
5.950233940774653,0.447933,5.945709616822429,5.945709616822429
5.968336228191179,0.448193,5.952382691588785,5.952382691588785
5.9800130777054,0.448885,5.95905576635514,5.95905576635514
5.999192948724717,0.450338,5.965728841121495,5.965728841121495
6.004757716158982,0.454107,5.972401915887851,5.972401915887851
6.011970199684444,0.459078,5.979074990654206,5.979074990654206
6.039124612925795,0.463266,5.985748065420561,5.985748065420561
6.077692490756246,0.468039,5.992421140186916,5.992421140186916
6.128044143392167,0.468136,5.999094214953271,5.999094214953271
6.148865088579295,0.47005,6.005767289719626,6.005767289719626
6.179514481856445,0.476503,6.012440364485982,6.012440364485982
6.219943189128626,0.47689,6.019113439252337,6.019113439252337
6.233220468842235,0.479527,6.025786514018692,6.025786514018692
6.236568844931956,0.488735,6.032459588785047,6.032459588785047
6.261094849629657,0.490221,6.039132663551402,6.039132663551402
6.325583110911207,0.492518,6.045805738317757,6.045805738317757
6.344864301096652,0.49896,6.052478813084112,6.052478813084112
6.347636910673074,0.499671,6.059151887850467,6.059151887850467
6.365344726030234,0.500074,6.065824962616823,6.065824962616823
6.391740703829315,0.50062,6.072498037383178,6.072498037383178
6.398700770993234,0.504018,6.079171112149533,6.079171112149533
6.492266840218329,0.510977,6.085844186915888,6.085844186915888
6.527255557811539,0.513682,6.092517261682243,6.092517261682243
6.541570492342037,0.519974,6.099190336448598,6.099190336448598
6.570240378365761,0.523074,6.105863411214953,6.105863411214953
6.666794758554961,0.5418269999999999,6.112536485981308,6.112536485981308
6.7201086453229,0.542365,6.119209560747663,6.119209560747663
6.722763459903227,0.554009,6.125882635514019,6.125882635514019
6.776835623847957,0.554635,6.132555710280374,6.132555710280374
6.830728792356836,0.564449,6.139228785046729,6.139228785046729
6.834160312306287,0.570844,6.145901859813084,6.145901859813084
6.845722934967033,0.5742159999999999,6.152574934579439,6.152574934579439
6.860621396234801,0.583105,6.159248009345794,6.159248009345794
6.868501135908939,0.586897,6.165921084112149,6.165921084112149
6.874306531445064,0.591318,6.172594158878504,6.172594158878504
6.882100444201699,0.601423,6.17926723364486,6.17926723364486
6.948112466122715,0.606869,6.185940308411215,6.185940308411215
6.959348669325401,0.607281,6.19261338317757,6.19261338317757
6.967664813644494,0.616325,6.199286457943925,6.199286457943925
6.987860016581885,0.620041,6.20595953271028,6.20595953271028
7.064491287019613,0.623468,6.212632607476635,6.212632607476635
7.094736145417101,0.628444,6.21930568224299,6.21930568224299
7.102207765279054,0.630883,6.225978757009345,6.225978757009345
7.10546282026702,0.638705,6.2326518317757,6.2326518317757
7.112643420535539,0.643107,6.239324906542056,6.239324906542056
7.137176635139116,0.648019,6.245997981308411,6.245997981308411
7.138056184315266,0.649239,6.252671056074766,6.252671056074766
7.14019,0.655134,6.259344130841122,6.259344130841122
7.14019,0.662364,6.266017205607477,6.266017205607477
7.14019,0.666862,6.272690280373832,6.272690280373832
7.14019,0.678567,6.279363355140187,6.279363355140187
7.14019,0.680895,6.286036429906542,6.286036429906542
7.14019,0.683902,6.292709504672898,6.292709504672898
7.14019,0.694223,6.299382579439253,6.299382579439253
7.14019,0.698807,6.306055654205608,6.306055654205608
7.14019,0.699421,6.312728728971963,6.312728728971963
7.14019,0.705389,6.319401803738318,6.319401803738318
7.14019,0.711175,6.326074878504673,6.326074878504673
7.14019,0.719004,6.332747953271028,6.332747953271028
7.14019,0.719732,6.339421028037383,6.339421028037383
7.14019,0.727047,6.346094102803738,6.346094102803738
7.14019,0.739326,6.352767177570094,6.352767177570094
7.14019,0.749654,6.359440252336449,6.359440252336449
7.14019,0.7497200000000001,6.366113327102804,6.366113327102804
7.14019,0.754948,6.372786401869159,6.372786401869159
7.14019,0.759582,6.379459476635514,6.379459476635514
7.14019,0.761324,6.386132551401869,6.386132551401869
7.14019,0.763539,6.392805626168224,6.392805626168224
7.14019,0.764803,6.399478700934579,6.399478700934579
7.14019,0.765236,6.406151775700934,6.406151775700934
7.14019,0.765907,6.41282485046729,6.41282485046729
7.14019,0.7739279999999999,6.419497925233645,6.419497925233645
7.14019,0.803984,6.426171,6.426171
7.14019,0.808629,6.432844074766355,6.432844074766355
7.14019,0.8135790000000001,6.43951714953271,6.43951714953271
7.14019,0.836557,6.446190224299065,6.446190224299065
7.14019,0.855901,6.45286329906542,6.45286329906542
7.14019,0.859337,6.459536373831775,6.459536373831775
7.14019,0.861151,6.466209448598131,6.466209448598131
7.14019,0.895555,6.472882523364486,6.472882523364486
7.14019,0.957974,6.479555598130841,6.479555598130841
7.14019,0.966574,6.486228672897196,6.486228672897196
7.14019,0.973505,6.492901747663551,6.492901747663551
7.14019,0.9991,6.499574822429906,6.499574822429906
7.14019,1.002586,6.506247897196261,6.506247897196261
7.14019,1.010175,6.512920971962616,6.512920971962616
7.14019,1.013637,6.519594046728971,6.519594046728971
7.14019,1.014622,6.526267121495327,6.526267121495327
7.14019,1.018455,6.532940196261682,6.532940196261682
7.14019,1.022061,6.539613271028037,6.539613271028037
7.14019,1.024322,6.546286345794393,6.546286345794393
7.14019,1.081143,6.552959420560748,6.552959420560748
7.14019,1.088452,6.559632495327103,6.559632495327103
7.14019,1.113484,6.566305570093458,6.566305570093458
7.14019,1.138009,6.572978644859813,6.572978644859813
7.14019,1.139538,6.579651719626169,6.579651719626169
7.14019,1.154042,6.586324794392524,6.586324794392524
7.14019,1.208995,6.592997869158879,6.592997869158879
7.14019,1.220596,6.599670943925234,6.599670943925234
7.14019,1.292992,6.606344018691589,6.606344018691589
7.14019,1.300822,6.613017093457944,6.613017093457944
7.14019,1.310248,6.619690168224299,6.619690168224299
7.14019,1.311466,6.626363242990654,6.626363242990654
7.14019,1.315757,6.633036317757009,6.633036317757009
7.14019,1.344967,6.639709392523365,6.639709392523365
7.14019,1.345621,6.64638246728972,6.64638246728972
7.14019,1.368339,6.653055542056075,6.653055542056075
7.14019,1.376714,6.65972861682243,6.65972861682243
7.14019,1.384948,6.666401691588785,6.666401691588785
7.14019,1.429005,6.67307476635514,6.67307476635514
7.14019,1.46105,6.679747841121495,6.679747841121495
7.14019,1.478633,6.68642091588785,6.68642091588785
7.14019,1.480017,6.693093990654206,6.693093990654206
7.14019,1.511574,6.699767065420561,6.699767065420561
7.14019,1.522315,6.706440140186916,6.706440140186916
7.14019,1.554307,6.713113214953271,6.713113214953271
7.14019,1.570228,6.719786289719626,6.719786289719626
7.14019,1.574791,6.726459364485981,6.726459364485981
7.14019,1.577996,6.733132439252336,6.733132439252336
7.14019,1.6233,6.739805514018691,6.739805514018691
7.14019,1.645831,6.746478588785046,6.746478588785046
7.14019,1.670279,6.753151663551402,6.753151663551402
7.14019,1.675078,6.759824738317757,6.759824738317757
7.14019,1.719515,6.766497813084112,6.766497813084112
7.14019,1.741257,6.773170887850467,6.773170887850467
7.14019,1.78233,6.779843962616822,6.779843962616822
7.14019,1.800132,6.786517037383177,6.786517037383177
7.14019,1.845423,6.793190112149532,6.793190112149532
7.14019,1.870179,6.799863186915887,6.799863186915887
7.14019,1.886535,6.806536261682243,6.806536261682243
7.14019,1.910275,6.813209336448598,6.813209336448598
7.14019,1.91416,6.819882411214953,6.819882411214953
7.14019,1.940621,6.826555485981308,6.826555485981308
7.14019,1.950403,6.833228560747663,6.833228560747663
7.14019,2.006969,6.839901635514019,6.839901635514019
7.14019,2.007037,6.846574710280374,6.846574710280374
7.14019,2.054133,6.853247785046729,6.853247785046729
7.14019,2.077491,6.859920859813084,6.859920859813084
7.14019,2.13247,6.86659393457944,6.86659393457944
7.14019,2.14601,6.873267009345795,6.873267009345795
7.14019,2.204586,6.87994008411215,6.87994008411215
7.14019,2.208654,6.886613158878505,6.886613158878505
7.14019,2.212297,6.89328623364486,6.89328623364486
7.14019,2.282772,6.899959308411215,6.899959308411215
7.14019,2.324131,6.90663238317757,6.90663238317757
7.14019,2.337228,6.913305457943925,6.913305457943925
7.14019,2.37717,6.919978532710281,6.919978532710281
7.14019,2.381613,6.926651607476636,6.926651607476636
7.14019,2.461126,6.933324682242991,6.933324682242991
7.14019,2.475701,6.939997757009346,6.939997757009346
7.14019,2.484326,6.946670831775701,6.946670831775701
7.14019,2.513064,6.953343906542056,6.953343906542056
7.14019,2.616656,6.960016981308411,6.960016981308411
7.14019,2.807755,6.966690056074766,6.966690056074766
7.14019,2.809856,6.973363130841121,6.973363130841121
7.14019,2.857196,6.980036205607477,6.980036205607477
7.14019,2.860351,6.986709280373832,6.986709280373832
7.14019,2.901675,6.993382355140187,6.993382355140187
7.14019,2.969731,7.000055429906542,7.000055429906542
7.14019,3.167613,7.006728504672897,7.006728504672897
7.14019,3.183146,7.013401579439252,7.013401579439252
7.14019,3.191173,7.020074654205607,7.020074654205607
7.14019,3.258149,7.026747728971962,7.026747728971962
7.14019,3.289722,7.033420803738318,7.033420803738318
7.14019,3.368173,7.040093878504673,7.040093878504673
7.14019,3.442714,7.046766953271028,7.046766953271028
7.14019,3.470482,7.053440028037383,7.053440028037383
7.14019,3.472839,7.060113102803738,7.060113102803738
7.14019,3.632741,7.066786177570093,7.066786177570093
7.14019,3.683683,7.073459252336448,7.073459252336448
7.14019,3.960578,7.080132327102803,7.080132327102803
7.14019,4.144676,7.086805401869158,7.086805401869158
7.14019,4.237501,7.093478476635514,7.093478476635514
7.14019,4.303092,7.100151551401869,7.100151551401869
7.14019,4.78545,7.106824626168224,7.106824626168224
7.14019,4.945203,7.113497700934579,7.113497700934579
7.14019,5.031617,7.120170775700934,7.120170775700934
7.14019,5.183249,7.12684385046729,7.12684385046729
7.14019,7.102229,7.133516925233645,7.133516925233645
7.14019,7.14019,7.14019,7.14019
