#Weibull aproximation vs Original set
#W(x), W(CDF) 
1e-08,0.000255526574838072
1.020960662306048e-08,0.0002582666906011388
1.042360673976401e-08,0.0002610361859076704
1.064209244064725e-08,0.0002638353756828637
1.086515774652537e-08,0.0002666645782255506
1.109289864895223e-08,0.0002695241152447236
1.132541315152813e-08,0.0002724143118959521
1.156280131207375e-08,0.0002753354968183519
1.180516528568806e-08,0.0002782880021714451
1.205260936870841e-08,0.0002812721636735738
1.230524004359262e-08,0.0002842883206392033
1.256316602474122e-08,0.0002873368160180023
1.28264983052806e-08,0.0002904179964333675
1.309535020482668e-08,0.0002935322122218365
1.336983741824945e-08,0.0002966798174729446
1.365007806546014e-08,0.0002998611700691933
1.393619274224144e-08,0.0003030766317266842
1.422830457214352e-08,0.0003063265680364191
1.452653925946781e-08,0.0003096113485051566
1.483102514336103e-08,0.0003129313465979333
1.514189325304352e-08,0.0003162869397800305
1.545927736419478e-08,0.0003196785095596066
1.578331405652117e-08,0.000323106441531773
1.61141427725302e-08,0.0003265711254212267
1.645190587753661e-08,0.0003300729551272141
1.679674872092653e-08,0.0003336123287679404
1.714881969870541e-08,0.0003371896487254222
1.750827031735723e-08,0.0003408053216915619
1.787525525904235e-08,0.0003444597587141107
1.824993244816151e-08,0.0003481533752428545
1.86324631193156e-08,0.0003518865911773528
1.902301188668946e-08,0.0003556598309140124
1.942174681489025e-08,0.0003594735233942714
1.982883949127072e-08,0.0003633281021535595
2.024446509976802e-08,0.0003672240053699261
2.066880249629082e-08,0.0003711616759138892
2.110203428568597e-08,0.0003751415613990616
2.154434690031882e-08,0.0003791641142317781
2.199593068030075e-08,0.0003832297916637195
2.245697995539776e-08,0.0003873390558423173
2.292769312865649e-08,0.0003914923738643772
2.340827276178294e-08,0.0003956902178280375
2.389892566231048e-08,0.0003999330648868371
2.43998629725955e-08,0.0004042213973034503
2.491130026067791e-08,0.0004085557025043096
2.543345761304648e-08,0.0004129364731351171
2.596655972934873e-08,0.0004173642071160222
2.651083601908536e-08,0.0004218394076987986
2.706652070033241e-08,0.0004263625835232432
2.763385290053173e-08,0.0004309342486750189
2.821307675939471e-08,0.0004355549227434974
2.880444153396298e-08,0.0004402251308813776
2.940820170587061e-08,0.000444945403863195
3.002461709085549e-08,0.0004497162781460506
3.06539529505653e-08,0.0004545382959301181
3.12964801067075e-08,0.000459412005219928
3.195247505759214e-08,0.0004643379598866515
3.262222009711667e-08,0.0004693167197304948
3.330600343624589e-08,0.0004743488505442039
3.40041193270371e-08,0.0004794349241772355
3.471686818926559e-08,0.0004845755186000389
3.544455673970436e-08,0.0004897712179698921
3.618749812411276e-08,0.0004950226126966273
3.694601205199302e-08,0.0005003302995100212
3.772042493417001e-08,0.0005056948815264084
3.851107002325569e-08,0.0005111169683176264
3.93182875570577e-08,0.0005165971759798493
4.014242490499318e-08,0.0005221361272028657
4.098383671757262e-08,0.000527734451341022
4.184288507901584e-08,0.0005333927844841657
4.271993966306777e-08,0.0005391117695294767
4.361537789208006e-08,0.000544892056254298
4.45295850994266e-08,0.0005507343013896326
4.546295469532399e-08,0.0005566391686941952
4.641588833612782e-08,0.0005626073290296851
4.738879609717651e-08,0.0005686394604366152
4.838209664925958e-08,0.0005747362482108054
4.939621743878326e-08,0.0005808983849806548
5.043159487171359e-08,0.0005871265707861895
5.148867450137498e-08,0.0005934215131571108
5.256791122018419e-08,0.0005997839271936201
5.366976945540476e-08,0.0006062145356469095
5.479472336900293e-08,0.0006127140690005417
5.594325706169378e-08,0.0006192832655536051
5.711586478126435e-08,0.0006259228715033149
5.831305113526219e-08,0.0006326336410301669
5.95353313081437e-08,0.0006394163363823147
6.078323128297236e-08,0.0006462717279624997
6.2057288067765e-08,0.0006532005944140939
6.335804992658255e-08,0.0006602037227099178
6.46860766154632e-08,0.0006672819082405024
6.604193962330306e-08,0.000674435954904018
6.742622241778349e-08,0.0006816666751974232
6.883952069645497e-08,0.0006889748903076143
7.028244264308353e-08,0.0006963614302043508
7.175560918936921e-08,0.0007038271337340696
7.32596542821523e-08,0.0007113728487144755
7.479522515621828e-08,0.0007189994320300208
7.636298261282242e-08,0.0007267077497286056
7.796360130405237e-08,0.0007344986771199435
7.959777002314978e-08,0.0007423730988730393
8.126619200091946e-08,0.000750331909117441
8.296958520834915e-08,0.0007583760115429383
8.470868266557402e-08,0.0007665063195020361
8.648423275731727e-08,0.0007747237561127607
8.829699955494083e-08,0.0007830292543627992
9.014776314524918e-08,0.0007914237572150817
9.20373199661823e-08,0.0007999082177131411
9.396648314954691e-08,0.0008084835990894712
9.593608287093146e-08,0.0008171508748736622
9.794696670695386e-08,0.0008259110290023131
1e-07,0.0008347650559296094
1.020960662306048e-07,0.0008437139607396782
1.042360673976401e-07,0.0008527587592596086
1.064209244064725e-07,0.000861900478174138
1.086515774652537e-07,0.0008711401551410036
1.109289864895223e-07,0.000880478838908072
1.132541315152813e-07,0.0008899175894313549
1.156280131207375e-07,0.0008994574779941367
1.180516528568806e-07,0.0009090995873279883
1.205260936870841e-07,0.0009188450117345592
1.230524004359261e-07,0.0009286948572082565
1.256316602474121e-07,0.0009386502415615894
1.28264983052806e-07,0.0009487122945501802
1.309535020482668e-07,0.0009588821580004403
1.336983741824945e-07,0.0009691609859375783
1.365007806546014e-07,0.0009795499447159406
1.393619274224144e-07,0.0009900502131495736
1.422830457214352e-07,0.001000662982645562
1.452653925946781e-07,0.001011389457337364
1.483102514336103e-07,0.001022230854220263
1.514189325304352e-07,0.001033188403288698
1.545927736419479e-07,0.001044263347673935
1.578331405652117e-07,0.001055456943784172
1.61141427725302e-07,0.001066770461445765
1.645190587753661e-07,0.001078205184045222
1.679674872092653e-07,0.001089762408674533
1.714881969870541e-07,0.00110144344627594
1.750827031735723e-07,0.001113249621789492
1.787525525904236e-07,0.001125182274302028
1.824993244816151e-07,0.001137242757197066
1.86324631193156e-07,0.001149432438307341
1.902301188668946e-07,0.001161752700067908
1.942174681489024e-07,0.001174204939671464
1.982883949127071e-07,0.001186790569224994
2.024446509976802e-07,0.00119951101590865
2.066880249629082e-07,0.001212367722135288
2.110203428568597e-07,0.00122536214571245
2.154434690031882e-07,0.001238495760006231
2.199593068030075e-07,0.001251770054106038
2.245697995539772e-07,0.001265186532991458
2.292769312865649e-07,0.001278746717701673
2.340827276178294e-07,0.001292452145504996
2.389892566231048e-07,0.001306304370071953
2.43998629725955e-07,0.001320304961648699
2.491130026067786e-07,0.001334455507233545
2.543345761304648e-07,0.001348757610754037
2.596655972934872e-07,0.001363212893247256
2.651083601908536e-07,0.001377822993040789
2.706652070033241e-07,0.001392589565936353
2.763385290053167e-07,0.001407514285395206
2.82130767593947e-07,0.00142259884272522
2.880444153396298e-07,0.001437844947270062
2.940820170587061e-07,0.001453254326600817
3.002461709085549e-07,0.001468828726708726
3.065395295056524e-07,0.001484569912200695
3.12964801067075e-07,0.001500479666496468
3.195247505759214e-07,0.001516559792028249
3.262222009711673e-07,0.001532812110441539
3.330600343624589e-07,0.001549238462799418
3.400411932703703e-07,0.001565840709787603
3.471686818926559e-07,0.001582620731922724
3.544455673970435e-07,0.001599580429761827
3.618749812411284e-07,0.001616721724115089
3.694601205199302e-07,0.001634046556259983
3.772042493416994e-07,0.001651556888157879
3.851107002325569e-07,0.001669254702672873
3.93182875570577e-07,0.001687142003793274
4.014242490499326e-07,0.001705220816854869
4.098383671757261e-07,0.001723493188766856
4.184288507901585e-07,0.001741961188239882
4.271993966306776e-07,0.00176062690601686
4.361537789208006e-07,0.001779492455105669
4.45295850994266e-07,0.001798559971014746
4.5462954695324e-07,0.001817831611990894
4.641588833612782e-07,0.001837309559259537
4.738879609717651e-07,0.001856996017267409
4.838209664925957e-07,0.001876893213928366
4.939621743878326e-07,0.001897003400870845
5.043159487171359e-07,0.001917328853688449
5.148867450137498e-07,0.001937871872193186
5.25679112201842e-07,0.001958634780670931
5.366976945540476e-07,0.001979619928140108
5.479472336900293e-07,0.002000829688612482
5.594325706169378e-07,0.002022266461356947
5.711586478126435e-07,0.002043932671166093
5.831305113526218e-07,0.002065830768625543
5.95353313081437e-07,0.002087963230385959
6.078323128297237e-07,0.002110332559437711
6.205728806776501e-07,0.002132941285388879
6.335804992658255e-07,0.00215579196474569
6.468607661546321e-07,0.002178887181196076
6.604193962330305e-07,0.002202229545896106
6.742622241778349e-07,0.002225821697759423
6.883952069645496e-07,0.002249666303749343
7.028244264308353e-07,0.002273766059174731
7.175560918936921e-07,0.002298123687988318
7.32596542821523e-07,0.002322741943087903
7.479522515621828e-07,0.002347623606621552
7.636298261282241e-07,0.002372771490294801
7.796360130405236e-07,0.00239818843568218
7.959777002314978e-07,0.00242387731454119
8.126619200091945e-07,0.002449841029129596
8.296958520834915e-07,0.002476082512526179
8.470868266557403e-07,0.002502604728954916
8.648423275731727e-07,0.002529410674111943
8.829699955494083e-07,0.002556503375496622
9.014776314524917e-07,0.002583885892745386
9.20373199661823e-07,0.002611561317969469
9.396648314954691e-07,0.002639532776095521
9.593608287093148e-07,0.002667803425210447
9.794696670695385e-07,0.002696376456909455
1e-06,0.002725255096647228
1.020960662306047e-06,0.002754442604093743
1.042360673976401e-06,0.002783942273492546
1.064209244064725e-06,0.002813757434023456
1.086515774652537e-06,0.002843891450168834
1.109289864895223e-06,0.002874347722083836
1.132541315152813e-06,0.002905129685969454
1.156280131207375e-06,0.002936240814450541
1.180516528568805e-06,0.002967684616957511
1.205260936870841e-06,0.002999464640110805
1.230524004359262e-06,0.003031584468111137
1.256316602474121e-06,0.003064047723131846
1.28264983052806e-06,0.003096858065716801
1.309535020482668e-06,0.003130019195181077
1.336983741824945e-06,0.003163534850016858
1.365007806546014e-06,0.003197408808302327
1.393619274224143e-06,0.003231644888115892
1.422830457214352e-06,0.003266246947953522
1.452653925946781e-06,0.003301218887151292
1.483102514336103e-06,0.003336564646311269
1.514189325304352e-06,0.003372288207732499
1.545927736419479e-06,0.003408393595845882
1.57833140565212e-06,0.003444884877653931
1.61141427725302e-06,0.003481766163174305
1.645190587753661e-06,0.003519041605888451
1.679674872092653e-06,0.003556715403194244
1.714881969870541e-06,0.003594791796863839
1.750827031735727e-06,0.003633275073505637
1.787525525904235e-06,0.003672169565030692
1.82499324481615e-06,0.003711479649125105
1.86324631193156e-06,0.003751209749725093
1.902301188668946e-06,0.003791364337498937
1.942174681489028e-06,0.003831947930332258
1.982883949127071e-06,0.003872965093819292
2.024446509976802e-06,0.003914420441757827
2.066880249629082e-06,0.00395631863665058
2.110203428568597e-06,0.00399866439021046
2.154434690031886e-06,0.004041462463871159
2.199593068030075e-06,0.004084717669303295
2.245697995539772e-06,0.004128434868935438
2.292769312865649e-06,0.004172618976480025
2.340827276178294e-06,0.004217274957464934
2.389892566231052e-06,0.004262407829770165
2.43998629725955e-06,0.004308022664170408
2.491130026067786e-06,0.004354124584881935
2.543345761304648e-06,0.004400718770115608
2.596655972934872e-06,0.00444781045263587
2.651083601908542e-06,0.004495404920324297
2.706652070033241e-06,0.004543507516749368
2.763385290053167e-06,0.00459212364174133
2.821307675939471e-06,0.004641258751973854
2.880444153396298e-06,0.004690918361550334
2.940820170587067e-06,0.004741108042595976
3.002461709085549e-06,0.004791833425857095
3.065395295056524e-06,0.004843100201304518
3.129648010670751e-06,0.004894914118744209
3.195247505759214e-06,0.004947280988433445
3.262222009711673e-06,0.00500020668170309
3.330600343624589e-06,0.005053697131585877
3.400411932703702e-06,0.00510775833345134
3.47168681892656e-06,0.00516239634564597
3.544455673970436e-06,0.00521761729014103
3.618749812411284e-06,0.005273427353185589
3.694601205199302e-06,0.005329832785966215
3.772042493416993e-06,0.005386839905273555
3.851107002325569e-06,0.005444455094174905
3.93182875570577e-06,0.005502684802693447
4.014242490499326e-06,0.005561535548494367
4.098383671757261e-06,0.005621013917577078
4.184288507901576e-06,0.005681126564974992
4.271993966306777e-06,0.005741880215461403
4.361537789208005e-06,0.005803281664262361
4.45295850994266e-06,0.005865337777776536
4.5462954695324e-06,0.005928055494302198
4.641588833612773e-06,0.005991441824770738
4.738879609717651e-06,0.006055503853487632
4.838209664925957e-06,0.006120248738880618
4.939621743878326e-06,0.006185683714254875
5.043159487171359e-06,0.006251816088555295
5.148867450137487e-06,0.006318653247136208
5.25679112201842e-06,0.006386202652538864
5.366976945540476e-06,0.006454471845275811
5.479472336900293e-06,0.006523468444622926
5.594325706169378e-06,0.006593200149418998
5.711586478126423e-06,0.006663674738872971
5.831305113526219e-06,0.006734900073379069
5.95353313081437e-06,0.00680688409533925
6.078323128297237e-06,0.006879634829993431
6.205728806776501e-06,0.006953160386258372
6.335804992658241e-06,0.007027468957573224
6.468607661546321e-06,0.007102568822754396
6.604193962330305e-06,0.007178468346857092
6.742622241778349e-06,0.00725517598204628
6.883952069645496e-06,0.007332700268475101
7.028244264308338e-06,0.007411049835171268
7.175560918936921e-06,0.007490233400932689
7.32596542821523e-06,0.007570259775230515
7.479522515621829e-06,0.007651137859121193
7.636298261282242e-06,0.007732876646166509
7.796360130405221e-06,0.007815485223363172
7.959777002314978e-06,0.007898972772079405
8.126619200091945e-06,0.007983348569001958
8.296958520834915e-06,0.008068621987090796
8.470868266557402e-06,0.008154802496542435
8.648423275731709e-06,0.008241899665763275
8.829699955494083e-06,0.008329923162350705
9.014776314524917e-06,0.008418882754083867
9.20373199661823e-06,0.008508788309923188
9.396648314954691e-06,0.008599649801019127
9.593608287093147e-06,0.008691477301730588
9.794696670695386e-06,0.008784280990651205
1e-05,0.008878071151647071
1.020960662306048e-05,0.008972858174901566
1.042360673976401e-05,0.009068652557971624
1.064209244064725e-05,0.009165464906852105
1.086515774652537e-05,0.009263305937050603
1.109289864895223e-05,0.009362186474671352
1.132541315152813e-05,0.009462117457509245
1.156280131207375e-05,0.00956310993615328
1.180516528568806e-05,0.009665175075100341
1.205260936870841e-05,0.009768324153878072
1.230524004359262e-05,0.009872568568178863
1.256316602474121e-05,0.009977919831002269
1.28264983052806e-05,0.01008438957380953
1.309535020482668e-05,0.01019198954768641
1.336983741824945e-05,0.01030073162451717
1.365007806546014e-05,0.01041062779816859
1.393619274224143e-05,0.01052169018568494
1.422830457214352e-05,0.01063393102849186
1.452653925946781e-05,0.01074736269361243
1.483102514336103e-05,0.01086199767489249
1.514189325304352e-05,0.01097784859423745
1.545927736419479e-05,0.01109492820285884
1.578331405652116e-05,0.01121324938253243
1.61141427725302e-05,0.0113328251468664
1.645190587753661e-05,0.01145366864258091
1.679674872092653e-05,0.01157579315079804
1.714881969870541e-05,0.0116992120883429
1.750827031735727e-05,0.01182393900905621
1.787525525904236e-05,0.01194998760511656
1.82499324481615e-05,0.01207737170837531
1.86324631193156e-05,0.01220610529170196
1.902301188668946e-05,0.01233620247034051
1.942174681489028e-05,0.01246767750327704
1.982883949127071e-05,0.01260054479461958
2.024446509976802e-05,0.01273481889498818
2.066880249629082e-05,0.0128705145029171
2.110203428568597e-05,0.01300764646626762
2.154434690031887e-05,0.01314622978365398
2.199593068030075e-05,0.0132862796058788
2.245697995539772e-05,0.0134278112373819
2.292769312865649e-05,0.01357084013769994
2.340827276178294e-05,0.0137153819229372
2.389892566231053e-05,0.01386145236724967
2.43998629725955e-05,0.01400906740433938
2.491130026067786e-05,0.01415824312896141
2.543345761304648e-05,0.01430899579844247
2.596655972934872e-05,0.01446134183421144
2.651083601908542e-05,0.0146152978233417
2.706652070033241e-05,0.01477088052010589
2.763385290053167e-05,0.01492810684754187
2.821307675939471e-05,0.01508699389903145
2.880444153396298e-05,0.01524755893989127
2.940820170587067e-05,0.01540981940897468
3.002461709085549e-05,0.01557379292028704
3.065395295056524e-05,0.01573949726461232
3.12964801067075e-05,0.01590695041115242
3.195247505759214e-05,0.01607617050917831
3.262222009711673e-05,0.01624717588969338
3.330600343624589e-05,0.01641998506710918
3.400411932703703e-05,0.01659461674093343
3.471686818926559e-05,0.01677108979747022
3.544455673970435e-05,0.01694942331153226
3.618749812411284e-05,0.01712963654816602
3.694601205199302e-05,0.01731174896438803
3.772042493416993e-05,0.01749578021093501
3.851107002325569e-05,0.01768175013402495
3.93182875570577e-05,0.01786967877713086
4.014242490499326e-05,0.01805958638276717
4.098383671757261e-05,0.01825149339428833
4.184288507901576e-05,0.01844542045769904
4.271993966306776e-05,0.01864138842347729
4.361537789208006e-05,0.01883941834840996
4.45295850994266e-05,0.01903953149743942
4.5462954695324e-05,0.01924174934552381
4.641588833612772e-05,0.01944609357950833
4.738879609717651e-05,0.01965258610000975
4.838209664925957e-05,0.01986124902331132
4.939621743878326e-05,0.02007210468327181
5.043159487171359e-05,0.02028517563324517
5.148867450137487e-05,0.02050048464801291
5.256791122018419e-05,0.02071805472572763
5.366976945540476e-05,0.02093790908986937
5.479472336900293e-05,0.02116007119121333
5.594325706169377e-05,0.0213845647098091
5.711586478126424e-05,0.02161141355697238
5.831305113526218e-05,0.02184064187728751
5.95353313081437e-05,0.02207227405062195
6.078323128297237e-05,0.02230633469415244
6.2057288067765e-05,0.02254284866440237
6.335804992658241e-05,0.02278184105929049
6.468607661546321e-05,0.02302333722019045
6.604193962330305e-05,0.02326736273400265
6.742622241778349e-05,0.02351394343523572
6.883952069645496e-05,0.02376310540809989
7.028244264308338e-05,0.02401487498861066
7.175560918936922e-05,0.02426927876670371
7.32596542821523e-05,0.02452634358835959
7.479522515621829e-05,0.02478609655773967
7.636298261282242e-05,0.02504856503933184
7.79636013040522e-05,0.02531377666010681
7.959777002314978e-05,0.02558175931168372
8.126619200091945e-05,0.02585254115250657
8.296958520834916e-05,0.02612615061002954
8.470868266557403e-05,0.02640261638291197
8.648423275731709e-05,0.02668196744322326
8.829699955494083e-05,0.02696423303865658
9.014776314524917e-05,0.02724944269475071
9.203731996618231e-05,0.0275376262171223
9.39664831495469e-05,0.02782881369370549
9.593608287093147e-05,0.02812303549700002
9.794696670695385e-05,0.02842032228632807
0.0001,0.02872070501009838
0.0001020960662306048,0.02902421490807794
0.0001042360673976401,0.02933088351367197
0.0001064209244064725,0.02964074265621019
0.0001086515774652537,0.02995382446324002
0.0001109289864895223,0.03027016136282701
0.0001132541315152813,0.03058978608586094
0.0001156280131207375,0.03091273166836817
0.0001180516528568806,0.03123903145383011
0.0001205260936870841,0.03156871909550607
0.0001230524004359262,0.03190182855876256
0.0001256316602474122,0.03223839412340623
0.000128264983052806,0.03257845038602158
0.0001309535020482668,0.03292203226231272
0.0001336983741824945,0.03326917498944892
0.0001365007806546014,0.03361991412841348
0.0001393619274224143,0.03397428556635496
0.0001422830457214352,0.03433232551894128
0.0001452653925946781,0.03469407053271645
0.0001483102514336103,0.03505955748745759
0.0001514189325304352,0.0354288235985345
0.0001545927736419478,0.03580190641926906
0.0001578331405652116,0.03617884384329551
0.000161141427725302,0.03655967410691996
0.0001645190587753661,0.03694443579147955
0.0001679674872092653,0.03733316782570051
0.0001714881969870541,0.03772590948805388
0.0001750827031735723,0.03812270040910948
0.0001787525525904235,0.03852358057388694
0.0001824993244816151,0.03892859032420326
0.000186324631193156,0.03933777036101593
0.0001902301188668946,0.03975116174676241
0.0001942174681489025,0.04016880590769323
0.0001982883949127071,0.04059074463620005
0.0002024446509976802,0.04101702009313712
0.0002066880249629082,0.041447674810135
0.0002110203428568597,0.04188275169190658
0.0002154434690031882,0.04232229401854515
0.0002199593068030075,0.04276634544781233
0.0002245697995539772,0.04321495001741615
0.0002292769312865649,0.0436681521472787
0.0002340827276178294,0.04412599664179162
0.0002389892566231048,0.0445885286920592
0.000243998629725955,0.04505579387812897
0.0002491130026067791,0.04552783817120687
0.0002543345761304648,0.04600470793585909
0.0002596655972934873,0.04648644993219642
0.0002651083601908536,0.04697311131804327
0.0002706652070033241,0.04746473965108788
0.0002763385290053172,0.04796138289101459
0.0002821307675939471,0.04846308940161603
0.0002880444153396298,0.04896990795288536
0.000294082017058706,0.04948188772308582
0.0003002461709085549,0.04999907830079875
0.000306539529505653,0.0505215296869469
0.000312964801067075,0.05104929229679311
0.0003195247505759214,0.05158241696191357
0.0003262222009711667,0.05212095493214297
0.0003330600343624589,0.05266495787749226
0.000340041193270371,0.05321447789003597
0.000347168681892656,0.05376956748576955
0.0003544455673970436,0.05433027960643422
0.0003618749812411277,0.05489666762130896
0.0003694601205199302,0.05546878532896682
0.0003772042493417001,0.05604668695899695
0.0003851107002325569,0.05663042717368738
0.000393182875570577,0.0572200610696707
0.0004014242490499318,0.05781564417952811
0.0004098383671757261,0.05841723247335329
0.0004184288507901585,0.05902488236027148
0.0004271993966306776,0.05963865068991536
0.0004361537789208006,0.06025859475385342
0.0004452958509942651,0.06088477228697131
0.0004546295469532399,0.06151724146880333
0.0004641588833612782,0.06215606092481285
0.0004738879609717651,0.06280128972761956
0.0004838209664925957,0.06345298739817273
0.0004939621743878316,0.06411121390686714
0.0005043159487171359,0.06477602967460228
0.0005148867450137498,0.06544749557377971
0.0005256791122018419,0.06612567292923965
0.0005366976945540476,0.06681062351913392
0.0005479472336900282,0.06750240957573195
0.0005594325706169377,0.06820109378616024
0.0005711586478126435,0.06890673929307078
0.0005831305113526219,0.06961940969523861
0.000595353313081437,0.0703391690480849
0.0006078323128297224,0.07106608186412311
0.0006205728806776501,0.07180021311332829
0.0006335804992658254,0.07254162822342436
0.0006468607661546321,0.07329039308008878
0.0006604193962330305,0.07404657402707271
0.0006742622241778335,0.0748102378662322
0.0006883952069645496,0.07558145185747078
0.0007028244264308353,0.07636028371858783
0.0007175560918936921,0.07714680162503373
0.000732596542821523,0.07794107420956609
0.0007479522515621828,0.07874317056180613
0.0007636298261282241,0.07955316022769265
0.0007796360130405237,0.08037111320883017
0.0007959777002314978,0.08119709996172808
0.0008126619200091946,0.08203119139693005
0.0008296958520834915,0.08287345887802888
0.0008470868266557402,0.08372397422056388
0.0008648423275731727,0.08458280969080001
0.0008829699955494083,0.08545003800438267
0.0009014776314524918,0.08632573232486829
0.000920373199661823,0.08720996626212452
0.000939664831495469,0.08810281387059937
0.0009593608287093146,0.08900434964745552
0.0009794696670695387,0.08991464853056486
0.001,0.09083378589636271
0.001020960662306047,0.09176183755755551
0.001042360673976401,0.09269887976068181
0.001064209244064725,0.09364498918351949
0.001086515774652537,0.09460024293233849
0.001109289864895223,0.09556471853899495
0.001132541315152813,0.0965384939578614
0.001156280131207375,0.09752164756259107
0.001180516528568806,0.09851425814271386
0.001205260936870841,0.09951640490005487
0.001230524004359262,0.1005281674449795
0.001256316602474122,0.101549625792453
0.00128264983052806,0.1025808603579175
0.001309535020482668,0.1036219519529777
0.001336983741824945,0.1046729817808938
0.001365007806546014,0.1057340314318765
0.001393619274224143,0.1068051828781795
0.001422830457214352,0.1078865184689868
0.001452653925946781,0.1089781209250893
0.001483102514336103,0.1100800733333457
0.001514189325304352,0.1111924591409259
0.001545927736419478,0.1123153621493289
0.001578331405652117,0.113448866508174
0.00161141427725302,0.1145930567087587
0.001645190587753661,0.115748017577379
0.001679674872092653,0.1169138342684082
0.001714881969870541,0.1180905922571284
0.001750827031735723,0.1192783773323109
0.001787525525904235,0.1204772755885403
0.00182499324481615,0.1216873734182763
0.00186324631193156,0.1229087575036512
0.001902301188668946,0.1241415148079934
0.001942174681489024,0.1253857325670779
0.001982883949127072,0.1266414982800926
0.002024446509976802,0.1279088997003196
0.002066880249629082,0.1291880248255246
0.002110203428568597,0.1304789618880485
0.002154434690031882,0.131781799344598
0.002199593068030075,0.1330966258657279
0.002245697995539772,0.1344235303250098
0.002292769312865649,0.1357626017878837
0.002340827276178294,0.1371139295001852
0.002389892566231048,0.1384776028763421
0.00243998629725955,0.1398537114872389
0.002491130026067791,0.1412423450477371
0.002543345761304648,0.1426435934038525
0.002596655972934872,0.1440575465195788
0.002651083601908536,0.1454842944633548
0.002706652070033241,0.1469239273941677
0.002763385290053173,0.1483765355472872
0.002821307675939471,0.1498422092196259
0.002880444153396298,0.1513210387547183
0.002940820170587061,0.1528131145273131
0.003002461709085549,0.1543185269275749
0.00306539529505653,0.1558373663448858
0.00312964801067075,0.1573697231512439
0.003195247505759214,0.1589156876842532
0.003262222009711667,0.1604753502296951
0.003330600343624588,0.1620488010036808
0.00340041193270371,0.1636361301343748
0.003471686818926559,0.1652374276432849
0.003544455673970436,0.166852783426114
0.003618749812411277,0.1684822872331654
0.003694601205199302,0.1701260286492976
0.003772042493417001,0.1717840970734221
0.003851107002325569,0.1734565816975384
0.003931828755705771,0.1751435714853004
0.004014242490499318,0.1768451551501077
0.004098383671757262,0.1785614211327187
0.004184288507901585,0.1802924575783748
0.004271993966306777,0.1820383523134358
0.004361537789208006,0.183799192821517
0.004452958509942651,0.1855750662191227
0.0045462954695324,0.1873660592307734
0.004641588833612782,0.189172258163617
0.004738879609717651,0.1909937488815227
0.004838209664925958,0.1928306167786497
0.004939621743878316,0.1946829467524855
0.005043159487171359,0.1965508231763521
0.005148867450137497,0.1984343298713679
0.005256791122018419,0.2003335500778689
0.005366976945540477,0.2022485664262791
0.005479472336900281,0.2041794609074247
0.005594325706169377,0.2061263148422922
0.005711586478126435,0.2080892088512212
0.005831305113526219,0.2100682228225293
0.00595353313081437,0.2120634358805679
0.006078323128297224,0.2140749263531972
0.0062057288067765,0.2161027717386866
0.006335804992658254,0.2181470486720276
0.006468607661546321,0.2202078328906617
0.006604193962330305,0.2222851991996184
0.006742622241778335,0.2243792214360576
0.006883952069645496,0.2264899724332184
0.007028244264308352,0.2286175239837663
0.007175560918936921,0.2307619468025408
0.00732596542821523,0.2329233104886991
0.007479522515621813,0.2351016834872526
0.007636298261282242,0.2372971330499986
0.007796360130405237,0.2395097251958404
0.007959777002314978,0.2417395246704998
0.008126619200091946,0.2439865949056185
0.008296958520834915,0.2462509979772465
0.008470868266557402,0.2485327945637209
0.008648423275731726,0.2508320439029335
0.008829699955494083,0.253148803748985
0.009014776314524917,0.2554831303282329
0.00920373199661823,0.2578350782947272
0.009396648314954691,0.2602047006850406
0.009593608287093146,0.2625920488724943
0.009794696670695385,0.2649971725207783
0.01,0.2674201195369748
0.01020960662306048,0.2698609360239821
0.01042360673976401,0.2723196662323483
0.01064209244064725,0.2747963525115151
0.01086515774652537,0.2772910352604768
0.01109289864895223,0.2798037528778624
0.01132541315152813,0.2823345417114432
0.01156280131207375,0.284883436007075
0.01180516528568806,0.2874504678570801
0.01205260936870841,0.2900356671480759
0.01230524004359262,0.2926390615082618
0.01256316602474121,0.2952606762541671
0.0128264983052806,0.2979005343368744
0.01309535020482668,0.3005586562877274
0.01336983741824945,0.3032350601635291
0.01365007806546014,0.3059297614912498
0.01393619274224144,0.3086427732122483
0.01422830457214352,0.3113741056260243
0.01452653925946781,0.3141237663335157
0.01483102514336103,0.3168917601799491
0.01514189325304352,0.3196780891972673
0.01545927736419479,0.3224827525461393
0.01578331405652117,0.325305746457579
0.0161141427725302,0.3281470641741836
0.01645190587753661,0.3310066958910105
0.01679674872092653,0.3338846286961152
0.01714881969870541,0.3367808465107658
0.01750827031735723,0.3396953300293573
0.01787525525904235,0.3426280566590482
0.0182499324481615,0.3455790004591379
0.0186324631193156,0.3485481320802147
0.01902301188668946,0.3515354187030916
0.01942174681489025,0.3545408239775624
0.01982883949127071,0.3575643079610009
0.02024446509976802,0.3606058270568299
0.02066880249629082,0.3636653339528919
0.02110203428568597,0.366742777559748
0.02154434690031882,0.3698381029489376
0.02199593068030075,0.3729512512912311
0.02245697995539772,0.3760821597949048
0.02292769312865649,0.3792307616440789
0.02340827276178294,0.3823969859371454
0.02389892566231048,0.3855807576253298
0.0243998629725955,0.3887819974514198
0.02491130026067786,0.3920006218886989
0.02543345761304648,0.3952365430801303
0.02596655972934872,0.3984896687778245
0.02651083601908536,0.4017599022828388
0.02706652070033241,0.4050471423853509
0.02763385290053173,0.4083512833052482
0.02821307675939471,0.4116722146331823
0.02880444153396298,0.4150098212721367
0.02940820170587061,0.4183639833795498
0.03002461709085549,0.4217345763100526
0.0306539529505653,0.4251214705588613
0.03129648010670751,0.428524531705887
0.03195247505759213,0.4319436203606104
0.03262222009711666,0.4353785921077749
0.03330600343624589,0.4388292974539612
0.0340041193270371,0.4422955817750913
0.03471686818926559,0.4457772852649294
0.03544455673970436,0.4492742428846342
0.03618749812411277,0.4527862843134229
0.03694601205199302,0.4563132339004151
0.03772042493417001,0.4598549106177128
0.03851107002325569,0.463411128014786
0.0393182875570577,0.4669816941742314
0.04014242490499318,0.470566411668962
0.04098383671757262,0.47416507752091
0.04184288507901585,0.4777774831612982
0.04271993966306777,0.4814034143925614
0.04361537789208006,0.4850426513519844
0.04452958509942651,0.4886949684771268
0.04546295469532399,0.4923601344731166
0.04641588833612782,0.4960379122818771
0.04738879609717651,0.4997280590533711
0.04838209664925957,0.5034303261189365
0.04939621743878315,0.5071444589667848
0.05043159487171359,0.5108701972197531
0.05148867450137497,0.5146072746153763
0.05256791122018419,0.5183554189883657
0.05366976945540476,0.5221143522555767
0.05479472336900281,0.5258837904035377
0.05594325706169378,0.529663443478634
0.05711586478126435,0.5334530155800166
0.05831305113526219,0.5372522048553281
0.0595353313081437,0.5410607034993251
0.06078323128297224,0.544878197755477
0.062057288067765,0.5487043679206322
0.06335804992658255,0.5525388883528268
0.0646860766154632,0.5563814274823267
0.06604193962330306,0.5602316478259827
0.06742622241778336,0.5640892060049806
0.06883952069645496,0.5679537527660765
0.07028244264308353,0.5718249330063901
0.07175560918936921,0.5757023858018464
0.0732596542821523,0.5795857444393462
0.07479522515621813,0.5834746364527406
0.07636298261282241,0.5873686836627003
0.07796360130405237,0.5912675022205477
0.07959777002314977,0.5951707026561391
0.08126619200091946,0.5990778899298719
0.08296958520834916,0.6029886634888872
0.08470868266557402,0.6069026173275514
0.08648423275731726,0.6108193400522841
0.08829699955494083,0.6147384149508022
0.09014776314524918,0.6186594200658559
0.09203731996618231,0.622581928273517
0.09396648314954691,0.6265055073660875
0.09593608287093147,0.6304297201396956
0.09794696670695385,0.6343541244866289
0.1,0.6382782734924748
0.1020960662306048,0.6422017155381119
0.1042360673976401,0.6461239944066126
0.1064209244064725,0.6500446493951022
0.1086515774652537,0.6539632154316153
0.1109289864895223,0.6578792231970017
0.1132541315152813,0.6617921992519076
0.1156280131207375,0.6657016661688766
0.1180516528568806,0.6696071426695949
0.1205260936870841,0.6735081437673038
0.1230524004359262,0.6774041809144107
0.1256316602474122,0.6812947621553025
0.128264983052806,0.6851793922843823
0.1309535020482668,0.6890575730093338
0.1336983741824945,0.6929288031196099
0.1365007806546014,0.6967925786601491
0.1393619274224144,0.7006483931103029
0.1422830457214352,0.7044957375679637
0.1452653925946781,0.7083341009388685
0.1483102514336103,0.7121629701310507
0.1514189325304352,0.7159818302544088
0.1545927736419478,0.7197901648253446
0.1578331405652116,0.7235874559764317
0.161141427725302,0.7273731846710529
0.1645190587753661,0.7311468309229461
0.1679674872092653,0.7349078740205945
0.1714881969870541,0.7386557927563752
0.1750827031735723,0.7423900656603918
0.1787525525904236,0.7461101712388944
0.182499324481615,0.7498155882171837
0.186324631193156,0.7535057957869001
0.1902301188668946,0.7571802738575718
0.1942174681489025,0.760838503312305
0.1982883949127071,0.7644799662674807
0.2024446509976802,0.7681041463363126
0.2066880249629082,0.7717105288961247
0.2110203428568597,0.7752986013591796
0.2154434690031882,0.7788678534468986
0.2199593068030075,0.7824177774672929
0.2245697995539772,0.785947868595418
0.2292769312865649,0.7894576251566645
0.2340827276178294,0.7929465489126737
0.2389892566231048,0.7964141453496709
0.243998629725955,0.7998599239689964
0.2491130026067786,0.8032833985795957
0.2543345761304648,0.8066840875922432
0.2596655972934873,0.8100615143152375
0.2651083601908536,0.8134152072513245
0.2706652070033241,0.8167447003955748
0.2763385290053172,0.8200495335339445
0.2821307675939471,0.8233292525422388
0.2880444153396298,0.8265834096851891
0.2940820170587061,0.8298115639153398
0.3002461709085549,0.833013281171449
0.306539529505653,0.8361881346760793
0.312964801067075,0.8393357052320664
0.3195247505759213,0.8424555815175354
0.3262222009711667,0.8455473603791268
0.3330600343624588,0.8486106471230996
0.340041193270371,0.8516450558039568
0.3471686818926559,0.8546502095102467
0.3544455673970436,0.8576257406471829
0.3618749812411277,0.8605712912157134
0.3694601205199303,0.863486513087685
0.3772042493417002,0.8663710682767188
0.3851107002325569,0.8692246292044354
0.393182875570577,0.8720468789616448
0.4014242490499318,0.8748375115641253
0.4098383671757261,0.8775962322026136
0.4184288507901585,0.8803227574866185
0.4271993966306777,0.8830168156816816
0.4361537789208006,0.8856781469397024
0.4452958509942651,0.8883065035219426
0.4546295469532399,0.8909016500143372
0.4641588833612782,0.8934633635347277
0.4738879609717651,0.8959914339316503
0.4838209664925957,0.8984856639743045
0.4939621743878316,0.9009458695333361
0.5043159487171359,0.9033718797520781
0.5148867450137498,0.9057635372078898
0.5256791122018419,0.908120698063251
0.5366976945540476,0.9104432322062702
0.5479472336900282,0.9127310233802733
0.5594325706169377,0.9149839693021571
0.5711586478126435,0.9172019817691885
0.5831305113526218,0.919384986753957
0.595353313081437,0.9215329244871866
0.6078323128297224,0.9236457495281347
0.62057288067765,0.9257234308223168
0.6335804992658254,0.9277659517463066
0.6468607661546321,0.929773310139386
0.6604193962330305,0.9317455183218248
0.6742622241778335,0.9336826030995928
0.6883952069645496,0.9355846057553282
0.7028244264308353,0.9374515820253944
0.7175560918936921,0.9392836020628892
0.732596542821523,0.941080750386483
0.7479522515621814,0.9428431258149819
0.7636298261282242,0.9445708413875427
0.7796360130405237,0.9462640242694776
0.7959777002314977,0.9479228156436197
0.8126619200091946,0.949547370587235
0.8296958520834898,0.9511378579344976
0.8470868266557402,0.9526944601245659
0.8648423275731727,0.9542173730353235
0.8829699955494082,0.9557068058028727
0.9014776314524917,0.9571629806268992
0.9203731996618231,0.9585861325620438
0.9396648314954691,0.9599765092954535
0.9593608287093147,0.9613343709107035
0.9794696670695385,0.9626599896383105
1,0.963953649593087
1.020960662306048,0.9652156464986078
1.042360673976403,0.9664462873990917
1.064209244064722,0.9676458903590248
1.086515774652537,0.9688147841508797
1.109289864895223,0.9699533079313067
1.132541315152813,0.9710618109062068
1.156280131207378,0.9721406519851128
1.180516528568803,0.9731901994253338
1.205260936870841,0.974210830466343
1.230524004359262,0.9752029309549074
1.256316602474121,0.9761668949614856
1.282649830528062,0.977103124388439
1.309535020482665,0.9780120285706221
1.336983741824945,0.9788940238689371
1.365007806546014,0.9797495332574576
1.393619274224144,0.9805789859047437
1.422830457214355,0.981382816749984
1.452653925946778,0.9821614660746201
1.483102514336103,0.9829153790701166
1.514189325304352,0.9836450054025555
1.545927736419479,0.9843507987747442
1.57833140565212,0.9850332164865323
1.611414277253017,0.9856927189940444
1.645190587753661,0.9863297694685365
1.679674872092653,0.9869448333555906
1.714881969870541,0.9875383779353655
1.750827031735727,0.9881108718846177
1.787525525904232,0.9886627848412094
1.824993244816151,0.9891945869718152
1.86324631193156,0.9897067485435318
1.902301188668946,0.9901997395000952
1.942174681489028,0.9906740290433912
1.982883949127067,0.9911300852209424
2.024446509976802,0.991568374520038
2.066880249629082,0.9919893614691597
2.110203428568596,0.9923935082473402
2.154434690031886,0.9927812743020734
2.19959306803007,0.993153115976375
2.245697995539772,0.9935094861455712
2.292769312865649,0.9938508338643689
2.340827276178294,0.9941776040247378
2.389892566231053,0.9944902370251077
2.439986297259545,0.9947891684513556
2.491130026067786,0.9950748287700292
2.543345761304648,0.9953476430342245
2.596655972934872,0.9956080306024988
2.651083601908542,0.9958564048711737
2.706652070033236,0.9960931730203445
2.763385290053167,0.9963187357738806
2.821307675939471,0.9965334871736643
2.880444153396298,0.9967378143682798
2.940820170587067,0.9969320974163306
3.002461709085543,0.997116709104521
3.065395295056524,0.9972920147806056
3.12964801067075,0.9974583722012704
3.195247505759214,0.9976161313949727
3.262222009711673,0.9977656345397302
3.330600343624582,0.9979072158558112
3.400411932703703,0.998041201513244
3.47168681892656,0.9981679095540247
3.544455673970436,0.998287649828869
3.618749812411284,0.9984007239483188
3.694601205199295,0.9985074252479801
3.772042493416994,0.9986080387676374
3.851107002325569,0.9987028412439559
3.93182875570577,0.9987921011164563
4.014242490499326,0.9988760785464139
4.098383671757253,0.9989550254483105
4.184288507901576,0.9990291855334378
4.271993966306777,0.9990987943652309
4.361537789208006,0.9991640794258845
4.45295850994266,0.9992252601937863
4.54629546953239,0.9992825482312825
4.641588833612772,0.9993361472822726
4.738879609717651,0.9993862533791181
4.838209664925957,0.9994330549583348
4.939621743878326,0.9994767329845285
5.043159487171349,0.9995174610820258
5.148867450137487,0.9995554056736424
5.256791122018419,0.9995907261260323
5.366976945540476,0.9996235749010501
5.479472336900293,0.9996540977125684
5.594325706169389,0.9996824336881834
5.711586478126423,0.9997087155352544
5.831305113526219,0.9997330697107207
5.95353313081437,0.9997556165941515
6.078323128297236,0.9997764706634912
6.205728806776513,0.9997957406729732
6.335804992658241,0.999813529832688
6.46860766154632,0.9998299359893039
6.604193962330306,0.9998450518074562
6.742622241778349,0.9998589649513336
6.883952069645511,0.9998717582660128
7.028244264308339,0.9998835099581059
7.175560918936921,0.9998942937753087
7.32596542821523,0.9999041791844583
7.479522515621829,0.9999132315477272
7.636298261282257,0.9999215122966063
7.796360130405221,0.9999290791033496
7.959777002314977,0.9999359860495771
8.126619200091946,0.9999422837917562
8.296958520834915,0.9999480197233033
8.470868266557419,0.9999532381330738
8.648423275731709,0.9999579803600286
8.829699955494084,0.9999622849438905
9.014776314524918,0.9999661877716277
9.203731996618231,0.9999697222196202
9.39664831495471,0.9999729192913916
9.593608287093128,0.9999758077508073
9.794696670695386,0.9999784142506609
10,0.9999807634565935
