#Weibull - Linearized data and linear fitting
#Linearized-data(x), Linearized-data(y), Aproximation(x), Aproximation(y)
-16.81124283151826,-6.281331438773772,-16.81124283151826,-7.444396442197316
-8.206038762779315,-5.587247489447664,-8.206038762779315,-3.019135618848384
-8.177155888630528,-5.180844146993106,-8.177155888630528,-3.004282484580405
-8.170063660321036,-4.892222369652448,-8.170063660321036,-3.000635277630106
-7.877974352881847,-4.668137637918614,-7.877974352881847,-2.85042717578794
-7.726465682517428,-4.484873420159731,-7.726465682517428,-2.77251323231773
-7.710717325549289,-4.32977859378123,-7.710717325549289,-2.76441457636878
-7.690827167070069,-4.195301563951497,-7.690827167070069,-2.754185982324387
-7.673473152376918,-4.076571395341428,-7.673473152376918,-2.7452616104285
-7.669181300295377,-3.970262245859923,-7.669181300295377,-2.74305450822333
-7.650092703732854,-3.87400192621318,-7.650092703732854,-2.733238120620424
-7.621105166859602,-3.78603889818622,-7.621105166859602,-2.718331163125181
-7.480456306466215,-3.705043023076654,-7.480456306466215,-2.646001920637066
-7.471630123837944,-3.629980361856582,-7.471630123837944,-2.641463020700166
-7.443898710732418,-3.560031274413329,-7.443898710732418,-2.627202029907652
-7.433694540558176,-3.494535005141643,-7.433694540558176,-2.621954494329629
-7.410282099933433,-3.432951097696983,-7.410282099933433,-2.609914552516739
-7.377758908227873,-3.374831855389766,-7.377758908227873,-2.593189370295003
-7.296363270023878,-3.319802257439383,-7.296363270023878,-2.551331335777943
-7.283176265741925,-3.267545032756041,-7.283176265741925,-2.544549865755837
-6.947536148993982,-3.170302309755074,-6.947536148993982,-2.37194558495967
-6.947536148993982,-3.170302309755074,-6.947536148993982,-2.37194558495967
-6.832647806495332,-3.124881923330443,-6.832647806495332,-2.312863792470201
-6.827097375964683,-3.081352109535831,-6.827097375964683,-2.310009461232522
-6.824333670843065,-3.039558334566327,-6.824333670843065,-2.308588214751406
-6.768863280115518,-2.999364254308579,-6.768863280115518,-2.280062343083328
-6.754176191053836,-2.96064896695366,-6.754176191053836,-2.272509448426267
-6.746487131386015,-2.92330476549989,-6.746487131386015,-2.268555318548044
-6.709724428483002,-2.887235284820628,-6.709724428483002,-2.249649950631423
-6.451597056558454,-2.852353962986283,-6.451597056558454,-2.116906910804929
-6.354445043609991,-2.81858275497686,-6.354445043609991,-2.066946097165175
-6.259082588524021,-2.78585105067922,-6.259082588524021,-2.017905570858149
-6.246614894557278,-2.754094759431912,-6.246614894557278,-2.01149400906045
-6.143218102335519,-2.723255531271074,-6.143218102335519,-1.958321792547757
-6.086654734111731,-2.693280091090466,-6.086654734111731,-1.92923385280363
-6.056323119456478,-2.664119666621878,-6.056323119456478,-1.913635697899853
-6.016577247923057,-2.635729494806022,-6.016577247923057,-1.893196223509505
-6.015347487571314,-2.608068394005721,-6.015347487571314,-1.892563814299542
-5.986278020420682,-2.581098391795882,-5.986278020420682,-1.877614723829434
-5.966186739923714,-2.554784399884796,-5.966186739923714,-1.867282701978013
-5.948788272827546,-2.529093929181629,-5.948788272827546,-1.85833547025498
-5.948405057647535,-2.503996839203732,-5.948405057647535,-1.858138400306439
-5.847883818630458,-2.479465116974092,-5.847883818630458,-1.806444948601701
-5.844770167957178,-2.455472681339975,-5.844770167957178,-1.804843741212313
-5.827306960941699,-2.43199520928411,-5.827306960941699,-1.795863216725233
-5.822903905564065,-2.409009981327392,-5.822903905564065,-1.793598927777517
-5.818183734966176,-2.386495743558994,-5.818183734966176,-1.79117156105158
-5.794582838982698,-2.364432584193003,-5.794582838982698,-1.779034705312036
-5.794254377820277,-2.342801822853992,-5.794254377820277,-1.778865792837394
-5.777644323254656,-2.321585911048248,-5.777644323254656,-1.770324005431101
-5.766722274430075,-2.300768342491336,-5.766722274430075,-1.764707297868092
-5.766402836637869,-2.280333572143419,-5.766402836637869,-1.764543025697896
-5.755602223385997,-2.260266942956951,-5.755602223385997,-1.758988766866862
-5.754654805029958,-2.240554619471597,-5.754654805029958,-1.758501553164454
-5.752447646637482,-2.221183527502402,-5.752447646637482,-1.75736651307858
-5.751503210867613,-2.202141299262375,-5.751503210867613,-1.756880833183113
-5.738063408633075,-2.183416223342222,-5.738063408633075,-1.749969360796524
-5.734035517827222,-2.164997199040352,-5.734035517827222,-1.747898001739669
-5.732490638792945,-2.146873694596847,-5.732490638792945,-1.747103541479042
-5.727870270185291,-2.111473736581,-5.727870270185291,-1.744727498328228
-5.727870270185291,-2.111473736581,-5.727870270185291,-1.744727498328228
-5.701185848808935,-2.094178735396912,-5.701185848808935,-1.73100492724598
-5.700587583759682,-2.077142096946798,-5.700587583759682,-1.730697267036728
-5.697303508558492,-2.060355619158403,-5.697303508558492,-1.729008418148001
-5.696707560984239,-2.043811481119356,-5.696707560984239,-1.728701949709595
-5.693139314557722,-2.027502219795067,-5.693139314557722,-1.726866964624618
-5.663024482184033,-2.011420708497329,-5.663024482184033,-1.711380290881559
-5.643063739621495,-1.99556013694799,-5.643063739621495,-1.701115398688259
-5.639118961330479,-1.97991399279797,-5.639118961330479,-1.699086780576639
-5.633510421670869,-1.96447604447596,-5.633510421670869,-1.696202566485536
-5.621557534400532,-1.949240325253616,-5.621557534400532,-1.690055746103265
-5.611932821026322,-1.934201118425172,-5.611932821026322,-1.685106198516638
-5.6051143028595,-1.919352943509212,-5.6051143028595,-1.681599748108734
-5.597262631278529,-1.904690543389163,-5.597262631278529,-1.677561994399755
-5.591078984743116,-1.875903084710833,-5.591078984743116,-1.674382029283296
-5.591078984743116,-1.875903084710833,-5.591078984743116,-1.674382029283296
-5.587333662012954,-1.86176852468624,-5.587333662012954,-1.672455981996539
-5.584400717636121,-1.847800716261019,-5.584400717636121,-1.670947703547337
-5.572228034915899,-1.833995354185353,-5.572228034915899,-1.664687852470413
-5.558903213338117,-1.82034829534813,-5.558903213338117,-1.657835509349291
-5.551147228232606,-1.80685555071714,-5.551147228232606,-1.6538469627954
-5.550117627112051,-1.793513277773749,-5.550117627112051,-1.653317486275602
-5.547548252625565,-1.780317773406085,-5.547548252625565,-1.651996175105671
-5.545241446527649,-1.767265467227785,-5.545241446527649,-1.650809890786249
-5.543195410008253,-1.754352915292088,-5.543195410008253,-1.649757708272029
-5.54293994953937,-1.741576794173513,-5.54293994953937,-1.649626336697824
-5.542684554313873,-1.728933895391642,-5.542684554313873,-1.649494998675294
-5.538861432542414,-1.716421120153534,-5.538861432542414,-1.647528942918453
-5.537844397112771,-1.704035474393165,-5.537844397112771,-1.647005928355776
-5.53759029979213,-1.691774064087993,-5.53759029979213,-1.646875257786041
-5.53277467776252,-1.679634090834258,-5.53277467776252,-1.644398804777203
-5.531763810858144,-1.667612847664053,-5.531763810858144,-1.64387896240347
-5.529997248884533,-1.655707715088496,-5.529997248884533,-1.642970500799144
-5.529241105181208,-1.643916157352471,-5.529241105181208,-1.642581650856665
-5.527478990187809,-1.632235718887516,-5.527478990187809,-1.64167547612981
-5.524716210582919,-1.620664020950408,-5.524716210582919,-1.640254705599395
-5.521710949117455,-1.609198758435897,-5.521710949117455,-1.638709237796331
-5.511510587009078,-1.597837696852866,-5.511510587009078,-1.633463660531504
-5.504603800795824,-1.586578669453968,-5.504603800795824,-1.629911817925493
-5.49141679651387,-1.575419574509475,-5.49141679651387,-1.623130347903387
-5.482721089546316,-1.564358372716748,-5.482721089546316,-1.6186585456001
-5.481039003363331,-1.553393084737283,-5.481039003363331,-1.61779352601107
-5.479120077372722,-1.542521788853883,-5.479120077372722,-1.616806710597825
-5.477922615847763,-1.531742618740987,-5.477922615847763,-1.61619091118952
-5.476248575040699,-1.521053761341664,-5.476248575040699,-1.615330028967436
-5.474100346502409,-1.510453454845181,-5.474100346502409,-1.614225293796235
-5.473861939062967,-1.499939986759518,-5.473861939062967,-1.614102691811049
-5.473623588448087,-1.489511692073488,-5.473623588448087,-1.613980119048123
-5.466736018173,-1.479166951503544,-5.466736018173,-1.610438158315648
-5.455673177324243,-1.468904189820598,-5.455673177324243,-1.6047490478876
-5.454737285819339,-1.458721874252533,-5.454737285819339,-1.604267761914777
-5.442187736967739,-1.448618512958322,-5.442187736967739,-1.597814105913122
-5.440111372165924,-1.438592653569935,-5.440111372165924,-1.596746326957613
-5.435512605725881,-1.428642881798452,-5.435512605725881,-1.59438139280843
-5.435283221621194,-1.418767820101019,-5.435283221621194,-1.594263431109456
-5.42910965679806,-1.408966126405476,-5.42910965679806,-1.591088650554109
-5.424561093122287,-1.399236492889703,-5.424561093122287,-1.588749533378489
-5.424334207131523,-1.389577644812876,-5.424334207131523,-1.588632856344653
-5.420937080095947,-1.379988339395998,-5.420937080095947,-1.586885870095124
-5.407239773772224,-1.370467364749261,-5.407239773772224,-1.579841975194365
-5.384965173273709,-1.361013538843866,-5.384965173273709,-1.568387172245541
-5.382786523174486,-1.351625708526136,-5.382786523174486,-1.567266792664201
-5.374550672547626,-1.342302748571833,-5.374550672547626,-1.563031473334774
-5.364670867098058,-1.333043560778738,-5.364670867098058,-1.557950743621795
-5.358492089584106,-1.323847073095636,-5.358492089584106,-1.554773282419218
-5.354464527171038,-1.314712238785976,-5.354464527171038,-1.552702092239674
-5.352562381400433,-1.30563803562455,-5.352562381400433,-1.551723906122097
-5.352140173245544,-1.296623465125656,-5.352140173245544,-1.5515067838793
-5.347927867101371,-1.287667551801244,-5.347927867101371,-1.549340588492549
-5.346877557163414,-1.278769342447691,-5.346877557163414,-1.54880046238006
-5.340807418168989,-1.269927905459856,-5.340807418168989,-1.545678868973357
-5.332701793409868,-1.261142330171189,-5.332701793409868,-1.541510518820499
-5.327746177238849,-1.252411726218712,-5.327746177238849,-1.538962073261045
-5.326716841069735,-1.243735222931746,-5.326716841069735,-1.538432732993592
-5.324866701781573,-1.235111968743324,-5.324866701781573,-1.537481291418908
-5.319949666675151,-1.226541130623303,-5.319949666675151,-1.53495268632719
-5.318928320452161,-1.218021893532193,-5.318928320452161,-1.534427454921687
-5.317500185964811,-1.209553459894816,-5.317500185964811,-1.533693031014146
-5.302124604890991,-1.201135049092941,-5.302124604890991,-1.525786076569059
-5.275382395265541,-1.192765896976054,-5.275382395265541,-1.512033787647149
-5.266818699488666,-1.184445255389515,-5.266818699488666,-1.507629872629939
-5.265850176410535,-1.176172391719348,-5.265850176410535,-1.507131805739261
-5.260443714119956,-1.167946588452965,-5.260443714119956,-1.504351510748427
-5.259866180173784,-1.159767142755167,-5.259866180173784,-1.504054511592367
-5.253344000905305,-1.151633366058769,-5.253344000905305,-1.500700454655529
-5.238728575136379,-1.143544583669268,-5.238728575136379,-1.493184413135171
-5.238540162512176,-1.135500134382958,-5.238540162512176,-1.493087521184922
-5.232716909464088,-1.127499370117955,-5.232716909464088,-1.490092889869697
-5.229911333883976,-1.119541655557608,-5.229911333883976,-1.488650111336795
-5.22841823916837,-1.111626367805803,-5.22841823916837,-1.487882281370447
-5.220615858884185,-1.10375289605367,-5.220615858884185,-1.483869875909209
-5.219875940241474,-1.095920641257258,-5.219875940241474,-1.483489369769448
-5.219136568673595,-1.088129015825742,-5.219136568673595,-1.483109144965121
-5.215816145036293,-1.080377443319737,-5.215816145036293,-1.481401603746841
-5.214895758408964,-1.072665358159345,-5.214895758408964,-1.480928291219711
-5.208659494617502,-1.064992205341545,-5.208659494617502,-1.477721267467574
-5.181245694962199,-1.057357440166571,-5.181245694962199,-1.463623610670049
-5.180356568914472,-1.049760527972938,-5.180356568914472,-1.463166374021784
-5.170451995550141,-1.042200943880783,-5.170451995550141,-1.458072907308962
-5.170100068747283,-1.034678172543217,-5.170100068747283,-1.457891927534289
-5.16886929936115,-1.027191707905369,-5.16886929936115,-1.457258999424331
-5.165711402000015,-1.019741052970858,-5.165711402000015,-1.455635037997645
-5.14645501723879,-1.012325719575407,-5.14645501723879,-1.445732364638306
-5.142168684058105,-1.004945228167329,-5.142168684058105,-1.443528100550112
-5.141826569788604,-0.9975991075946486,-5.141826569788604,-1.443352166910207
-5.137559987669922,-0.9902868948986132,-5.137559987669922,-1.441158059885135
-5.133141968589053,-0.9830081351133519,-5.133141968589053,-1.438886075792811
-5.131786495660406,-0.9757623810714777,-5.131786495660406,-1.438189018384255
-5.131617190657039,-0.9542187947857752,-5.131617190657039,-1.438101952604918
-5.131617190657039,-0.9542187947857752,-5.131617190657039,-1.438101952604918
-5.131617190657039,-0.9542187947857752,-5.131617190657039,-1.438101952604918
-5.12992571528758,-0.9471007415240987,-5.12992571528758,-1.437232104588958
-5.129418830086223,-0.9400135687315765,-5.129418830086223,-1.436971436834238
-5.127731065972503,-0.9329568722560377,-5.127731065972503,-1.436103497346477
-5.124196006319422,-0.9259302545324198,-5.124196006319422,-1.434285578693297
-5.123188280335587,-0.9189333244289031,-5.123188280335587,-1.433767351550592
-5.122517026744347,-0.9119656970973538,-5.122517026744347,-1.433422156689887
-5.122181568841168,-0.9050269938279313,-5.122181568841168,-1.433249646113152
-5.106045478900914,-0.8981168419077177,-5.106045478900914,-1.42495159692289
-5.101107197260331,-0.8912348744832346,-5.101107197260331,-1.422412065715475
-5.091628453305788,-0.8843807304267169,-5.091628453305788,-1.417537583490355
-5.088704949518179,-0.8775540542060195,-5.088704949518179,-1.416034159902155
-5.074534019946488,-0.8707544957580352,-5.074534019946488,-1.408746702340067
-5.066412309565254,-0.8639817103655094,-5.066412309565254,-1.404570080091302
-5.05851337434072,-0.8572353585371395,-5.05851337434072,-1.400508020863412
-5.053021010592694,-0.8505151058908523,-5.053021010592694,-1.397683550702383
-5.051926148514137,-0.843820623040156,-5.051926148514137,-1.397120513472294
-5.04958404423483,-0.8371515854834672,-5.04958404423483,-1.395916076921037
-5.048648736294472,-0.830507673496319,-5.048648736294472,-1.395435091048631
-5.003262539766843,-0.8238885720263553,-5.003262539766843,-1.372095056830946
-4.99156823137903,-0.8172939705910243,-4.99156823137903,-1.366081211679643
-4.968006932040633,-0.8107235631778863,-4.968006932040633,-1.353964718674187
-4.941762429809881,-0.8041770481474523,-4.941762429809881,-1.340468377782987
-4.908575218905108,-0.797654128138473,-4.908575218905108,-1.32340172101576
-4.892319067278214,-0.791154509975604,-4.892319067278214,-1.315041929619964
-4.85196626596753,-0.7846779045793711,-4.85196626596753,-1.294290339149115
-4.850048229448308,-0.7782240268783666,-4.850048229448308,-1.293303981150111
-4.843935118205258,-0.7717925957236047,-4.843935118205258,-1.290160289091614
-4.834331809627864,-0.7653833338049733,-4.834331809627864,-1.285221749007892
-4.785373986811044,-0.7589959675697151,-4.785373986811044,-1.260044991597248
-4.764752255812557,-0.752630227142878,-4.764752255812557,-1.249440183440662
-4.73698876060894,-0.7462858462496741,-4.73698876060894,-1.235162694300092
-4.708200086307635,-0.73996256213969,-4.708200086307635,-1.220358002682781
-4.701460846306378,-0.733660115512893,-4.701460846306378,-1.216892321390567
-4.687791214676428,-0.7273782504473781,-4.687791214676428,-1.209862658312456
-4.638830387480726,-0.721116714328806,-4.638830387480726,-1.18468435588788
-4.627927173110708,-0.7148752577814794,-4.627927173110708,-1.179077334018928
-4.616231133347516,-0.7086536346010103,-4.616231133347516,-1.17306259850087
-4.59769817114939,-0.7024516016885314,-4.59769817114939,-1.163531948105964
-4.594032441577635,-0.6962689189864056,-4.594032441577635,-1.161646831921234
-4.560961931323771,-0.6901053494153894,-4.560961931323771,-1.144640188933391
-4.55504757658488,-0.6839606588132097,-4.55504757658488,-1.141598708207038
-4.525619907230082,-0.6778346158745076,-4.525619907230082,-1.126465410811879
-4.516610009008611,-0.6717269920921181,-4.516610009008611,-1.121832034391827
-4.513685495865913,-0.6656375616996373,-4.513685495865913,-1.12032809173871
-4.512591004694998,-0.6595661016152472,-4.512591004694998,-1.119765245249369
-4.501350857349094,-0.6535123913867581,-4.501350857349094,-1.113984954241606
-4.501260722597579,-0.6474762131378342,-4.501260722597579,-1.113938602082899
-4.498650342610419,-0.6414573515153708,-4.498650342610419,-1.112596203669223
-4.479595363080025,-0.6354555936379856,-4.479595363080025,-1.102797103760378
-4.47291460686762,-0.6294707290455966,-4.47291460686762,-1.099361497991945
-4.462022676769607,-0.6235025496500536,-4.462022676769607,-1.093760279105284
-4.455544012032279,-0.6175508496867937,-4.455544012032279,-1.090428599691212
-4.423015309751236,-0.6116154256674919,-4.423015309751236,-1.073700583633857
-4.416783724631887,-0.6056960763336777,-4.416783724631887,-1.070495965907684
-4.403945098774904,-0.5997926026112926,-4.403945098774904,-1.063893650892641
-4.3785925379396,-0.5939048075661585,-4.3785925379396,-1.050855994453602
-4.319239646575117,-0.5880324963603343,-4.319239646575117,-1.020333531208146
-4.308478819378723,-0.5821754762093354,-4.308478819378723,-1.014799732516257
-4.271272689739347,-0.5763335563401896,-4.271272689739347,-0.9956663306159226
-4.265987340673908,-0.5705065479503073,-4.265987340673908,-0.9929483185885286
-4.260729779717702,-0.5646942641671445,-4.260729779717702,-0.9902445967081386
-4.231815131798161,-0.5588965200086329,-4.231815131798161,-0.9753751226506777
-4.213263242478778,-0.5531131323443583,-4.213263242478778,-0.9658347389074948
-4.182716864851072,-0.5473439198574664,-4.182716864851072,-0.9501261412808355
-4.168594082854875,-0.5415887030072735,-4.168594082854875,-0.9428634438032115
-4.165625764227064,-0.5358473039925611,-4.165625764227064,-0.9413369740030841
-4.138108379663277,-0.5301195467155425,-4.138108379663277,-0.9271860482495011
-4.134104620795978,-0.5244052567464724,-4.134104620795978,-0.9251270991391647
-4.133106180775437,-0.5187042612888888,-4.133106180775437,-0.924613647340454
-4.096667257591746,-0.5130163891454644,-4.096667257591746,-0.9058747844475215
-4.055258473514899,-0.507341470684455,-4.055258473514899,-0.8845801505894491
-4.0432712920381,-0.5016793378067234,-4.0432712920381,-0.8784156942734906
-4.040254183325228,-0.4960298239133254,-4.040254183325228,-0.8768641339757677
-4.002221273346295,-0.4903927638736393,-4.002221273346295,-0.8573055569585004
-3.944339606904689,-0.4847679939940262,-3.944339606904689,-0.8275396770504693
-3.919198689177242,-0.4791553519870036,-3.919198689177242,-0.814610858931387
-3.887135289920367,-0.4735546769409174,-3.887135289920367,-0.798122126826788
-3.832195705568592,-0.4679658092901003,-3.832195705568592,-0.7698692244736409
-3.831641893481334,-0.4623885907854989,-3.831641893481334,-0.7695844243789931
-3.819945317227238,-0.4568228644657574,-3.819945317227238,-0.7635694129683284
-3.819580570038586,-0.4512684746287452,-3.819580570038586,-0.7633818402586665
-3.807527864098698,-0.4457252668035147,-3.807527864098698,-0.7571836877238656
-3.796910198327641,-0.4401930877226746,-3.796910198327641,-0.7517235103710984
-3.78283854704732,-0.4346717852951674,-3.78283854704732,-0.7444871070698855
-3.781521197363988,-0.4291612085794407,-3.781521197363988,-0.7438096546936566
-3.777404703703385,-0.423661207756997,-3.777404703703385,-0.7416927312621708
-3.735929133805597,-0.4181716341063117,-3.735929133805597,-0.7203637525269055
-3.735468043528528,-0.4126923399771076,-3.735468043528528,-0.7201266349962996
-3.71937989956232,-0.4072231787649755,-3.71937989956232,-0.7118532422161454
-3.706229092449049,-0.401764004886327,-3.706229092449049,-0.7050903867337066
-3.703181238824796,-0.3963146737536727,-3.703181238824796,-0.7035230157415753
-3.693932197750588,-0.3908750417512112,-3.693932197750588,-0.69876665914709
-3.671825699548109,-0.3854449662107209,-3.671825699548109,-0.6873983034805173
-3.666296382113678,-0.3800243053877439,-3.666296382113678,-0.6845548297375372
-3.616372763327188,-0.3746129184380503,-3.616372763327188,-0.6588814078627161
-3.610364066045571,-0.3692106653943767,-3.610364066045571,-0.6557914111040919
-3.598600089484215,-0.3638174071434242,-3.598600089484215,-0.6497417388141709
-3.583690953249806,-0.3584330054031099,-3.583690953249806,-0.6420746555049233
-3.572662087923026,-0.3530573227000622,-3.572662087923026,-0.6364030171257828
-3.557219812122209,-0.3476902223473481,-3.557219812122209,-0.6284617646489294
-3.545333376271389,-0.3423315684224278,-3.545333376271389,-0.6223491171765732
-3.491012685984519,-0.3369812257453218,-3.491012685984519,-0.5944144835869969
-3.490914233331961,-0.3316390598569866,-3.490914233331961,-0.5943638539142038
-3.486787950296358,-0.3263049369978888,-3.486787950296358,-0.5922418962572273
-3.475123831830451,-0.320978724086767,-3.475123831830451,-0.5862435763947627
-3.463594197887866,-0.3156602886995758,-3.463594197887866,-0.5803144157396392
-3.443676999280781,-0.3103494990486007,-3.443676999280781,-0.57007191620067
-3.416930500651155,-0.3050462239617391,-3.416930500651155,-0.5563174216411024
-3.410672125624699,-0.2997503328619354,-3.410672125624699,-0.5530990270973852
-3.387146558439496,-0.2944616957467634,-3.387146558439496,-0.5410009094955097
-3.381218299346843,-0.2891801831681499,-3.381218299346843,-0.5379522783992776
-3.355383069522864,-0.2839056662122277,-3.355383069522864,-0.5246664074903471
-3.354867384079549,-0.2786380164793134,-3.354867384079549,-0.524401214175785
-3.336421388723244,-0.2733771060640006,-3.336421388723244,-0.514915286829277
-3.3274916332467,-0.2681228075353589,-3.3274916332467,-0.5103231241383313
-3.32732443712526,-0.262874993917236,-3.32732443712526,-0.5102371428600128
-3.324986621916731,-0.2576335386686485,-3.324986621916731,-0.5090349119806643
-3.313818572184111,-0.2523983156642589,-3.313818572184111,-0.5032916974606836
-3.313268925318375,-0.2471691991749286,-3.313268925318375,-0.5030090393479665
-3.300546941012759,-0.2419460638483395,-3.300546941012759,-0.4964667077201292
-3.299218577550739,-0.2367287846896773,-3.299218577550739,-0.4957835914638862
-3.297378053023158,-0.2315172370423671,-3.297378053023158,-0.4948370943185247
-3.260323014782374,-0.2263112965688559,-3.260323014782374,-0.4757813917779723
-3.256967175990924,-0.221110839231433,-3.256967175990924,-0.4740556381741468
-3.255877003012684,-0.2159157412730797,-3.255877003012684,-0.4734950123327675
-3.225699050216326,-0.2107258791983433,-3.225699050216326,-0.4579758786583275
-3.169871397940387,-0.2055411297542243,-3.169871397940387,-0.4292662838012165
-3.156887427534132,-0.2003613699110726,-3.156887427534132,-0.4225892247667824
-3.149233164539752,-0.1951864768434814,-3.149233164539752,-0.4186529892179136
-3.120887416539997,-0.1900163279111736,-3.120887416539997,-0.4040760742336975
-3.118193736002291,-0.1848508006398721,-3.118193736002291,-0.4026908381766665
-3.104543179412171,-0.1796897727021449,-3.104543179412171,-0.3956709845145534
-3.091670650632913,-0.1745331218982192,-3.091670650632913,-0.389051234785291
-3.089339903519167,-0.1693807261367546,-3.089339903519167,-0.3878526387021299
-3.078331579875893,-0.1642324634155675,-3.078331579875893,-0.3821915639664013
-3.071598713984115,-0.1590882118023001,-3.071598713984115,-0.3787291605856395
-3.068604086989902,-0.1539478494150234,-3.068604086989902,-0.3771891616022132
-3.051160420463608,-0.1488112544027685,-3.051160420463608,-0.368218685890336
-3.035013788555667,-0.1436783049259742,-3.035013788555667,-0.3599152154507652
-3.028255465259551,-0.1385488791368462,-3.028255465259551,-0.356439720497371
-2.992158666500702,-0.1334228551596165,-2.992158666500702,-0.3378767964667668
-2.986831998767272,-0.1283001110706956,-2.986831998767272,-0.3351375361480748
-2.986673429065645,-0.1231805248787066,-2.986673429065645,-0.3350559910408615
-2.955012684276974,-0.1180639745043961,-2.955012684276974,-0.3187743256169886
-2.952557848170195,-0.1129503377604075,-2.952557848170195,-0.3175119162697733
-2.949211348828602,-0.107839492330912,-2.949211348828602,-0.3157909655156232
-2.935352387565279,-0.1027313157510839,-2.935352387565279,-0.3086639389116066
-2.932137948028838,-0.09762568538641425,-2.932137948028838,-0.3070109004437203
-2.924249171932127,-0.09252247841184902,-2.924249171932127,-0.3029540655881975
-2.90510577234081,-0.08742157179074511,-2.90510577234081,-0.2931094953071833
-2.888331839944285,-0.08232284225363219,-2.888331839944285,-0.2844834330668344
-2.87725614480879,-0.07722616627676894,-2.87725614480879,-0.2787877122700999
-2.846467797515469,-0.07213142006048638,-2.846467797515469,-0.2629546807691097
-2.819982262143075,-0.06703847950730263,-2.819982262143075,-0.2493343876148006
-2.806253060673438,-0.06194722019980254,-2.806253060673438,-0.2422740905068956
-2.80237186964482,-0.05685751737826685,-2.80237186964482,-0.2402781724008658
-2.795521683924296,-0.05176924591804202,-2.795521683924296,-0.2367554368260265
-2.791143808039558,-0.04668228030663658,-2.791143808039558,-0.2345040965338663
-2.74323188213879,-0.04159649462053336,-2.74323188213879,-0.209865195821435
-2.714274532122182,-0.03651176250170378,-2.714274532122182,-0.1949737620387062
-2.696858067348097,-0.03142795713381191,-2.696858067348097,-0.1860172749373732
-2.689866530668581,-0.02634495121809435,-2.689866530668581,-0.1824218490630163
-2.674678289661159,-0.02126261694890366,-2.674678289661159,-0.1746112350010096
-2.659931691013318,-0.01618082598889881,-2.659931691013318,-0.1670277372997744
-2.619476295496485,-0.01109944944387154,-2.619476295496485,-0.1462233873455308
-2.614969778086198,-0.006018357837191213,-2.614969778086198,-0.1439058926311487
-2.605935948860448,-0.0009374210838529675,-2.605935948860448,-0.1392602095958368
-2.584046553632771,0.004143491535883597,-2.584046553632771,-0.1280035000077704
-2.5740920245629,0.009224511403285663,-2.5740920245629,-0.1228843433723321
-2.562146289729172,0.01430577058838146,-2.562146289729172,-0.1167412011593714
-2.547258762858619,0.01938740187765608,-2.547258762858619,-0.1090852305524515
-2.543332690256616,0.0244695388022265,-2.543332690256616,-0.1070662319166862
-2.537497627908254,0.02955231566651476,-2.537497627908254,-0.1040655276212692
-2.518182190552854,0.03463586757743553,-2.518182190552854,-0.09413248622772219
-2.517388520033254,0.03972033047412119,-2.517388520033254,-0.0937243379689503
-2.483148196773137,0.0448058411581996,-2.483148196773137,-0.0761161139348161
-2.482250181326791,0.04989253732465168,-2.482250181326791,-0.07565430587753652
-2.470802581421729,0.05498055759326225,-2.470802581421729,-0.06976733155634918
-2.441766703794152,0.0600700415406943,-2.441766703794152,-0.05483551463365077
-2.436482266794061,0.06516112973320234,-2.436482266794061,-0.05211797163953236
-2.431885449090752,0.07025396376001335,-2.431885449090752,-0.04975403963605718
-2.423510560922926,0.07534868626739806,-2.423510560922926,-0.04544721969164178
-2.386662596185258,0.08044544099345616,-2.386662596185258,-0.02649800553341874
-2.371506538460467,0.08554437280364469,-2.371506538460467,-0.01870394185402491
-2.361390745139325,0.09064562772707416,-2.361390745139325,-0.01350185442837404
-2.331818248264321,0.09574935299360149,-2.331818248264321,0.001705921101897712
-2.329226853940481,0.1008556970717481,-2.329226853940481,0.00303855606180492
-2.321808687961805,0.1059648097074747,-2.321808687961805,0.006853377770193347
-2.30738660181024,0.1110768419638419,-2.30738660181024,0.0142699936142423
-2.306803979995667,0.1161919462615911,-2.306803979995667,0.01456960922710415
-2.286190226308359,0.1213102764206767,-2.286190226308359,0.02517031501931188
-2.279679441922462,0.1264319877027873,-2.279679441922462,0.0285185120919238
-2.277921749124682,0.1315572368548895,-2.277921749124682,0.02942241268688539
-2.254499939190791,0.1366861821538342,-2.254499939190791,0.04146717270471045
-2.235562160563554,0.1418189834520622,-2.235562160563554,0.05120600157744026
-2.21700390490384,0.1469558022244498,-2.21700390490384,0.06074965923675957
-2.206502484317001,0.1520968016163401,-2.206502484317001,0.06615005703572274
-2.186341018709245,0.1572421464927973,-2.186341018709245,0.07651817186282117
-2.179182322115568,0.162392003489135,-2.179182322115568,0.0801995603957586
-2.173075527083238,0.167546541062765,-2.173075527083238,0.08334000431747368
-2.163754018524621,0.1727059295464121,-2.163754018524621,0.08813362760745647
-2.161207065883223,0.1778703412027512,-2.161207065883223,0.08944340825331598
-2.145649722590507,0.1830399502805166,-2.145649722590507,0.09744383465095896
-2.14549587775127,0.1882149330721409,-2.14549587775127,0.09752294997867339
-2.133585210316582,0.1933954679729804,-2.133585210316582,0.1036480586405522
-2.128715823015075,0.1985817355421876,-2.128715823015075,0.1061521606568367
-2.124932753381696,0.2037739185652953,-2.124932753381696,0.1080976194404826
-2.103791612944187,0.2089722021185744,-2.103791612944187,0.1189695359914096
-2.096066981585485,0.2141767736352376,-2.096066981585485,0.1229419587548228
-2.090162809628655,0.2193878229735586,-2.090162809628655,0.1259782029445211
-2.078210299969092,0.2246055424869812,-2.078210299969092,0.1321248291389323
-2.058760868606149,0.2298301270962962,-2.058760868606149,0.1421267774901067
-2.051982028783685,0.235061774363969,-2.051982028783685,0.1456128231497424
-2.047818851303922,0.2403006845706994,-2.047818851303922,0.1477537539231069
-2.042122635816151,0.2455470607943068,-2.042122635816151,0.1506830556616863
-2.022184466040456,0.2508011089910295,-2.022184466040456,0.16093633970851
-2.01822603564634,0.2560630380793372,-2.01822603564634,0.1629719784690913
-1.998481101405563,0.2613330600263581,-1.998481101405563,0.1731258903644213
-1.995703516264684,0.2666113899370264,-1.995703516264684,0.1745542747013018
-1.965213261129997,0.2718982461460601,-1.965213261129997,0.1902340111100651
-1.962889485590231,0.2771938503128895,-1.962889485590231,0.1914290220332504
-1.959747444376678,0.2824984275196524,-1.959747444376678,0.19304482937223
-1.953697391072881,0.2878122063723887,-1.953697391072881,0.1961560936316942
-1.944547078458272,0.2931354191055657,-1.944547078458272,0.2008616787185054
-1.913296793414643,0.2984683016900755,-1.913296793414643,0.2169322635666256
-1.90612036708318,0.3038110939448506,-1.90612036708318,0.2206227696885712
-1.905508402827003,0.3091640396522537,-1.905508402827003,0.2209374747701147
-1.894450218552331,0.314527386677402,-1.894450218552331,0.2266241905361999
-1.893373677732528,0.3199013870915984,-1.893373677732528,0.2271778059852417
-1.890508555298228,0.3252862973000454,-1.890508555298228,0.2286512067275513
-1.867884859617546,0.3306823781740335,-1.867884859617546,0.2402855332787124
-1.866351558547584,0.3360898951877972,-1.866351558547584,0.2410740395245959
-1.829573492234006,0.3415091185602507,-1.829573492234006,0.2599873081369297
-1.822563065904822,0.3469403234018171,-1.822563065904822,0.263592448089649
-1.821215056796417,0.3523837898665853,-1.821215056796417,0.2642856671986077
-1.750725017278478,0.3578398033100346,-1.750725017278478,0.3005354537025979
-1.720548260072534,0.3633086544525811,-1.720548260072534,0.3160539725398562
-1.701602544664531,0.3687906395492159,-1.701602544664531,0.3257968829340357
-1.667490843882717,0.3742860605655193,-1.667490843882717,0.3433389623410709
-1.661615808492681,0.3797952253603453,-1.661615808492681,0.3463602229340377
-1.642710351697673,0.3853184478754974,-1.642710351697673,0.3560824301744667
-1.627744459416743,0.3908560483327223,-1.627744459416743,0.3637787005090486
-1.617520488627456,0.3964083534383775,-1.617520488627456,0.3690364186330448
-1.614143968565866,0.4019756965961403,-1.614143968565866,0.3707728076632698
-1.583623977541121,0.4075584181281506,-1.583623977541121,0.3864678358731656
-1.580296673087964,0.4131568655050048,-1.580296673087964,0.3881789155786892
-1.532120453340918,0.4187713935850347,-1.532120453340918,0.4129537304651997
-1.514041372722536,0.4244023648633392,-1.514041372722536,0.4222509704311096
-1.497838399856346,0.4300501497310575,-1.497838399856346,0.4305834144351995
-1.464991308069072,0.4357151267454065,-1.464991308069072,0.4474751635774686
-1.431618140150222,0.4413976829110317,-1.431618140150222,0.4646374494875545
-1.411595758982417,0.4470982139732579,-1.411595758982417,0.4749340395816732
-1.395956893391044,0.4528171247238604,-1.395956893391044,0.4829763891494814
-1.3918980323999,0.458554829320016,-1.3918980323999,0.4850636747487597
-1.327931117822976,0.4643117516171303,-1.327931117822976,0.5179589180000045
-1.29427322064391,0.4700883255162905,-1.29427322064391,0.5352676270780281
-1.209273494863014,0.4758849953271294,-1.209273494863014,0.5789790781358904
-1.16851235724822,0.4817022161469434,-1.16851235724822,0.5999406571944469
-1.121858397949013,0.4875404542569618,-1.121858397949013,0.6239326435194325
-1.053508912356673,0.493400187536718,-1.053508912356673,0.6590816415526841
-1.030069918641705,0.4992819058975408,-1.030069918641705,0.671135238399083
-0.9725251609548209,0.5051861117362497,-0.9725251609548209,0.7007278616241347
-0.9516588757119464,0.5111133204102101,-0.9516588757119464,0.7114584327850866
-0.938017559256485,0.5170640607349823,-0.938017559256485,0.7184735346707651
-0.9359655173424496,0.5230388755058881,-0.9359655173424496,0.719528805483347
-0.9121841753313631,0.5290383220448966,-0.9121841753313631,0.7317584563187798
-0.91106192593738,0.5350629727743493,-0.91106192593738,0.7323355775860443
-0.8890647456205636,0.5411134158191291,-0.8890647456205636,0.7436477160899735
-0.8842955795568576,0.5471902556390115,-0.8842955795568576,0.7461002789313863
-0.8379140265968643,0.5532941136930485,-0.8379140265968643,0.7699521792001525
-0.8342707495279877,0.5594256291379771,-0.8342707495279877,0.7718257490949181
-0.816463496615749,0.5655854595627886,-0.816463496615749,0.7809832005689938
-0.8064211473640331,0.571774281761753,-0.8064211473640331,0.786147519086372
-0.8025313357649393,0.577992792548369,-0.8025313357649393,0.7881478703554617
-0.8009885487670245,0.5842417096128928,-0.8009885487670245,0.7889412547779702
-0.7977568670494397,0.5905217724263075,-0.7977568670494397,0.7906031601068995
-0.7894224258902385,0.5968337431938159,-0.7894224258902385,0.7948891800143536
-0.7694538758270345,0.6031784078611792,-0.7694538758270345,0.8051580872462919
-0.758996426989397,0.609556577177496,-0.758996426989397,0.8105358723962675
-0.7412812600000394,0.6159690878182982,-0.7412812600000394,0.8196459683139087
-0.7404694226543587,0.6224168035731582,-0.7404694226543587,0.8200634589361036
-0.712898969148434,0.6289006166023534,-0.712898969148434,0.8342416756067527
-0.7082242708145132,0.6354214487675066,-0.7082242708145132,0.8366456580379451
-0.6938053971369557,0.6419802530415389,-0.6938053971369557,0.8440606218543074
-0.6851432972627941,0.6485780150037347,-0.6851432972627941,0.8485151415745678
-0.6661508820293871,0.6552157544262105,-0.6661508820293871,0.8582820675419014
-0.6128085166857661,0.6618945269586444,-0.6128085166857661,0.8857135935922167
-0.6118160724615725,0.6686154259187231,-0.6118160724615725,0.8862239620285257
-0.5905743468794452,0.6753795841964423,-0.5905743468794452,0.8971476048948701
-0.5719052449122565,0.6821881762811377,-0.5719052449122565,0.9067482657139009
-0.5547496468279404,0.6890424204209483,-0.5547496468279404,0.9155706010701814
-0.5329059430342521,0.695943580925321,-0.5329059430342521,0.9268038136544371
-0.5084567650618884,0.7028929706221823,-0.5084567650618884,0.9393769018206126
-0.4994423267001487,0.7098919534825204,-0.4994423267001487,0.94401261302607
-0.4779696740971699,0.7169419474263745,-0.4779696740971699,0.9550550110422356
-0.4724578383547466,0.724044427325616,-0.4724578383547466,0.9578894947547473
-0.4606348536016358,0.7312009282204635,-0.4606348536016358,0.963969512244752
-0.448312590043795,0.7384130487684049,-0.448312590043795,0.9703062858693994
-0.4414441611236963,0.7456824549461456,-0.4414441611236963,0.9738384030830385
-0.4319543712089142,0.7530108840273773,-0.4319543712089142,0.9787185657376647
-0.3877720573458494,0.7604001488616078,-0.3877720573458494,1.001439498450162
-0.3649620444409474,0.767852142482048,-0.3649620444409474,1.013169639383698
-0.3490058552909989,0.7753688430736476,-0.3490058552909989,1.021375173868549
-0.3298883579942288,0.7829523193358778,-0.3298883579942288,1.03120642379035
-0.3020163186349334,0.7906047362788188,-0.3020163186349334,1.045539732199805
-0.2880554754913527,0.7983283614956054,-0.2880554754913527,1.05271915197076
-0.2749869970072416,0.8061255719593811,-0.2749869970072416,1.059439669624328
-0.2726962561438863,0.8139988613987235,-0.2726962561438863,1.060617692332223
-0.2697910750779186,0.8219508483121293,-0.2697910750779186,1.062111693387081
-0.2675709959989075,0.8299842846897222,-0.2675709959989075,1.063253377988005
-0.2181759104987006,0.8381020655190344,-0.2181759104987006,1.088654999493312
-0.2124150579614945,0.8463072391616872,-0.2124150579614945,1.09161754109469
-0.2063122457903413,0.8546030186992902,-0.2063122457903413,1.094755936814017
-0.1784606198127983,0.8629927943601468,-0.1784606198127983,1.109078747559753
-0.1515941172866717,0.8714801471537272,-0.1515941172866717,1.122894954606043
-0.1103116411652694,0.8800688638577098,-0.1103116411652694,1.14412463408971
-0.04293464125430862,0.888762953523176,-0.04293464125430862,1.178773527447617
-0.03399741833970862,0.8975666656878263,-0.03399741833970862,1.183369530298635
-0.02685231807624145,0.906484510515528,-0.02685231807624145,1.187043926864044
0.002582662055378093,0.9155212811139648,0.002582662055378093,1.202180983855605
0.01354485291025064,0.9246820783216121,0.01354485291025064,1.20781833461924
0.07801881482956163,0.9339723383020009,0.07801881482956163,1.240974329006882
0.08475650333842898,0.9433978633387534,0.08475650333842898,1.24443921243789
0.1292802442844656,0.9529648562911414,0.1292802442844656,1.267335725401853
0.1432705625709342,0.9626799592492862,0.1432705625709342,1.274530302883659
0.2569589126089402,0.9725502970236348,0.2569589126089402,1.332994994420962
0.2702164322727191,0.98258352621876,0.2702164322727191,1.339812727261956
0.27114559547483,0.9927878907817093,0.27114559547483,1.340290553177989
0.2744121653972041,1.00317228508617,0.2744121653972041,1.341970399906637
0.2963694774368215,1.013746325823565,0.2963694774368215,1.353262035988569
0.2968556165356951,1.024520434231038,0.2968556165356951,1.353512034976595
0.3196995002803508,1.035505930507441,0.3196995002803508,1.365259594125786
0.4541225650596847,1.046715142669391,0.4541225650596847,1.434387196164125
0.4844611143346622,1.058161532603244,0.4844611143346622,1.449988917224003
0.4982454238366066,1.069859842706261,0.4982454238366066,1.457077553859301
0.5129906783429792,1.081826267322729,0.5129906783429792,1.464660360330376
0.5158597313569921,1.094078654224433,0.5158597313569921,1.466135782389121
0.5779214970891429,1.106636742736823,0.5779214970891429,1.498051295179813
0.6260341482105778,1.119522446879029,0.6260341482105778,1.522793419644775
0.6492788841032847,1.132760194217282,0.6492788841032847,1.5347471186243
0.6630080249459558,1.146377334239173,0.6630080249459558,1.541807384554544
0.6966256237556985,1.160404634245502,0.6966256237556985,1.559095370033965
0.6966595051201043,1.174876886471273,0.6966595051201043,1.559112793661964
0.7636103040298958,1.189833658044916,0.7636103040298958,1.593542511439805
0.7923832802097507,1.205320226463809,0.7923832802097507,1.608339130234985
0.7940313422780998,1.221388759018855,0.7940313422780998,1.609186652786136
0.8253904939665031,1.238099817406897,0.8253904939665031,1.625313222744457
0.8433462057314949,1.255524302403146,0.8433462057314949,1.634547019781023
0.8489656117735682,1.273746004099906,0.8489656117735682,1.637436821953038
0.8659107045417921,1.29286500121669,0.8659107045417921,1.646150904103355
0.9006189687980257,1.313002276272031,0.9006189687980257,1.663999768677936
0.9065235882411835,1.334306114021363,0.9065235882411835,1.667036242989279
1.032385231644749,1.356961188002425,1.032385231644749,1.731761099630329
1.050944344574113,1.381201829640576,1.050944344574113,1.741305198144016
1.157870015925369,1.407332051284456,1.157870015925369,1.796292154950764
1.160388560806158,1.435756967058414,1.160388560806158,1.797587326791405
1.19080306272684,1.467034501955291,1.19080306272684,1.813228106805003
1.244972415071495,1.501965674808701,1.244972415071495,1.841084914248748
1.289987459753621,1.541764634428313,1.289987459753621,1.86423408213621
1.376389974211283,1.58841290503424,1.376389974211283,1.908666922916518
1.443973708694741,1.645510301394256,1.443973708694741,1.943422130360319
1.459333834060161,1.720821773212838,1.459333834060161,1.951321136645161
1.598418015799323,1.837730862313104,1.598418015799323,2.022845736838408
1.615741403623824,3.483022847058589,1.615741403623824,2.031754358743836
