#Exponential - Cost J(iterations) convergence
#iterations, J(iterations)
1,1.531006555719839
2,1.509836427891348
3,1.489087585631816
4,1.468751645346858
5,1.448820390226054
6,1.429285767107062
7,1.410139882971195
8,1.391375001958355
9,1.372983542052437
10,1.354958072228468
11,1.337291309232365
12,1.319976114823605
13,1.303005492765784
14,1.286372586101472
15,1.270070674283929
16,1.254093170527127
17,1.238433619076673
18,1.223085692679262
19,1.208043190041228
20,1.193300033196886
21,1.178850265190836
22,1.16468804756857
23,1.150807658060188
24,1.137203488302465
25,1.123870041539602
26,1.1108019303721
27,1.097993874570908
28,1.085440699119065
29,1.073137331852979
30,1.06107880158015
31,1.049260236094738
32,1.037676860040065
33,1.026323993158959
34,1.015197048334521
35,1.004291529715363
36,0.9936030309250531
37,0.9831272332446445
38,0.9728599039535432
39,0.9627968945172607
40,0.9529341389549739
41,0.9432676522276943
42,0.9337935285940772
43,0.9245079400333315
44,0.9154071346639057
45,0.9064874353109663
46,0.8977452380094891
47,0.8891770104071282
48,0.8807792905467806
49,0.8725486853068609
50,0.8644818691200576
51,0.8565755825626837
52,0.8488266311047371
53,0.8412318838006669
54,0.8337882719542694
55,0.8264927879832942
56,0.8193424841560445
57,0.8123344713523336
58,0.8054659180129305
59,0.798734048901302
60,0.7921361439626212
61,0.7856695373486551
62,0.779331616196574
63,0.7731198196776635
64,0.7670316379180669
65,0.7610646109625625
66,0.7552163278474101
67,0.7494844255707103
68,0.7438665881395284
69,0.7383605456813915
70,0.7329640734675786
71,0.7276749910463298
72,0.7224911613662524
73,0.7174104899076089
74,0.7124309237998042
75,0.7075504510525769
76,0.7027670997170334
77,0.6980789370847108
78,0.6934840688778009
79,0.6889806385585334
80,0.6845668264927257
81,0.6802408492844426
82,0.6760009590267183
83,0.6718454425834731
84,0.6677726209235326
85,0.6637808484113713
86,0.6598685121740198
87,0.6560340314266969
88,0.6522758568486274
89,0.6485924699335847
90,0.6449823824309464
91,0.6414441356584236
92,0.6379763000069553
93,0.6345774742833412
94,0.6312462851860872
95,0.6279813867564834
96,0.6247814598007734
97,0.6216452113990234
98,0.6185713743316276
99,0.6155587066150187
100,0.6126059910157587
101,0.6097120344298168
102,0.6068756675959924
103,0.6040957444481461
104,0.6013711417797012
105,0.5987007587029138
106,0.5960835162477114
107,0.5935183569209015
108,0.5910042442585701
109,0.5885401624388855
110,0.5861251158528733
111,0.5837581286823058
112,0.5814382445741594
113,0.5791645261484965
114,0.5769360547273785
115,0.574751929879401
116,0.5726112691161612
117,0.5705132075039547
118,0.5684568973248065
119,0.566441507706411
120,0.5644662243495031
121,0.5625302491343575
122,0.5606327998182936
123,0.5587731097457628
124,0.5569504275018174
125,0.5551640166418126
126,0.5534131553542475
127,0.5516971362045268
128,0.5500152658285244
129,0.5483668646844432
130,0.5467512667297013
131,0.5451678191529001
132,0.5436158822073746
133,0.5420948287944591
134,0.5406040443520496
135,0.5391429265054962
136,0.5377108849155056
137,0.5363073409474058
138,0.5349317275092337
139,0.5335834887741057
140,0.5322620799955912
141,0.530966967251013
142,0.5296976272363912
143,0.5284535471049033
144,0.5272342241538788
145,0.526039165745621
146,0.5248678889875756
147,0.5237199206305178
148,0.5225947968668186
149,0.5214920630490022
150,0.5204112736293344
151,0.5193519919251435
152,0.518313789938646
153,0.5172962481724992
154,0.516298955473286
155,0.515321508890507
156,0.5143635135081517
157,0.5134245822381399
158,0.5125043356931998
159,0.5116024020637804
160,0.5107184169007577
161,0.5098520230467698
162,0.5090028704352771
163,0.5081706159616584
164,0.5073549233396532
165,0.5065554630177994
166,0.505771911937442
167,0.505003953541874
168,0.5042512775184436
169,0.503513579727595
170,0.5027905621269477
171,0.5020819325877121
172,0.5013874047814646
173,0.5007066980651089
174,0.5000395374298807
175,0.4993856532695256
176,0.4987447814139732
177,0.4981166629138006
178,0.4975010439665231
179,0.4968976758218116
180,0.4963063147264098
181,0.4957267217001786
182,0.4951586625781438
183,0.4946019078434278
184,0.4940562325153037
185,0.4935214161343772
186,0.49299724259369
187,0.4924835001138911
188,0.4919799811107169
189,0.4914864821257359
190,0.4910028037863946
191,0.4905287506205414
192,0.4900641311249431
193,0.489608757558482
194,0.4891624459367252
195,0.4887250159040971
196,0.4882962907188564
197,0.487876097183052
198,0.4874642655021128
199,0.4870606292564779
200,0.4866650253811142
201,0.4862772940173631
202,0.4858972785092497
203,0.485524825320734
204,0.4851597839359841
205,0.4848020068813037
206,0.4844513495798254
207,0.4841076703754103
208,0.4837708303835971
209,0.4834406934951694
210,0.4831171263376763
211,0.4827999981711193
212,0.4824891808449654
213,0.4821845487909461
214,0.4818859789147096
215,0.4815933505799216
216,0.4813065455419051
217,0.4810254479339418
218,0.4807499441731053
219,0.4804799229209556
220,0.4802152750960391
221,0.4799558937624094
222,0.4797016741266465
223,0.479452513443969
224,0.4792083110787447
225,0.4789689683229323
226,0.4787343885021704
227,0.4785044768156499
228,0.4782791403647351
229,0.4780582881308688
230,0.4778418308315956
231,0.4776296810497302
232,0.4774217530314677
233,0.4772179627894673
234,0.477018227985967
235,0.476822467878868
236,0.4766306034254422
237,0.4764425570535579
238,0.4762582528159603
239,0.4760776162271606
240,0.4759005743096872
241,0.4757270555106677
242,0.4755569897599599
243,0.4753903083041415
244,0.4752269438061884
245,0.4750668302728751
246,0.4749099029992077
247,0.4747560985707807
248,0.4746053548549466
249,0.4744576109437725
250,0.4743128071163514
251,0.4741708849094945
252,0.4740317869360395
253,0.4738954570257033
254,0.4737618400820944
255,0.4736308820944427
256,0.4735025301827346
257,0.4733767324677955
258,0.4732534381567537
259,0.4731325973818729
260,0.4730141613270042
261,0.4728980821694889
262,0.4727843129747007
263,0.4726728077869498
264,0.4725635215551414
265,0.4724564101136957
266,0.4723514302064885
267,0.4722485393937926
268,0.4721476961002481
269,0.4720488595809749
270,0.4719519899167434
271,0.4718570479786072
272,0.4717639953466494
273,0.4716727944913686
274,0.4715834085295313
275,0.4714958013429362
276,0.4714099375492545
277,0.4713257824292933
278,0.4712433019947857
279,0.4711624629388615
280,0.4710832325650658
281,0.4710055788815806
282,0.4709294704967307
283,0.4708548766793531
284,0.4707817672818738
285,0.4707101127680448
286,0.4706398841696214
287,0.4705710531061839
288,0.4705035918123687
289,0.470437472952565
290,0.4703726699095132
291,0.4703091564225911
292,0.4702469068279654
293,0.4701858960307975
294,0.4701260993668711
295,0.4700674926067163
296,0.4700100521494575
297,0.4699537547692937
298,0.4698985777001906
299,0.4698444986379043
300,0.4697914957459355
301,0.469739547647193
302,0.4696886332685613
303,0.4696387321131548
304,0.469589824002293
305,0.4695418891279427
306,0.4694949081909203
307,0.4694488621670169
308,0.4694037324515486
309,0.4693595008336972
310,0.4693161493979956
311,0.469273660673262
312,0.4692320174401075
313,0.4691912029408585
314,0.4691512006727849
315,0.4691119943960445
316,0.4690735683826091
317,0.4690359069836286
318,0.4689989951036145
319,0.4689628177323495
320,0.4689273603164928
321,0.4688926084861625
322,0.4688585482090612
323,0.4688251657374112
324,0.4687924475845219
325,0.4687603805417226
326,0.4687289515913173
327,0.4686981481188925
328,0.4686679576144838
329,0.4686383678769463
330,0.4686093670223672
331,0.4685809432615356
332,0.4685530851456421
333,0.4685257813788699
334,0.4684990209720092
335,0.4684727931135004
336,0.4684470871605599
337,0.4684218927573582
338,0.468397199750817
339,0.4683729981256557
340,0.468349278091277
341,0.4683260301029524
342,0.4683032447534932
343,0.4682809128246688
344,0.4682590252895231
345,0.4682375733304775
346,0.4682165482763006
347,0.4681959416137706
348,0.4681757450200463
349,0.4681559503204625
350,0.468136549572645
351,0.468117534868021
352,0.4680988985649803
353,0.4680806331346783
354,0.4680627311680469
355,0.4680451854771777
356,0.4680279889189973
357,0.4680111345847824
358,0.4679946156554361
359,0.4679784254588096
360,0.4679625574225201
361,0.4679470051675819
362,0.4679317624258012
363,0.4679168229822932
364,0.4679021808589366
365,0.4678878301041238
366,0.467873764934835
367,0.4678599796314604
368,0.46784646869777
369,0.4678332266041332
370,0.4678202480334404
371,0.4678075277530363
372,0.467795060588749
373,0.4677828415384638
374,0.4677708656447847
375,0.4677591280567456
376,0.4677476240339758
377,0.4677363489692328
378,0.4677252982805611
379,0.4677144674836757
380,0.4677038522151042
381,0.4676934481969209
382,0.4676832512339844
383,0.467673257186617
384,0.4676634619798709
385,0.4676538617547856
386,0.4676444525251741
387,0.4676352305915419
388,0.4676261921524561
389,0.4676173335599432
390,0.467608651265838
391,0.4676001417458127
392,0.467591801571008
393,0.4675836273484689
394,0.4675756158103216
395,0.4675677636977416
396,0.4675600678585233
397,0.4675525251412766
398,0.4675451325285405
399,0.4675378870582249
400,0.4675307857244304
401,0.4675238257599287
402,0.4675170042621354
403,0.4675103185301352
404,0.4675037658147428
405,0.4674973435331833
406,0.4674910490179257
407,0.4674848798034676
408,0.4674788333533444
409,0.4674729071975737
410,0.4674670989899915
411,0.4674614063511454
412,0.4674558270336041
413,0.4674503587163457
414,0.4674449991930106
415,0.46743974635159
416,0.4674345980712519
417,0.4674295521969804
418,0.467424606746163
419,0.4674197597282811
420,0.4674150091612393
421,0.4674103531082664
422,0.467405789710139
423,0.4674013171766605
424,0.4673969336011461
425,0.4673926372598211
426,0.4673884264219954
427,0.4673842993617304
428,0.4673802544609778
429,0.4673762900586617
430,0.4673724045109148
431,0.4673685963056335
432,0.4673648638824813
433,0.4673612057397943
434,0.4673576203994138
435,0.4673541063790055
436,0.4673506623108727
437,0.4673472867673727
438,0.4673439783909465
439,0.4673407358694278
440,0.4673375578962634
441,0.4673344431305662
442,0.467331390354271
443,0.4673283983276966
444,0.4673254658500128
445,0.4673225917102378
446,0.4673197747852764
447,0.4673170139140554
448,0.4673143079617226
449,0.4673116558970459
450,0.4673090565757745
451,0.4673065090136324
452,0.4673040121238482
453,0.4673015649300821
454,0.4672991664264584
455,0.4672968156419794
456,0.467294511662374
457,0.4672922535384301
458,0.4672900403090554
459,0.4672878711590905
460,0.4672857451771006
461,0.4672836614988064
462,0.4672816192813938
463,0.4672796176777499
464,0.4672776559451925
465,0.4672757332381635
466,0.467273848784697
467,0.4672720018433852
468,0.4672701916445846
469,0.4672684174889806
470,0.4672666786217308
471,0.4672649743546374
472,0.4672633040019419
473,0.4672616668765605
474,0.4672600623664245
475,0.4672584897790136
476,0.4672569484869133
477,0.4672554378430465
478,0.467253957267627
479,0.4672525061607807
480,0.4672510839377897
481,0.4672496900232825
482,0.4672483238218273
483,0.4672469848091463
484,0.4672456724647399
485,0.4672443862231451
486,0.4672431255868311
487,0.4672418900348183
488,0.4672406790603714
489,0.4672394921819846
490,0.467238328948463
491,0.4672371888433056
492,0.4672360714276744
493,0.4672349762575435
494,0.4672339028649038
495,0.4672328508383494
496,0.4672318197611917
497,0.4672308092000591
498,0.467229818716646
499,0.4672288479878524
500,0.4672278965412342
501,0.4672269640408214
502,0.4672260501013547
503,0.4672251543634796
504,0.4672242764390162
505,0.4672234159674959
506,0.4672225726321454
507,0.4672217460905038
508,0.4672209359734049
509,0.4672201420052706
510,0.4672193638032547
511,0.4672186011292307
512,0.4672178536114591
513,0.4672171209579439
514,0.46721640288478
515,0.467215699107624
516,0.4672150093430233
517,0.4672143333100228
518,0.4672136707139234
519,0.4672130212971871
520,0.4672123848321799
521,0.4672117610234791
522,0.4672111496261157
523,0.4672105504002548
524,0.4672099630760829
525,0.46720938746787
526,0.4672088232977084
527,0.467208270365628
528,0.4672077284135546
529,0.4672071972747645
530,0.4672066766807932
531,0.4672061664512087
532,0.4672056663799696
533,0.467205176257041
534,0.4672046958978651
535,0.4672042250968683
536,0.4672037636762807
537,0.4672033114133065
538,0.4672028681444675
539,0.4672024337163053
540,0.467202007927345
541,0.4672015906370108
542,0.4672011816166545
543,0.4672007807589653
544,0.4672003878563705
545,0.4672000027849396
546,0.4671996253544812
547,0.4671992554502567
548,0.467198892919743
549,0.4671985375861733
550,0.4671981893261291
551,0.4671978480195143
552,0.4671975134832047
553,0.467197185610995
554,0.4671968642501196
555,0.4671965492946945
556,0.4671962406050761
557,0.4671959380789152
558,0.4671956415535564
559,0.4671953509377063
560,0.4671950660873161
561,0.4671947869074644
562,0.4671945132932124
563,0.4671942451390323
564,0.467193982297909
565,0.467193724694387
566,0.4671934722003684
567,0.4671932247447735
568,0.4671929822293967
569,0.4671927445297864
570,0.4671925115671136
571,0.4671922831978555
572,0.4671920594445388
573,0.4671918400978453
574,0.4671916251014663
575,0.4671914144234016
576,0.4671912079214685
577,0.4671910055158368
578,0.4671908071735817
579,0.4671906127347127
580,0.4671904221799328
581,0.4671902354388394
582,0.467190052392445
583,0.4671898729731527
584,0.4671896971511644
585,0.467189524818755
586,0.4671893559105574
587,0.4671891903693485
588,0.4671890281460125
589,0.4671888691350712
590,0.4671887132795565
591,0.4671885605228127
592,0.4671884108079935
593,0.4671882640719816
594,0.4671881202794447
595,0.4671879793139188
596,0.4671878411849035
597,0.4671877057788962
598,0.4671875730691386
599,0.4671874430171493
600,0.4671873155391042
601,0.4671871906046865
602,0.4671870681605827
603,0.4671869481478376
604,0.4671868305409167
605,0.4671867152535051
606,0.4671866022603864
607,0.4671864915101784
608,0.467186382977293
609,0.4671862766053414
610,0.4671861723236974
611,0.4671860701543223
612,0.4671859700103428
613,0.4671858718225964
614,0.4671857756407788
615,0.4671856813419697
616,0.4671855889257704
617,0.4671854983580377
618,0.4671854095815324
619,0.4671853225578863
620,0.4671852373055818
621,0.4671851537009369
622,0.4671850718061009
623,0.4671849915237207
624,0.4671849128193146
625,0.4671848356983522
626,0.4671847601247963
627,0.4671846860340682
628,0.4671846134320279
629,0.4671845422723819
630,0.4671844725240165
631,0.4671844041633731
632,0.4671843371497943
633,0.4671842714751817
634,0.4671842071446199
635,0.4671841440390459
636,0.4671840822246318
637,0.4671840216316818
638,0.467183962251531
639,0.4671839040412085
640,0.4671838470025169
641,0.4671837910822945
642,0.4671837362923342
643,0.4671836825805545
644,0.4671836299340086
645,0.4671835783626795
646,0.4671835277852249
647,0.4671834782198174
648,0.4671834296573806
649,0.4671833820448062
650,0.4671833353766383
651,0.4671832896624249
652,0.467183244840148
653,0.4671832009000331
654,0.4671831578585341
655,0.4671831156602455
656,0.4671830743104203
657,0.4671830337598048
658,0.467182994017402
659,0.4671829550808252
660,0.4671829169309727
661,0.4671828795180016
662,0.4671828428511653
663,0.4671828069326087
664,0.4671827717384075
665,0.4671827372174484
666,0.4671827033871065
667,0.4671826702349383
668,0.4671826377213591
669,0.4671826058779607
670,0.4671825746683798
671,0.4671825440696711
672,0.4671825140817707
673,0.4671824847298208
674,0.4671824559149944
675,0.4671824276954804
676,0.4671824000097987
677,0.467182372884296
678,0.4671823463210795
679,0.4671823202601634
680,0.4671822947619156
681,0.4671822697340455
682,0.4671822451935227
683,0.4671822211575505
684,0.4671821975977849
685,0.4671821745148608
686,0.4671821518984887
687,0.4671821297100048
688,0.4671821079815213
689,0.4671820866530129
690,0.4671820657722976
691,0.4671820453105589
692,0.4671820252528977
693,0.4671820056000259
694,0.4671819863482159
695,0.4671819674432858
696,0.4671819489368904
697,0.4671819308106493
698,0.4671819130011853
699,0.4671818955915109
700,0.4671818785118975
701,0.4671818617907859
702,0.4671818453691768
703,0.4671818292975713
704,0.4671818135320804
705,0.4671817980969805
706,0.467181782941529
707,0.4671817681077946
708,0.4671817535627835
709,0.4671817393039885
710,0.4671817253564517
711,0.4671817116436484
712,0.4671816982411515
713,0.4671816850822225
714,0.4671816721973107
715,0.4671816595749054
716,0.4671816471805963
717,0.4671816350560408
718,0.4671816231592255
719,0.4671816115032566
720,0.4671816000575303
721,0.4671815888797084
722,0.4671815778972179
723,0.4671815671442305
724,0.4671815566020875
725,0.4671815462745063
726,0.4671815361391284
727,0.4671815262125407
728,0.4671815164831081
729,0.4671815069705929
730,0.4671814976043251
731,0.4671814884443751
732,0.4671814794825787
733,0.4671814706607014
734,0.4671814620304109
735,0.4671814535779714
736,0.4671814453015462
737,0.4671814372083888
738,0.4671814292298398
739,0.4671814214497934
740,0.4671814138151552
741,0.467181406304021
742,0.467181398971078
743,0.4671813917790308
744,0.4671813847100975
745,0.4671813778127091
746,0.4671813710265675
747,0.4671813643894298
748,0.4671813578897882
749,0.4671813515070505
750,0.4671813452425284
751,0.4671813391355072
752,0.4671813331303481
753,0.4671813272362768
754,0.4671813214653562
755,0.4671813157988989
756,0.467181310286945
757,0.4671813048353824
758,0.4671812995114821
759,0.4671812942928596
760,0.4671812892045228
761,0.4671812841907242
762,0.4671812792586796
763,0.4671812744680897
764,0.4671812697259176
765,0.4671812651105481
766,0.4671812605859385
767,0.4671812561357028
768,0.4671812517824867
769,0.4671812475183308
770,0.4671812433443518
771,0.4671812392534284
772,0.4671812352159262
773,0.4671812312834729
774,0.4671812274408138
775,0.4671812236223353
776,0.4671812199469503
777,0.4671812163048971
778,0.4671812127426966
779,0.4671812092550383
780,0.4671812058310464
781,0.4671812024824057
782,0.4671811991926539
783,0.4671811959662694
784,0.4671811928131205
785,0.4671811897400937
786,0.4671811866966397
787,0.4671811837198626
788,0.467181180794131
789,0.4671811779412406
790,0.4671811751611875
791,0.4671811723968705
792,0.4671811697287836
793,0.467181167075943
794,0.4671811645017145
795,0.4671811619699717
796,0.4671811595009034
797,0.4671811570576864
798,0.4671811546892896
799,0.4671811523496913
800,0.4671811500783408
801,0.4671811478318622
802,0.467181145603785
803,0.4671811434536927
804,0.4671811413655527
805,0.4671811393024514
806,0.4671811372816973
807,0.4671811352528249
808,0.4671811333226542
809,0.4671811313954043
810,0.4671811295357623
811,0.4671811277177804
812,0.4671811258970983
813,0.4671811241448211
814,0.4671811224097632
815,0.4671811207211671
816,0.4671811190597828
817,0.4671811174352481
818,0.4671811158642798
819,0.4671811142799273
820,0.4671811127485432
821,0.4671811112598277
822,0.4671811097815026
823,0.4671811083340237
824,0.4671811069152638
825,0.467181105541413
826,0.4671811041895861
827,0.4671811028649647
828,0.4671811015461393
829,0.4671811002953461
830,0.4671810990315476
831,0.4671810978091448
832,0.4671810965971769
833,0.4671810954208582
834,0.4671810942610078
835,0.4671810931369482
836,0.4671810920273876
837,0.4671810909314144
838,0.4671810898704704
839,0.4671810888188198
840,0.4671810878182987
841,0.4671810868026797
842,0.4671810858116689
843,0.4671810848441414
844,0.4671810839148778
845,0.4671810829715254
846,0.4671810820550745
847,0.4671810811926341
848,0.4671810803136915
849,0.4671810794461533
850,0.4671810786121615
851,0.4671810778010368
852,0.4671810769845763
853,0.4671810761947889
854,0.4671810754343129
855,0.4671810746707556
856,0.4671810739418449
857,0.4671810731946779
858,0.4671810724878761
859,0.4671810717732393
860,0.467181071106169
861,0.4671810704398843
862,0.4671810697833834
863,0.4671810691163127
864,0.4671810684791451
865,0.4671810678761967
866,0.4671810672925291
867,0.4671810666886775
868,0.4671810660970679
869,0.4671810655101133
870,0.4671810649480853
871,0.467181064421858
872,0.4671810638619309
873,0.4671810633246368
874,0.4671810628375285
875,0.4671810623254828
876,0.4671810618059211
877,0.4671810613291642
878,0.4671810608745411
879,0.467181060391691
880,0.4671810599368145
881,0.4671810594989453
882,0.4671810590350388
883,0.4671810586049129
884,0.4671810581742268
885,0.4671810577667582
886,0.4671810573799646
887,0.4671810569781742
888,0.4671810565902863
889,0.4671810562062302
890,0.4671810558120548
891,0.4671810554468292
892,0.4671810550993173
893,0.4671810547515038
894,0.4671810544022593
895,0.4671810540488699
896,0.4671810537198201
897,0.4671810534059197
898,0.4671810530636673
899,0.4671810527757895
900,0.4671810524523693
901,0.4671810521511601
902,0.467181051857833
903,0.4671810515907501
904,0.4671810513170392
905,0.4671810510171195
906,0.4671810507517672
907,0.4671810504628735
908,0.467181050231197
909,0.4671810499827969
910,0.4671810497025807
911,0.4671810494481856
912,0.4671810492160774
913,0.4671810489945046
914,0.467181048755496
915,0.467181048528695
916,0.4671810483279715
917,0.4671810480732353
918,0.4671810478882121
919,0.4671810476647056
920,0.4671810474544766
921,0.4671810472803561
922,0.4671810470736214
923,0.4671810468812937
924,0.4671810466871478
925,0.4671810465145147
926,0.4671810463213494
927,0.4671810461550008
928,0.4671810459777703
929,0.4671810457980801
930,0.4671810456348319
931,0.4671810454441906
932,0.4671810453043241
933,0.4671810451522407
934,0.4671810449711299
935,0.4671810448298723
936,0.4671810446940103
937,0.4671810445487067
938,0.4671810443852696
939,0.4671810442689701
940,0.467181044124499
941,0.4671810439940652
942,0.4671810438627298
943,0.4671810437327175
944,0.4671810435972287
945,0.4671810434715642
946,0.4671810433385517
947,0.4671810432513348
948,0.467181043118269
949,0.4671810430193112
950,0.4671810428824887
951,0.4671810427640756
952,0.4671810426778881
953,0.4671810425668292
954,0.4671810424669513
955,0.4671810423805784
956,0.4671810422562153
957,0.4671810421518605
958,0.4671810420512452
959,0.4671810419654714
960,0.4671810418623182
961,0.4671810417859998
962,0.4671810417028416
963,0.4671810416366345
964,0.4671810415425807
965,0.4671810414371489
966,0.4671810413757827
967,0.4671810413051615
968,0.4671810411984564
969,0.46718104114715
970,0.4671810410639785
971,0.4671810409872925
972,0.4671810409074056
973,0.467181040839535
974,0.4671810407617039
975,0.4671810406969681
976,0.4671810406497758
977,0.4671810405756423
978,0.4671810405049021
979,0.4671810404325853
980,0.4671810403860882
981,0.4671810403171685
982,0.4671810402583618
983,0.4671810402198471
984,0.4671810401729641
985,0.4671810400939244
986,0.4671810400398075
987,0.4671810400058953
988,0.4671810399305306
989,0.4671810398852548
990,0.4671810398303754
991,0.4671810397799274
992,0.4671810397318768
993,0.4671810396985169
994,0.4671810396543432
995,0.4671810395882028
996,0.4671810395693772
997,0.4671810395070953
998,0.4671810394700202
999,0.4671810394258117
1000,0.4671810393804471
1001,0.4671810393324303
1002,0.4671810393217405
1003,0.4671810392525035
1004,0.4671810392212766
1005,0.4671810391765333
1006,0.4671810391409973
1007,0.4671810391074446
1008,0.4671810390838897
1009,0.4671810390670577
1010,0.4671810390043092
1011,0.4671810389870789
1012,0.4671810389558426
1013,0.467181038926178
1014,0.4671810388879942
1015,0.4671810388674992
1016,0.4671810388456576
1017,0.4671810387910642
1018,0.4671810387757415
1019,0.4671810387344238
1020,0.4671810387065694
1021,0.4671810386813126
1022,0.4671810386741609
1023,0.4671810386348474
1024,0.4671810385936461
1025,0.4671810385791504
1026,0.4671810385758283
1027,0.4671810385341113
1028,0.4671810385154619
1029,0.4671810384885154
1030,0.4671810384778855
1031,0.4671810384326696
1032,0.4671810384329886
1033,0.4671810384174823
1034,0.4671810383863574
1035,0.4671810383730033
1036,0.4671810383517911
1037,0.4671810383147407
1038,0.4671810383064156
1039,0.4671810382878667
1040,0.4671810382791915
1041,0.467181038248608
1042,0.4671810382230295
1043,0.4671810381989841
1044,0.4671810381944158
1045,0.4671810381642597
1046,0.4671810381659878
1047,0.4671810381477852
1048,0.4671810381310232
1049,0.4671810381039598
1050,0.4671810381008867
1051,0.4671810380741027
1052,0.4671810380794523
1053,0.4671810380596482
1054,0.4671810380522978
1055,0.4671810380286622
1056,0.4671810380323141
1057,0.4671810380060048
1058,0.4671810380073814
1059,0.4671810379893281
1060,0.4671810379753696
1061,0.4671810379662008
1062,0.4671810379422439
1063,0.4671810379501535
1064,0.4671810379212192
1065,0.4671810379104093
1066,0.4671810378941882
1067,0.4671810379013758
1068,0.4671810378920445
1069,0.4671810378617026
1070,0.4671810378575051
1071,0.4671810378562254
1072,0.4671810378508789
1073,0.4671810378299575
1074,0.4671810378162368
1075,0.4671810378141086
1076,0.4671810377924713
1077,0.4671810378110338
1078,0.4671810377688758
1079,0.4671810377821993
1080,0.4671810377729529
1081,0.4671810377466115
1082,0.4671810377646562
1083,0.4671810377340117
1084,0.4671810377341878
1085,0.4671810377330988
1086,0.4671810377277264
1087,0.4671810377285087
1088,0.467181037710561
1089,0.4671810376833228
1090,0.4671810376835641
1091,0.467181037677215
1092,0.4671810376735882
1093,0.4671810376798728
1094,0.4671810376743489
1095,0.4671810376635889
1096,0.4671810376549753
1097,0.4671810376290936
1098,0.4671810376469918
1099,0.4671810376291722
1100,0.4671810376455098
1101,0.4671810376157908
1102,0.4671810376063371
1103,0.4671810376078951
1104,0.4671810376242847
1105,0.467181037614983
1106,0.4671810375992802
1107,0.4671810376098533
1108,0.4671810375721699
1109,0.4671810375824701
1110,0.4671810375820791
1111,0.4671810375626133
1112,0.4671810375873192
1113,0.4671810375731359
1114,0.4671810375661303
1115,0.4671810375532347
1116,0.4671810375498452
1117,0.4671810375368805
1118,0.4671810375441526
1119,0.4671810375602217
1120,0.4671810375402
1121,0.4671810375338619
1122,0.4671810375489612
1123,0.4671810375240781
1124,0.4671810375272221
1125,0.4671810375136922
1126,0.467181037508193
1127,0.4671810375264878
1128,0.4671810375126476
1129,0.4671810375020141
1130,0.4671810374955431
1131,0.4671810375116467
1132,0.467181037486166
1133,0.4671810374919031
1134,0.4671810374792935
1135,0.4671810374905608
1136,0.4671810374939618
1137,0.4671810374908547
1138,0.4671810374860798
1139,0.4671810374897546
1140,0.4671810374798222
1141,0.4671810374720133
1142,0.4671810374841425
1143,0.4671810374549679
1144,0.4671810374875003
1145,0.467181037449916
1146,0.4671810374686226
1147,0.4671810374629356
1148,0.4671810374671259
1149,0.4671810374610129
1150,0.4671810374634692
1151,0.4671810374771387
1152,0.4671810374631151
1153,0.4671810374537995
1154,0.4671810374542608
1155,0.4671810374459232
1156,0.4671810374526794
1157,0.467181037438772
1158,0.4671810374312694
1159,0.4671810374393325
1160,0.4671810374508621
1161,0.4671810374216584
1162,0.4671810374409754
1163,0.4671810374506733
1164,0.4671810374431475
1165,0.4671810374388903
1166,0.4671810374220781
1167,0.4671810374206561
1168,0.4671810374408183
1169,0.4671810374274228
1170,0.4671810374473538
1171,0.4671810374309577
1172,0.4671810374182818
1173,0.4671810374223491
1174,0.4671810374234651
1175,0.4671810374209382
1176,0.467181037426066
1177,0.4671810374081156
1178,0.4671810374045269
1179,0.467181037416119
1180,0.4671810374091733
1181,0.4671810373981412
1182,0.4671810373995811
1183,0.4671810374288283
1184,0.4671810374202793
1185,0.4671810373930128
1186,0.4671810374171629
1187,0.4671810373980523
1188,0.4671810374037295
1189,0.4671810373964455
1190,0.4671810373946447
1191,0.4671810374026737
1192,0.4671810373904431
1193,0.4671810373878689
1194,0.4671810373989908
1195,0.4671810374078435
1196,0.4671810374015347
1197,0.4671810373918652
1198,0.4671810373869719
1199,0.4671810374069002
1200,0.467181037402771
1201,0.4671810373887667
1202,0.4671810374131581
1203,0.4671810373692247
1204,0.4671810373822621
1205,0.4671810373987909
1206,0.4671810373872543
1207,0.4671810374008664
1208,0.467181037388985
1209,0.4671810373808582
1210,0.4671810373979876
1211,0.4671810373720353
1212,0.4671810373843053
1213,0.467181037381632
1214,0.4671810373733962
1215,0.4671810373860074
1216,0.4671810373950924
1217,0.4671810373827439
1218,0.4671810373862334
1219,0.467181037372166
1220,0.467181037381845
1221,0.4671810374000805
1222,0.4671810373906157
1223,0.4671810373680472
1224,0.4671810373944418
1225,0.4671810373789445
1226,0.4671810373782416
1227,0.4671810373764891
1228,0.4671810373842785
1229,0.4671810373922055
1230,0.4671810373727333
1231,0.4671810373801003
1232,0.4671810373916167
1233,0.4671810373910283
1234,0.4671810373925454
1235,0.4671810373904471
1236,0.4671810373761254
1237,0.4671810373890067
1238,0.4671810373932866
1239,0.4671810373799277
1240,0.4671810373676917
1241,0.4671810373657514
1242,0.4671810373821706
1243,0.4671810373876678
1244,0.4671810373735194
1245,0.4671810373762011
1246,0.4671810373721941
1247,0.4671810373590424
1248,0.4671810373674404
1249,0.4671810373635763
1250,0.4671810373930375
1251,0.4671810373539279
1252,0.4671810373771167
1253,0.4671810373657998
1254,0.4671810373863609
1255,0.4671810373768316
1256,0.4671810373728509
1257,0.4671810373818557
1258,0.4671810373824713
1259,0.467181037355429
1260,0.4671810373564607
1261,0.4671810373650581
1262,0.4671810373605259
1263,0.4671810373876261
1264,0.4671810373665194
1265,0.4671810373577043
1266,0.4671810373758408
1267,0.4671810373711831
1268,0.4671810373657265
1269,0.4671810373584726
1270,0.4671810373578166
1271,0.4671810373549817
1272,0.4671810373822446
1273,0.4671810373549498
1274,0.4671810373874446
1275,0.467181037367284
1276,0.4671810373603538
1277,0.4671810373751146
1278,0.4671810373588816
1279,0.4671810373812333
1280,0.467181037368108
1281,0.467181037382192
1282,0.4671810373633904
1283,0.467181037365375
1284,0.4671810373738257
1285,0.4671810373552197
1286,0.4671810373559995
1287,0.4671810373636428
1288,0.4671810373714621
1289,0.4671810373578862
1290,0.4671810373620867
1291,0.4671810373523349
1292,0.4671810373626673
1293,0.4671810373724368
1294,0.4671810373527207
1295,0.4671810373731702
1296,0.4671810373597074
1297,0.4671810373543175
1298,0.4671810373805851
1299,0.4671810373588337
1300,0.4671810373527472
1301,0.4671810373797182
1302,0.4671810373739094
1303,0.4671810373569778
1304,0.4671810373609146
1305,0.4671810373482054
1306,0.4671810373544735
1307,0.4671810373563405
1308,0.467181037352126
1309,0.467181037349002
1310,0.4671810373611497
1311,0.4671810373466311
1312,0.467181037355103
1313,0.4671810373382169
1314,0.4671810373657698
1315,0.4671810373784139
1316,0.4671810373726392
1317,0.4671810373678867
1318,0.4671810373462136
1319,0.46718103734235
1320,0.4671810373661118
1321,0.4671810373768751
1322,0.4671810373628395
1323,0.4671810373554532
1324,0.4671810373452433
1325,0.4671810373663228
1326,0.4671810373657481
1327,0.4671810373550517
1328,0.4671810373654768
1329,0.4671810373536756
1330,0.4671810373466286
1331,0.4671810373623708
1332,0.4671810373684297
1333,0.467181037349588
1334,0.4671810373685514
1335,0.4671810373474843
1336,0.4671810373609239
1337,0.467181037368384
1338,0.4671810373432779
1339,0.4671810373610029
1340,0.4671810373684754
1341,0.4671810373522501
1342,0.4671810373685993
1343,0.4671810373598897
1344,0.4671810373762725
1345,0.4671810373481555
1346,0.4671810373411192
1347,0.4671810373416075
1348,0.4671810373437157
1349,0.4671810373702862
1350,0.4671810373544934
1351,0.4671810373455537
1352,0.4671810373537018
1353,0.4671810373533234
1354,0.4671810373688655
1355,0.467181037346913
1356,0.4671810373749168
1357,0.4671810373668477
1358,0.4671810373587021
1359,0.4671810373503697
1360,0.4671810373561463
1361,0.4671810373578826
1362,0.4671810373681717
1363,0.4671810373425671
1364,0.4671810373581574
1365,0.4671810373706627
1366,0.4671810373462993
1367,0.4671810373563058
1368,0.4671810373709293
1369,0.4671810373533731
1370,0.4671810373568214
1371,0.4671810373726564
1372,0.4671810373462733
1373,0.4671810373632898
1374,0.4671810373625053
1375,0.4671810373713551
1376,0.4671810373459281
1377,0.4671810373371132
1378,0.4671810373694307
1379,0.4671810373629888
1380,0.4671810373558427
1381,0.4671810373377321
1382,0.4671810373542225
1383,0.4671810373707044
1384,0.4671810373456433
1385,0.4671810373418608
1386,0.4671810373732714
1387,0.4671810373634379
1388,0.4671810373415164
1389,0.4671810373644364
1390,0.4671810373621522
1391,0.4671810373650686
1392,0.4671810373550907
1393,0.4671810373655569
1394,0.4671810373424719
1395,0.4671810373423391
1396,0.4671810373438688
1397,0.4671810373664483
1398,0.46718103737347
1399,0.4671810373400776
1400,0.4671810373727897
1401,0.4671810373461585
1402,0.4671810373558403
1403,0.4671810373616793
1404,0.4671810373407477
1405,0.4671810373566008
1406,0.4671810373557621
1407,0.4671810373508037
1408,0.4671810373579103
1409,0.4671810373557939
1410,0.4671810373533569
1411,0.4671810373524493
1412,0.4671810373591649
1413,0.4671810373514456
1414,0.4671810373580195
1415,0.4671810373547869
1416,0.4671810373726136
1417,0.4671810373767877
1418,0.4671810373589004
1419,0.467181037339251
1420,0.4671810373640136
1421,0.4671810373599236
1422,0.46718103735817
1423,0.4671810373474052
1424,0.4671810373510832
1425,0.4671810373563913
1426,0.4671810373688325
1427,0.4671810373670586
1428,0.4671810373422974
1429,0.4671810373441048
1430,0.4671810373675288
1431,0.4671810373701872
1432,0.4671810373639622
1433,0.4671810373591316
1434,0.4671810373575648
1435,0.4671810373562493
1436,0.4671810373561234
1437,0.4671810373575443
1438,0.4671810373491586
1439,0.4671810373551369
1440,0.4671810373499933
1441,0.4671810373457271
1442,0.4671810373429515
1443,0.4671810373478646
1444,0.46718103736436
1445,0.4671810373655702
1446,0.4671810373415211
1447,0.4671810373453206
1448,0.4671810373590356
1449,0.4671810373591747
1450,0.4671810373699285
1451,0.4671810373574192
1452,0.4671810373581996
1453,0.467181037350252
1454,0.4671810373512227
1455,0.4671810373609684
1456,0.4671810373685798
1457,0.4671810373335513
1458,0.4671810373622829
1459,0.4671810373618113
1460,0.4671810373470318
1461,0.4671810373466941
1462,0.4671810373522774
1463,0.4671810373404175
1464,0.4671810373385609
1465,0.4671810373570518
1466,0.4671810373559463
1467,0.4671810373515788
1468,0.4671810373404217
1469,0.4671810373675233
1470,0.4671810373515732
1471,0.4671810373710742
1472,0.4671810373645577
1473,0.4671810373482044
1474,0.4671810373601043
1475,0.4671810373668137
1476,0.4671810373464854
1477,0.4671810373617792
1478,0.4671810373704179
1479,0.4671810373412602
1480,0.467181037372062
1481,0.4671810373753642
1482,0.4671810373491225
1483,0.4671810373706939
1484,0.4671810373747056
1485,0.4671810373511648
1486,0.4671810373586874
1487,0.4671810373545555
1488,0.4671810373634734
1489,0.4671810373476178
1490,0.4671810373457346
1491,0.4671810373438783
1492,0.4671810373508338
1493,0.4671810373469231
1494,0.4671810373347354
1495,0.467181037341017
1496,0.4671810373621751
1497,0.4671810373549479
1498,0.4671810373499073
1499,0.4671810373595278
1500,0.4671810373520858
