#Exponential aproximation (linear regression) vs Original set
#ExpLr(x), ExpLr(CDF) 
1e-08,2.245981178816692e-13
1.020960662306048e-08,2.292610545850948e-13
1.042360673976401e-08,2.34035013590983e-13
1.064209244064725e-08,2.389199948993337e-13
1.086515774652537e-08,2.440270208126094e-13
1.109289864895223e-08,2.491340467258851e-13
1.132541315152813e-08,2.543520949416234e-13
1.156280131207375e-08,2.596811654598241e-13
1.180516528568806e-08,2.651212582804874e-13
1.205260936870841e-08,2.706723734036132e-13
1.230524004359262e-08,2.763345108292015e-13
1.256316602474122e-08,2.821076705572523e-13
1.28264983052806e-08,2.879918525877656e-13
1.309535020482668e-08,2.94098079223204e-13
1.336983741824945e-08,3.002043058586423e-13
1.365007806546014e-08,3.065325770990057e-13
1.393619274224144e-08,3.129718706418316e-13
1.422830457214352e-08,3.195221864871201e-13
1.452653925946781e-08,3.26183524634871e-13
1.483102514336103e-08,3.33066907387547e-13
1.514189325304352e-08,3.400613124426854e-13
1.545927736419478e-08,3.471667398002865e-13
1.578331405652117e-08,3.5438318946035e-13
1.61141427725302e-08,3.618216837253385e-13
1.645190587753661e-08,3.693712002927896e-13
1.679674872092653e-08,3.771427614651657e-13
1.714881969870541e-08,3.850253449400043e-13
1.750827031735723e-08,3.931299730197679e-13
1.787525525904235e-08,4.013456234019941e-13
1.824993244816151e-08,4.097833183891453e-13
1.86324631193156e-08,4.184430579812215e-13
1.902301188668946e-08,4.271027975732977e-13
1.942174681489025e-08,4.360956040727615e-13
1.982883949127072e-08,4.451994328746878e-13
2.024446509976802e-08,4.546363285840016e-13
2.066880249629082e-08,4.640732242933154e-13
2.110203428568597e-08,4.738431869100168e-13
2.154434690031882e-08,4.837241718291807e-13
2.199593068030075e-08,4.939382236557321e-13
2.245697995539776e-08,5.042632977847461e-13
2.292769312865649e-08,5.148104165186851e-13
2.340827276178294e-08,5.255795798575491e-13
2.389892566231048e-08,5.366818101038007e-13
2.43998629725955e-08,5.478950626525148e-13
2.491130026067791e-08,5.593303598061539e-13
2.543345761304648e-08,5.710987238671805e-13
2.596655972934873e-08,5.830891325331322e-13
2.651083601908536e-08,5.953015858040089e-13
2.706652070033241e-08,6.077360836798107e-13
2.763385290053173e-08,6.20503648463e-13
2.821307675939471e-08,6.334932578511143e-13
2.880444153396298e-08,6.468159341466162e-13
2.940820170587061e-08,6.603606550470431e-13
3.002461709085549e-08,6.742384428548576e-13
3.06539529505653e-08,6.883382752675971e-13
3.12964801067075e-08,7.027711745877241e-13
3.195247505759214e-08,7.175371408152387e-13
3.262222009711667e-08,7.325251516476783e-13
3.330600343624589e-08,7.478462293875054e-13
3.40041193270371e-08,7.635003740347202e-13
3.471686818926559e-08,7.795986078917849e-13
3.544455673970436e-08,7.959188863537747e-13
3.618749812411276e-08,8.125722317231521e-13
3.694601205199302e-08,8.296696663023795e-13
3.772042493417001e-08,8.469891454865319e-13
3.851107002325569e-08,8.647527138805344e-13
3.93182875570577e-08,8.828493491819245e-13
4.014242490499318e-08,9.013900736931646e-13
4.098383671757262e-08,9.202638651117923e-13
4.184288507901584e-08,9.3958174574027e-13
4.271993966306777e-08,9.592326932761353e-13
4.361537789208006e-08,9.793277300218506e-13
4.45295850994266e-08,9.99866855977416e-13
4.546295469532399e-08,1.020850071142831e-12
4.641588833612782e-08,1.042277375518097e-12
4.738879609717651e-08,1.064148769103213e-12
4.838209664925958e-08,1.086464251898178e-12
4.939621743878326e-08,1.109223823902994e-12
5.043159487171359e-08,1.13242748511766e-12
5.148867450137498e-08,1.156186257844638e-12
5.256791122018419e-08,1.180389119781466e-12
5.366976945540476e-08,1.205147093230607e-12
5.479472336900293e-08,1.230349155889598e-12
5.594325706169378e-08,1.256217352363365e-12
5.711586478126435e-08,1.282529638046981e-12
5.831305113526219e-08,1.30939703524291e-12
5.95353313081437e-08,1.336819543951151e-12
6.078323128297236e-08,1.364908186474167e-12
6.2057288067765e-08,1.393440918207034e-12
6.335804992658255e-08,1.422639783754676e-12
6.46860766154632e-08,1.452504783117092e-12
6.604193962330306e-08,1.482924893991822e-12
6.742622241778349e-08,1.514011138681326e-12
6.883952069645497e-08,1.545763517185605e-12
7.028244264308353e-08,1.57818202950466e-12
7.175560918936921e-08,1.61126667563849e-12
7.32596542821523e-08,1.645017455587094e-12
7.479522515621828e-08,1.679545391652937e-12
7.636298261282242e-08,1.714739461533554e-12
7.796360130405237e-08,1.750710687531409e-12
7.959777002314978e-08,1.78734804734404e-12
8.126619200091946e-08,1.824762563273907e-12
8.296958520834915e-08,1.863065257623475e-12
8.470868266557402e-08,1.902145108090281e-12
8.648423275731727e-08,1.942002114674324e-12
8.829699955494083e-08,1.982636277375605e-12
9.014776314524918e-08,2.024269640799048e-12
9.20373199661823e-08,2.066680160339729e-12
9.396648314954691e-08,2.10997885830011e-12
9.593608287093146e-08,2.154276756982654e-12
9.794696670695386e-08,2.199351811782435e-12
1e-07,2.245426067304379e-12
1.020960662306048e-07,2.292499523548486e-12
1.042360673976401e-07,2.340572180514755e-12
1.064209244064725e-07,2.389644038203187e-12
1.086515774652537e-07,2.439715096613781e-12
1.109289864895223e-07,2.490896378049001e-12
1.132541315152813e-07,2.543076860206384e-12
1.156280131207375e-07,2.596367565388391e-12
1.180516528568806e-07,2.650879515897486e-12
1.205260936870841e-07,2.706390667128744e-12
1.230524004359261e-07,2.76312306368709e-12
1.256316602474121e-07,2.821076705572523e-12
1.28264983052806e-07,2.880140570482581e-12
1.309535020482668e-07,2.94053670302219e-12
1.336983741824945e-07,3.002154080888886e-12
1.365007806546014e-07,3.065103726385132e-12
1.393619274224144e-07,3.129385639510929e-12
1.422830457214352e-07,3.194888797963813e-12
1.452653925946781e-07,3.261946268651172e-12
1.483102514336103e-07,3.33022498466562e-12
1.514189325304352e-07,3.400058012914542e-12
1.545927736419479e-07,3.471334331095477e-12
1.578331405652117e-07,3.544164961510887e-12
1.61141427725302e-07,3.61843888185831e-12
1.645190587753661e-07,3.694267114440208e-12
1.679674872092653e-07,3.771649659256582e-12
1.714881969870541e-07,3.850697538609893e-12
1.750827031735723e-07,3.931410752500142e-12
1.787525525904236e-07,4.013900323229791e-12
1.824993244816151e-07,4.097944206193915e-12
1.86324631193156e-07,4.183875468299902e-12
1.902301188668946e-07,4.27158308724529e-12
1.942174681489024e-07,4.361067063030077e-12
1.982883949127071e-07,4.45254944025919e-12
2.024446509976802e-07,4.545808174327703e-12
2.066880249629082e-07,4.641176332143004e-12
2.110203428568597e-07,4.738431869100168e-12
2.154434690031882e-07,4.837685807501657e-12
2.199593068030075e-07,4.939160191952396e-12
2.245697995539772e-07,5.042632977847461e-12
2.292769312865649e-07,5.148326209791776e-12
2.340827276178294e-07,5.256239887785341e-12
2.389892566231048e-07,5.366485034130619e-12
2.43998629725955e-07,5.478950626525148e-12
2.491130026067786e-07,5.593747687271389e-12
2.543345761304648e-07,5.710987238671805e-12
2.596655972934872e-07,5.83078030302886e-12
2.651083601908536e-07,5.952904835737627e-12
2.706652070033241e-07,6.077693903705494e-12
2.763385290053167e-07,6.205147506932462e-12
2.82130767593947e-07,6.335154623116068e-12
2.880444153396298e-07,6.467937296861237e-12
2.940820170587061e-07,6.603606550470431e-12
3.002461709085549e-07,6.741940339338726e-12
3.065395295056524e-07,6.883271730373508e-12
3.12964801067075e-07,7.027600723574778e-12
3.195247505759214e-07,7.174816296640074e-12
3.262222009711673e-07,7.325251516476783e-12
3.330600343624589e-07,7.478795360782442e-12
3.400411932703703e-07,7.635558851859514e-12
3.471686818926559e-07,7.795653012010462e-12
3.544455673970435e-07,7.958966818932822e-12
3.618749812411284e-07,8.125833339533983e-12
3.694601205199302e-07,8.296141551511482e-12
3.772042493416994e-07,8.470002477167782e-12
3.851107002325569e-07,8.647638161107807e-12
3.93182875570577e-07,8.828826558726632e-12
4.014242490499326e-07,9.013900736931646e-12
4.098383671757261e-07,9.202860695722848e-12
4.184288507901585e-07,9.395706435100237e-12
4.271993966306776e-07,9.59265999966874e-12
4.361537789208006e-07,9.793721389428356e-12
4.45295850994266e-07,9.999001626681547e-12
4.5462954695324e-07,1.020861173373078e-11
4.641588833612782e-07,1.042255171057604e-11
4.738879609717651e-07,1.064104360182228e-11
4.838209664925957e-07,1.086408740746947e-11
4.939621743878326e-07,1.109179414982009e-11
5.043159487171359e-07,1.13242748511766e-11
5.148867450137498e-07,1.156164053384146e-11
5.25679112201842e-07,1.180400222011713e-11
5.366976945540476e-07,1.205147093230607e-11
5.479472336900293e-07,1.23040466704083e-11
5.594325706169378e-07,1.256195147902872e-11
5.711586478126435e-07,1.282529638046981e-11
5.831305113526218e-07,1.309408137473156e-11
5.95353313081437e-07,1.33685285064189e-11
6.078323128297237e-07,1.364874879783429e-11
6.205728806776501e-07,1.393485327128019e-11
6.335804992658255e-07,1.422695294905907e-11
6.468607661546321e-07,1.452515885347339e-11
6.604193962330305e-07,1.48295820068256e-11
6.742622241778349e-07,1.514044445372065e-11
6.883952069645496e-07,1.545774619415852e-11
7.028244264308353e-07,1.57818202950466e-11
7.175560918936921e-07,1.611255573408243e-11
7.32596542821523e-07,1.645028557817341e-11
7.479522515621828e-07,1.679512084962198e-11
7.636298261282241e-07,1.714717257073062e-11
7.796360130405236e-07,1.750655176380178e-11
7.959777002314978e-07,1.78734804734404e-11
8.126619200091945e-07,1.824818074425139e-11
8.296958520834915e-07,1.863065257623475e-11
8.470868266557403e-07,1.902111801399542e-11
8.648423275731727e-07,1.941991012444078e-11
8.829699955494083e-07,1.982691788526836e-11
9.014776314524917e-07,2.024247436338555e-11
9.20373199661823e-07,2.066680160339729e-11
9.396648314954691e-07,2.110001062760603e-11
9.593608287093148e-07,2.154221245831422e-11
9.794696670695385e-07,2.199374016242928e-11
1e-06,2.24548157845561e-11
1.020960662306047e-06,2.292543932469471e-11
1.042360673976401e-06,2.340594384975248e-11
1.064209244064725e-06,2.389655140433433e-11
1.086515774652537e-06,2.43974840330452e-11
1.109289864895223e-06,2.490885275818755e-11
1.132541315152813e-06,2.543099064666876e-11
1.156280131207375e-06,2.59640087207913e-11
1.180516528568805e-06,2.650824004746255e-11
1.205260936870841e-06,2.706390667128744e-11
1.230524004359262e-06,2.763111961456843e-11
1.256316602474121e-06,2.821032296651538e-11
1.28264983052806e-06,2.880162774943074e-11
1.309535020482668e-06,2.94053670302219e-11
1.336983741824945e-06,3.002165183119132e-11
1.365007806546014e-06,3.065092624154886e-11
1.393619274224143e-06,3.129341230589944e-11
1.422830457214352e-06,3.194933206884798e-11
1.452653925946781e-06,3.261901859730187e-11
1.483102514336103e-06,3.330280495816851e-11
1.514189325304352e-06,3.400080217375034e-11
1.545927736419479e-06,3.471345433325723e-11
1.57833140565212e-06,3.544109450359656e-11
1.61141427725302e-06,3.618394472937325e-11
1.645190587753661e-06,3.694244909979716e-11
1.679674872092653e-06,3.771671863717074e-11
1.714881969870541e-06,3.850730845300632e-11
1.750827031735727e-06,3.931444059190881e-11
1.787525525904235e-06,4.013855914308806e-11
1.82499324481615e-06,4.0979886151149e-11
1.86324631193156e-06,4.183886570530149e-11
1.902301188668946e-06,4.27158308724529e-11
1.942174681489028e-06,4.361111471951062e-11
1.982883949127071e-06,4.452527235798698e-11
2.024446509976802e-06,4.545852583248688e-11
2.066880249629082e-06,4.641143025452266e-11
2.110203428568597e-06,4.738420766869922e-11
2.154434690031886e-06,4.837741318652888e-11
2.199593068030075e-06,4.939137987491904e-11
2.245697995539772e-06,5.0426662845382e-11
2.292769312865649e-06,5.148370618712761e-11
2.340827276178294e-06,5.256284296706326e-11
2.389892566231052e-06,5.36645172743988e-11
2.43998629725955e-06,5.478939524294901e-11
2.491130026067786e-06,5.593780993962127e-11
2.543345761304648e-06,5.71103164759279e-11
2.596655972934872e-06,5.830735894107875e-11
2.651083601908542e-06,5.952949244658612e-11
2.706652070033241e-06,6.077727210396233e-11
2.763385290053167e-06,6.20512530247197e-11
2.821307675939471e-06,6.335187929806807e-11
2.880444153396298e-06,6.467981705782222e-11
2.940820170587067e-06,6.6035510393192e-11
3.002461709085549e-06,6.741962543799218e-11
3.065395295056524e-06,6.883282832603754e-11
3.129648010670751e-06,7.027556314653793e-11
3.195247505759214e-06,7.174860705561059e-11
3.262222009711673e-06,7.325251516476783e-11
3.330600343624589e-06,7.478795360782442e-11
3.400411932703702e-06,7.635558851859514e-11
3.47168681892656e-06,7.79559750085923e-11
3.544455673970436e-06,7.959000125623561e-11
3.618749812411284e-06,8.125833339533983e-11
3.694601205199302e-06,8.296152653741728e-11
3.772042493416993e-06,8.470046886088767e-11
3.851107002325569e-06,8.647582649956576e-11
3.93182875570577e-06,8.828837660956879e-11
4.014242490499326e-06,9.013900736931646e-11
4.098383671757261e-06,9.202838491262355e-11
4.184288507901576e-06,9.395739741790976e-11
4.271993966306777e-06,9.592671101898986e-11
4.361537789208005e-06,9.793743593888848e-11
4.45295850994266e-06,9.99902383114204e-11
4.5462954695324e-06,1.020861173373078e-10
4.641588833612773e-06,1.042259611949703e-10
4.738879609717651e-06,1.064105470405252e-10
4.838209664925957e-06,1.086409850969972e-10
4.939621743878326e-06,1.109181635428058e-10
5.043159487171359e-06,1.132430815786734e-10
5.148867450137487e-06,1.156167384053219e-10
5.25679112201842e-06,1.180401332234737e-10
5.366976945540476e-06,1.205143762561534e-10
5.479472336900293e-06,1.23040466704083e-10
5.594325706169378e-06,1.256194037679847e-10
5.711586478126423e-06,1.282525197154882e-10
5.831305113526219e-06,1.309408137473156e-10
5.95353313081437e-06,1.336853960864914e-10
6.078323128297237e-06,1.364874879783429e-10
6.205728806776501e-06,1.393484216904994e-10
6.335804992658241e-06,1.422691964236833e-10
6.468607661546321e-06,1.452512554678265e-10
6.604193962330305e-06,1.48295820068256e-10
6.742622241778349e-06,1.514042224926015e-10
6.883952069645496e-06,1.545777950084926e-10
7.028244264308338e-06,1.578177588612562e-10
7.175560918936921e-06,1.611257793854293e-10
7.32596542821523e-06,1.64503077826339e-10
7.479522515621829e-06,1.679512084962198e-10
7.636298261282242e-06,1.714715036627013e-10
7.796360130405221e-06,1.750657396826227e-10
7.959777002314978e-06,1.787351378013113e-10
8.126619200091945e-06,1.824815853979089e-10
8.296958520834915e-06,1.863065257623475e-10
8.470868266557402e-06,1.90211624229164e-10
8.648423275731709e-06,1.941985461328954e-10
8.829699955494083e-06,1.982691788526836e-10
9.014776314524917e-06,2.024249656784605e-10
9.20373199661823e-06,2.066679050116704e-10
9.396648314954691e-06,2.109998842314553e-10
9.593608287093147e-06,2.154225686723521e-10
9.794696670695386e-06,2.199379567358051e-10
1e-05,2.245479358009561e-10
1.020960662306048e-05,2.29254615291552e-10
1.042360673976401e-05,2.340599936090371e-10
1.064209244064725e-05,2.389660691548556e-10
1.086515774652537e-05,2.439749513527545e-10
1.109289864895223e-05,2.490887496264804e-10
1.132541315152813e-05,2.543099064666876e-10
1.156280131207375e-05,2.596404202748204e-10
1.180516528568806e-05,2.650826225192304e-10
1.205260936870841e-05,2.706389556905719e-10
1.230524004359262e-05,2.763116402348942e-10
1.256316602474121e-05,2.821033406874562e-10
1.28264983052806e-05,2.880163885166098e-10
1.309535020482668e-05,2.94053448257614e-10
1.336983741824945e-05,3.002169624011231e-10
1.365007806546014e-05,3.065097065046984e-10
1.393619274224143e-05,3.129343451035993e-10
1.422830457214352e-05,3.194936537553872e-10
1.452653925946781e-05,3.261905190399261e-10
1.483102514336103e-05,3.330277165147777e-10
1.514189325304352e-05,3.400081327598059e-10
1.545927736419479e-05,3.471349874217822e-10
1.578331405652116e-05,3.544111670805705e-10
1.61141427725302e-05,3.618397803606399e-10
1.645190587753661e-05,3.694242689533667e-10
1.679674872092653e-05,3.771676304609173e-10
1.714881969870541e-05,3.850733065746681e-10
1.750827031735727e-05,3.93144627963693e-10
1.787525525904236e-05,4.013852583639732e-10
1.82499324481615e-05,4.097985284445826e-10
1.86324631193156e-05,4.18388212963805e-10
1.902301188668946e-05,4.271578646353191e-10
1.942174681489028e-05,4.361113692397112e-10
1.982883949127071e-05,4.452526125575673e-10
2.024446509976802e-05,4.545853693471713e-10
2.066880249629082e-05,4.641137474337143e-10
2.110203428568597e-05,4.738419656646897e-10
2.154434690031887e-05,4.837739098206839e-10
2.199593068030075e-05,4.939141318160978e-10
2.245697995539772e-05,5.042669615207274e-10
2.292769312865649e-05,5.148367288043687e-10
2.340827276178294e-05,5.256279855814228e-10
2.389892566231053e-05,5.366455058108954e-10
2.43998629725955e-05,5.478939524294901e-10
2.491130026067786e-05,5.593782104185152e-10
2.543345761304648e-05,5.71103164759279e-10
2.596655972934872e-05,5.830738114553924e-10
2.651083601908542e-05,5.952954795773735e-10
2.706652070033241e-05,6.077732761511356e-10
2.763385290053167e-05,6.20512530247197e-10
2.821307675939471e-05,6.335189040029832e-10
2.880444153396298e-05,6.467979485336173e-10
2.940820170587067e-05,6.603552149542224e-10
3.002461709085549e-05,6.741966984691317e-10
3.065395295056524e-05,6.883282832603754e-10
3.12964801067075e-05,7.027561865768917e-10
3.195247505759214e-05,7.174864036230133e-10
3.262222009711673e-05,7.325253736922832e-10
3.330600343624589e-05,7.478795360782442e-10
3.400411932703703e-05,7.635556631413465e-10
3.471686818926559e-05,7.795603051974354e-10
3.544455673970435e-05,7.959003456292635e-10
3.618749812411284e-05,8.125830008864909e-10
3.694601205199302e-05,8.296152653741728e-10
3.772042493416993e-05,8.470044665642718e-10
3.851107002325569e-05,8.647582649956576e-10
3.93182875570577e-05,8.828842101848977e-10
4.014242490499326e-05,9.013900736931646e-10
4.098383671757261e-05,9.20283738103933e-10
4.184288507901576e-05,9.395735300898878e-10
4.271993966306776e-05,9.592675542791085e-10
4.361537789208006e-05,9.793744704111873e-10
4.45295850994266e-05,9.999028272034138e-10
4.5462954695324e-05,1.020861506439985e-09
4.641588833612772e-05,1.042259389905098e-09
4.738879609717651e-05,1.06410580347216e-09
4.838209664925957e-05,1.086410184036879e-09
4.939621743878326e-05,1.109182079517268e-09
5.043159487171359e-05,1.132431259875943e-09
5.148867450137487e-05,1.156167828142429e-09
5.256791122018419e-05,1.180401776323947e-09
5.366976945540476e-05,1.205143873583836e-09
5.479472336900293e-05,1.230404444996225e-09
5.594325706169377e-05,1.256194481769057e-09
5.711586478126424e-05,1.282525197154882e-09
5.831305113526218e-05,1.309407804406248e-09
5.95353313081437e-05,1.336853849842612e-09
6.078323128297237e-05,1.364875212850336e-09
6.2057288067765e-05,1.393483883838087e-09
6.335804992658241e-05,1.422692186281438e-09
6.468607661546321e-05,1.45251277672287e-09
6.604193962330305e-05,1.482958422727165e-09
6.742622241778349e-05,1.514042224926015e-09
6.883952069645496e-05,1.545777505995716e-09
7.028244264308338e-05,1.578178032701771e-09
7.175560918936922e-05,1.61125768283199e-09
7.32596542821523e-05,1.645030667241087e-09
7.479522515621829e-05,1.679511640872988e-09
7.636298261282242e-05,1.71471536969392e-09
7.79636013040522e-05,1.750656952737017e-09
7.959777002314978e-05,1.787351822102323e-09
8.126619200091945e-05,1.824815853979089e-09
8.296958520834916e-05,1.863065257623475e-09
8.470868266557403e-05,1.902116353313943e-09
8.648423275731709e-05,1.941985905418164e-09
8.829699955494083e-05,1.982691233415323e-09
9.014776314524917e-05,2.024249767806907e-09
9.203731996618231e-05,2.066679383183612e-09
9.39664831495469e-05,2.109998398225343e-09
9.593608287093147e-05,2.154225353656614e-09
9.794696670695385e-05,2.199379345313446e-09
0.0001,2.245479802098771e-09
0.0001020960662306048,2.292546485982427e-09
0.0001042360673976401,2.340599825068068e-09
0.0001064209244064725,2.389660358481649e-09
0.0001086515774652537,2.439749180460637e-09
0.0001109289864895223,2.490887940354014e-09
0.0001132541315152813,2.543098620577666e-09
0.0001156280131207375,2.596403647636691e-09
0.0001180516528568806,2.650826003147699e-09
0.0001205260936870841,2.70638911281651e-09
0.0001230524004359262,2.763116735415849e-09
0.0001256316602474122,2.821033517896865e-09
0.000128264983052806,2.880164218233006e-09
0.0001309535020482668,2.940534371553838e-09
0.0001336983741824945,3.002169957078138e-09
0.0001365007806546014,3.065097398113892e-09
0.0001393619274224143,3.129343895125203e-09
0.0001422830457214352,3.194936981643082e-09
0.0001452653925946781,3.261904968354656e-09
0.0001483102514336103,3.330276721058567e-09
0.0001514189325304352,3.400081549642664e-09
0.0001545927736419478,3.471349430128612e-09
0.0001578331405652116,3.544111226716495e-09
0.000161141427725302,3.618398136673306e-09
0.0001645190587753661,3.694242245444457e-09
0.0001679674872092653,3.771675971542265e-09
0.0001714881969870541,3.850732732679774e-09
0.0001750827031735723,3.93144672372614e-09
0.0001787525525904235,4.013852361595127e-09
0.0001824993244816151,4.097985395468129e-09
0.000186324631193156,4.183881907593445e-09
0.0001902301188668946,4.271578868397796e-09
0.0001942174681489025,4.361113914441717e-09
0.0001982883949127071,4.452525792508766e-09
0.0002024446509976802,4.545853693471713e-09
0.0002066880249629082,4.64113780740405e-09
0.0002110203428568597,4.738419101535385e-09
0.0002154434690031882,4.837739542296049e-09
0.0002199593068030075,4.939141762250188e-09
0.0002245697995539772,5.042669393162669e-09
0.0002292769312865649,5.148367065999082e-09
0.0002340827276178294,5.256280299903437e-09
0.0002389892566231048,5.366455391175862e-09
0.000243998629725955,5.478939857361809e-09
0.0002491130026067791,5.593782104185152e-09
0.0002543345761304648,5.711031425548185e-09
0.0002596655972934873,5.830738447620831e-09
0.0002651083601908536,5.95295457372913e-09
0.0002706652070033241,6.077732428444449e-09
0.0002763385290053172,6.20512574656118e-09
0.0002821307675939471,6.335189262074437e-09
0.0002880444153396298,6.467979041246963e-09
0.000294082017058706,6.603552149542224e-09
0.0003002461709085549,6.741966984691317e-09
0.000306539529505653,6.883283165670662e-09
0.000312964801067075,7.027561310657404e-09
0.0003195247505759214,7.174863592140923e-09
0.0003262222009711667,7.325253514878227e-09
0.0003330600343624589,7.478795693849349e-09
0.000340041193270371,7.635556187324255e-09
0.000347168681892656,7.795602496862841e-09
0.0003544455673970436,7.959003456292635e-09
0.0003618749812411277,8.125829453753397e-09
0.0003694601205199302,8.296152209652519e-09
0.0003772042493417001,8.470045109731927e-09
0.0003851107002325569,8.64758287200118e-09
0.000393182875570577,8.828841879804372e-09
0.0004014242490499318,9.013900292842436e-09
0.0004098383671757261,9.202837603083935e-09
0.0004184288507901585,9.395735189876575e-09
0.0004271993966306776,9.592675986880295e-09
0.0004361537789208006,9.793744815134175e-09
0.0004452958509942651,9.999028272034138e-09
0.0004546295469532399,1.020861450928834e-08
0.0004641588833612782,1.042259378802868e-08
0.0004738879609717651,1.06410582567662e-08
0.0004838209664925957,1.086410195139109e-08
0.0004939621743878316,1.109182068415038e-08
0.0005043159487171359,1.132431259875943e-08
0.0005148867450137498,1.156167772631278e-08
0.0005256791122018419,1.180401809630638e-08
0.0005366976945540476,1.205143818072685e-08
0.0005479472336900282,1.230404422791764e-08
0.0005594325706169377,1.256194515075748e-08
0.0005711586478126435,1.282525186052652e-08
0.0005831305113526219,1.309407759997328e-08
0.000595353313081437,1.336853816535921e-08
0.0006078323128297224,1.364875157339185e-08
0.0006205728806776501,1.393483850531396e-08
0.0006335804992658254,1.422692186281438e-08
0.0006468607661546321,1.452512754518409e-08
0.0006604193962330305,1.482958389420475e-08
0.0006742622241778335,1.514042180517094e-08
0.0006883952069645496,1.545777505995716e-08
0.0007028244264308353,1.578178021599541e-08
0.0007175560918936921,1.61125768283199e-08
0.000732596542821523,1.645030711650008e-08
0.0007479522515621828,1.679511640872988e-08
0.0007636298261282241,1.714715314182769e-08
0.0007796360130405237,1.750656886123636e-08
0.0007959777002314978,1.787351811000093e-08
0.0008126619200091946,1.82481588728578e-08
0.0008296958520834915,1.863065246521245e-08
0.0008470868266557402,1.902116320007252e-08
0.0008648423275731727,1.941985938724855e-08
0.0008829699955494083,1.982691255619784e-08
0.0009014776314524918,2.024249767806907e-08
0.000920373199661823,2.066679383183612e-08
0.000939664831495469,2.109998353816422e-08
0.0009593608287093146,2.154225320349923e-08
0.0009794696670695387,2.199379312006755e-08
0.001,2.24547975768985e-08
0.001020960662306047,2.292546497084658e-08
0.001042360673976401,2.340599791761377e-08
0.001064209244064725,2.389660314072728e-08
0.001086515774652537,2.439749169358407e-08
0.001109289864895223,2.490887929251784e-08
0.001132541315152813,2.543098587270975e-08
0.001156280131207375,2.596403614330001e-08
0.001180516528568806,2.650825958738778e-08
0.001205260936870841,2.706389023998668e-08
0.001230524004359262,2.763116735415849e-08
0.001256316602474122,2.821033484590174e-08
0.00128264983052806,2.880164218233006e-08
0.001309535020482668,2.940534360451608e-08
0.001336983741824945,3.002169912669217e-08
0.001365007806546014,3.065097375909431e-08
0.001393619274224143,3.129343850716282e-08
0.001422830457214352,3.194936970540851e-08
0.001452653925946781,3.261904968354656e-08
0.001483102514336103,3.330276654445186e-08
0.001514189325304352,3.400081449722592e-08
0.001545927736419478,3.471349407924151e-08
0.001578331405652117,3.544111193409805e-08
0.00161141427725302,3.618398114468846e-08
0.001645190587753661,3.694242123319924e-08
0.001679674872092653,3.771675893826654e-08
0.001714881969870541,3.850732710475313e-08
0.001750827031735723,3.931446623806067e-08
0.001787525525904235,4.013852339390667e-08
0.00182499324481615,4.097985339956978e-08
0.00186324631193156,4.183881829877834e-08
0.001902301188668946,4.271578757375494e-08
0.001942174681489024,4.361113881135026e-08
0.001982883949127072,4.452525714793154e-08
0.002024446509976802,4.545853593551641e-08
0.002066880249629082,4.641137696381747e-08
0.002110203428568597,4.738419012717543e-08
0.002154434690031882,4.837739409069286e-08
0.002199593068030075,4.939141629023425e-08
0.002245697995539772,5.042669315447057e-08
0.002292769312865649,5.148366999385701e-08
0.002340827276178294,5.256280177778905e-08
0.002389892566231048,5.366455291255789e-08
0.00243998629725955,5.478939746339506e-08
0.002491130026067791,5.593781948753929e-08
0.002543345761304648,5.711031314525883e-08
0.002596655972934872,5.830738314394068e-08
0.002651083601908536,5.952954440502367e-08
0.002706652070033241,6.077732306319916e-08
0.002763385290053173,6.205125602232187e-08
0.002821307675939471,6.335189139949904e-08
0.002880444153396298,6.467978885815739e-08
0.002940820170587061,6.603552005213231e-08
0.003002461709085549,6.741966829260093e-08
0.00306539529505653,6.883282910319366e-08
0.00312964801067075,7.027561077510569e-08
0.003195247505759214,7.174863403403009e-08
0.003262222009711667,7.325253292833622e-08
0.003330600343624588,7.478795438498054e-08
0.00340041193270371,7.63555594307519e-08
0.003471686818926559,7.795602241511546e-08
0.003544455673970436,7.9590032231458e-08
0.003618749812411277,8.125829198402101e-08
0.003694601205199302,8.296151954301223e-08
0.003772042493417001,8.47004478776725e-08
0.003851107002325569,8.647582527832043e-08
0.003931828755705771,8.828841580044156e-08
0.004014242490499318,9.013899937571068e-08
0.004098383671757262,9.202837236710337e-08
0.004184288507901585,9.395734790196286e-08
0.004271993966306777,9.592675609404466e-08
0.004361537789208006,9.793744426556117e-08
0.004452958509942651,9.999027794638238e-08
0.0045462954695324,1.020861402079021e-07
0.004641588833612782,1.042259332173501e-07
0.004738879609717651,1.064105776826807e-07
0.004838209664925958,1.086410137407512e-07
0.004939621743878316,1.109182012903887e-07
0.005043159487171359,1.132431201034123e-07
0.005148867450137497,1.15616770712812e-07
0.005256791122018419,1.180401747458149e-07
0.005366976945540477,1.205143748128634e-07
0.005479472336900281,1.230404357288606e-07
0.005594325706169377,1.256194446241921e-07
0.005711586478126435,1.282525111667709e-07
0.005831305113526219,1.309407685612385e-07
0.00595353313081437,1.336853736599863e-07
0.006078323128297224,1.364875074072458e-07
0.0062057288067765,1.393483757272662e-07
0.006335804992658254,1.422692098573819e-07
0.006468607661546321,1.452512664590344e-07
0.006604193962330305,1.482958289500402e-07
0.006742622241778335,1.514042075045907e-07
0.006883952069645496,1.545777397193859e-07
0.007028244264308352,1.578177912797685e-07
0.007175560918936921,1.61125756514835e-07
0.00732596542821523,1.64503058730503e-07
0.007479522515621813,1.679511515417786e-07
0.007636298261282242,1.714715186507121e-07
0.007796360130405237,1.750656748455981e-07
0.007959777002314978,1.787351670001769e-07
0.008126619200091946,1.824815741846564e-07
0.008296958520834915,1.863065084428683e-07
0.008470868266557402,1.902116159024914e-07
0.008648423275731726,1.941985769970955e-07
0.008829699955494083,1.982691073543208e-07
0.009014776314524917,2.024249587950777e-07
0.00920373199661823,2.066679195555921e-07
0.009396648314954691,2.109998155086501e-07
0.009593608287093146,2.154225109407548e-07
0.009794696670695385,2.19937908996215e-07
0.01,2.245479526763461e-07
0.01020960662306048,2.29254625949693e-07
0.01042360673976401,2.340599541961197e-07
0.01064209244064725,2.389660052060094e-07
0.01086515774652537,2.439748904015104e-07
0.01109289864895223,2.490887650585805e-07
0.01132541315152813,2.543098298612989e-07
0.01156280131207375,2.596403315680007e-07
0.01180516528568806,2.650825642325216e-07
0.01205260936870841,2.706388695372652e-07
0.01230524004359262,2.763116387916043e-07
0.01256316602474121,2.821033128208583e-07
0.0128264983052806,2.880163842977623e-07
0.01309535020482668,2.940533976314441e-07
0.01336983741824945,3.00216950632759e-07
0.01365007806546014,3.065096957355351e-07
0.01393619274224144,3.129343409957741e-07
0.01422830457214352,3.194936509798296e-07
0.01452653925946781,3.261904484297418e-07
0.01483102514336103,3.330276151514155e-07
0.01514189325304352,3.400080933468885e-07
0.01545927736419479,3.471348869465984e-07
0.01578331405652117,3.544110627196062e-07
0.0161141427725302,3.618397520499528e-07
0.01645190587753661,3.694241514917707e-07
0.01679674872092653,3.771675248787076e-07
0.01714881969870541,3.850732045451721e-07
0.01750827031735723,3.931445923255339e-07
0.01787525525904235,4.013851616635478e-07
0.0182499324481615,4.09798458833599e-07
0.0186324631193156,4.183881041619486e-07
0.01902301188668946,4.271577940251348e-07
0.01942174681489025,4.361113022932628e-07
0.01982883949127071,4.452524819953396e-07
0.02024446509976802,4.545852668735861e-07
0.02066880249629082,4.64113672826727e-07
0.02110203428568597,4.73841800574526e-07
0.02154434690031882,4.837738361018751e-07
0.02199593068030075,4.939140536563968e-07
0.02245697995539772,5.042668166366227e-07
0.02292769312865649,5.148365804785726e-07
0.02340827276178294,5.256278933218894e-07
0.02389892566231048,5.366453991184628e-07
0.0243998629725955,5.47893838964697e-07
0.02491130026067786,5.593780535440018e-07
0.02543345761304648,5.711029846811044e-07
0.02596655972934872,5.830736780065848e-07
0.02651083601908536,5.95295284844255e-07
0.02706652070033241,6.077730644316048e-07
0.02763385290053173,6.205123864733153e-07
0.02821307675939471,6.335187329176151e-07
0.02880444153396298,6.467977008428605e-07
0.02940820170587061,6.603550045669593e-07
0.03002461709085549,6.741964782008836e-07
0.0306539529505653,6.883280779801382e-07
0.03129648010670751,7.027558853733851e-07
0.03195247505759213,7.174861088588003e-07
0.03262222009711666,7.325250873657652e-07
0.03330600343624589,7.478792926063349e-07
0.0340041193270371,7.635553319618182e-07
0.03471686818926559,7.795599511473128e-07
0.03544455673970436,7.959000375423742e-07
0.03618749812411277,8.125826227445287e-07
0.03694601205199302,8.296148855668761e-07
0.03772042493417001,8.470041557018249e-07
0.03851107002325569,8.647579160525609e-07
0.0393182875570577,8.828838067298506e-07
0.04014242490499318,9.013896277165756e-07
0.04098383671757262,9.202833426424917e-07
0.04184288507901585,9.395730818928527e-07
0.04271993966306777,9.592671466052138e-07
0.04361537789208006,9.793740114449889e-07
0.04452958509942651,9.999023290463427e-07
0.04546295469532399,1.020860933453882e-06
0.04641588833612782,1.042258843564348e-06
0.04738879609717651,1.064105267678528e-06
0.04838209664925957,1.086409606720906e-06
0.04939621743878315,1.109181458902597e-06
0.05043159487171359,1.132430623829173e-06
0.05148867450137497,1.156167105942352e-06
0.05256791122018419,1.180401119960095e-06
0.05366976945540476,1.205143094318295e-06
0.05479472336900281,1.23040367616678e-06
0.05594325706169378,1.256193735921229e-06
0.05711586478126435,1.282524371704064e-06
0.05831305113526219,1.30940691434045e-06
0.0595353313081437,1.33685293213226e-06
0.06078323128297224,1.364874235965097e-06
0.062057288067765,1.393482883971231e-06
0.06335804992658255,1.42269118730276e-06
0.0646860766154632,1.452511715238636e-06
0.06604193962330306,1.482957300180665e-06
0.06742622241778336,1.514041043870762e-06
0.06883952069645496,1.545776322386949e-06
0.07028244264308353,1.578176792249586e-06
0.07175560918936921,1.611256396416572e-06
0.0732596542821523,1.645029369834461e-06
0.07479522515621813,1.67951024598878e-06
0.07636298261282241,1.714713862899231e-06
0.07796360130405237,1.750655369670007e-06
0.07959777002314977,1.787350232929086e-06
0.08126619200091946,1.824814243378547e-06
0.08296958520834916,1.863063522899999e-06
0.08470868266557402,1.902114531104893e-06
0.08648423275731726,1.941984072773018e-06
0.08829699955494083,1.982689304735885e-06
0.09014776314524918,2.024247743648289e-06
0.09203731996618231,2.066677273204753e-06
0.09396648314954691,2.109996151911098e-06
0.09593608287093147,2.154223021078039e-06
0.09794696670695385,2.199376912703777e-06
0.1,2.245477257689643e-06
0.1020960662306048,2.292543894277799e-06
0.1042360673976401,2.340597076488926e-06
0.1064209244064725,2.389657482781971e-06
0.1086515774652537,2.439746225157968e-06
0.1109289864895223,2.490884858152853e-06
0.1132541315152813,2.54309538816333e-06
0.1156280131207375,2.596400282661726e-06
0.1180516528568806,2.650822479965953e-06
0.1205260936870841,2.706385399675604e-06
0.1230524004359262,2.763112951775781e-06
0.1256316602474122,2.821029547517284e-06
0.128264983052806,2.880160110074748e-06
0.1309535020482668,2.940530084760695e-06
0.1336983741824945,3.002165450349814e-06
0.1365007806546014,3.065092730070162e-06
0.1393619274224144,3.129339003260512e-06
0.1422830457214352,3.194931916583599e-06
0.1452653925946781,3.261899696349602e-06
0.1483102514336103,3.330271160506548e-06
0.1514189325304352,3.400075730963792e-06
0.1545927736419478,3.471343446470598e-06
0.1578331405652116,3.544104975272688e-06
0.161141427725302,3.618391628434914e-06
0.1645190587753661,3.694235373385979e-06
0.1679674872092653,3.771668847463161e-06
0.1714881969870541,3.85072537234521e-06
0.1750827031735723,3.931438967819112e-06
0.1787525525904236,4.013844366990149e-06
0.182499324481615,4.097977030936839e-06
0.186324631193156,4.183873163920993e-06
0.1902301188668946,4.27156972915288e-06
0.1942174681489025,4.361104464556398e-06
0.1982883949127071,4.452515898978326e-06
0.2024446509976802,4.545843369063718e-06
0.2066880249629082,4.641127035687198e-06
0.2110203428568597,4.738407901716535e-06
0.2154434690031882,4.837727829443139e-06
0.2199593068030075,4.939129558345634e-06
0.2245697995539772,5.042656724074668e-06
0.2292769312865649,5.148353876660572e-06
0.2340827276178294,5.256266500164308e-06
0.2389892566231048,5.366441031662283e-06
0.243998629725955,5.478924881674452e-06
0.2491130026067786,5.593766454703442e-06
0.2543345761304648,5.711015169662659e-06
0.2596655972934873,5.830721481081547e-06
0.2651083601908536,5.952936901199024e-06
0.2706652070033241,6.077714022167946e-06
0.2763385290053172,6.205106538148542e-06
0.2821307675939471,6.335169268845142e-06
0.2880444153396298,6.467958183153932e-06
0.2940820170587061,6.603530422810699e-06
0.3002461709085549,6.741944327370852e-06
0.306539529505653,6.883259459411484e-06
0.312964801067075,7.027536629511388e-06
0.3195247505759213,7.174837923229482e-06
0.3262222009711667,7.325226727195044e-06
0.3330600343624588,7.478767756752269e-06
0.340041193270371,7.635527083715843e-06
0.3471686818926559,7.79557216468163e-06
0.3544455673970436,7.958971870003495e-06
0.3618749812411277,8.125796513880346e-06
0.3694601205199303,8.29611788411011e-06
0.3772042493417002,8.47000927306496e-06
0.3851107002325569,8.64754550955471e-06
0.393182875570577,8.828802990579199e-06
0.4014242490499318,9.013859714634975e-06
0.4098383671757261,9.20279531479995e-06
0.4184288507901585,9.395691093372349e-06
0.4271993966306777,9.592630056953766e-06
0.4361537789208006,9.793696951643227e-06
0.4452958509942651,9.998978299896599e-06
0.4546295469532399,1.020856243760804e-05
0.4641588833612782,1.042253955241268e-05
0.4738879609717651,1.064100172198934e-05
0.4838209664925957,1.086404295413956e-05
0.4939621743878316,1.109175922686667e-05
0.5043159487171359,1.132424853000913e-05
0.5148867450137498,1.156161090709595e-05
0.5256791122018419,1.180394849875643e-05
0.5366976945540476,1.205136558624087e-05
0.5479472336900282,1.230396863660665e-05
0.5594325706169377,1.256186634834844e-05
0.5711586478126435,1.282516969836056e-05
0.5831305113526218,1.30939919894546e-05
0.595353313081437,1.336844889920918e-05
0.6078323128297224,1.364865852993002e-05
0.62057288067765,1.393474145894302e-05
0.6335804992658254,1.422682079132986e-05
0.6468607661546321,1.452502221188645e-05
0.6604193962330305,1.482947403996793e-05
0.6742622241778335,1.514030728444471e-05
0.6883952069645496,1.545765569987978e-05
0.7028244264308353,1.57816558443713e-05
0.7175560918936921,1.611244713828341e-05
0.732596542821523,1.64501719237542e-05
0.7479522515621814,1.679497552675713e-05
0.7636298261282242,1.714700631905153e-05
0.7796360130405237,1.750641578202039e-05
0.7959777002314977,1.787335857217354e-05
0.8126619200091946,1.824799258731691e-05
0.8296958520834898,1.863047903460924e-05
0.8470868266557402,1.902098250039508e-05
0.8648423275731727,1.941967102003783e-05
0.8829699955494082,1.982671615108345e-05
0.9014776314524917,2.024229304675718e-05
0.9203731996618231,2.066658053123671e-05
0.9396648314954691,2.109976117670165e-05
0.9593608287093147,2.154202138182626e-05
0.9794696670695385,2.19935514519376e-05
1,2.245454568106098e-05
1.020960662306048,2.29252024351867e-05
1.042360673976403,2.340572423820131e-05
1.064209244064722,2.389631785815194e-05
1.086515774652537,2.439719439706334e-05
1.109289864895223,2.490856938108799e-05
1.132541315152813,2.543066285365381e-05
1.156280131207378,2.596369946994415e-05
1.180516528568803,2.650790859370922e-05
1.205260936870841,2.706352439552084e-05
1.230524004359262,2.763078595413582e-05
1.256316602474121,2.820993735863642e-05
1.282649830528062,2.880122781412364e-05
1.309535020482665,2.940491174852067e-05
1.336983741824945,3.002124892192981e-05
1.365007806546014,3.065050453887608e-05
1.393619274224144,3.129294936177196e-05
1.422830457214355,3.194885982782392e-05
1.452653925946778,3.261851816782624e-05
1.483102514336103,3.330221252750842e-05
1.514189325304352,3.400023709143607e-05
1.545927736419479,3.471289220990936e-05
1.57833140565212,3.544048452774895e-05
1.611414277253017,3.618332711619043e-05
1.645190587753661,3.694173960799851e-05
1.679674872092653,3.771604833457953e-05
1.714881969870541,3.850658646631366e-05
1.750827031735727,3.931369415610675e-05
1.787525525904232,4.013771868549565e-05
1.824993244816151,4.097901461430631e-05
1.86324631193156,4.183794393264328e-05
1.902301188668946,4.271487621732017e-05
1.942174681489028,4.36101887900664e-05
1.982883949127067,4.45242668803969e-05
2.024446509976802,4.545750379070235e-05
2.066880249629082,4.641030106633526e-05
2.110203428568596,4.738306866725051e-05
2.154434690031886,4.837622514508588e-05
2.19959306803007,4.939019782279619e-05
2.245697995539772,5.042542297861718e-05
2.292769312865649,5.148234603369328e-05
2.340827276178294,5.256142174359102e-05
2.389892566231053,5.366311439358729e-05
2.439986297259545,5.478789799906458e-05
2.491130026067786,5.593625650845979e-05
2.543345761304648,5.710868401231917e-05
2.596655972934872,5.830568495501787e-05
2.651083601908542,5.952777435191958e-05
2.706652070033236,6.077547801119909e-05
2.763385290053167,6.204933275932856e-05
2.821307675939471,6.334988667244801e-05
2.880444153396298,6.467769931184364e-05
2.940820170587067,6.603334196464417e-05
3.002461709085543,6.741739788918011e-05
3.065395295056524,6.883046256611625e-05
3.12964801067075,7.027314395446904e-05
3.195247505759214,7.174606275295314e-05
3.262222009711673,7.324985266654593e-05
3.330600343624582,7.478516067960239e-05
3.400411932703703,7.635264733341085e-05
3.47168681892656,7.795298701063214e-05
3.544455673970436,7.958686822506778e-05
3.618749812411284,8.125499391764546e-05
3.694601205199295,8.295808175851072e-05
3.772042493416994,8.469686445589097e-05
3.851107002325569,8.647209007084378e-05
3.93182875570577,8.828452233899942e-05
4.014242490499326,9.013494099874286e-05
4.098383671757253,9.202414212627907e-05
4.184288507901576,9.395293847824782e-05
4.271993966306777,9.592215984088881e-05
4.361537789208006,9.793265338642332e-05
4.45295850994266,9.998528403787343e-05
4.54629546953239,0.0001020809348400986
4.641588833612772,0.000104220507339936
4.738879609717651,0.0001064049219731134
4.838209664925957,0.0001086351184604872
4.939621743878326,0.0001109120562116095
5.043159487171349,0.0001132367147368418
5.148867450137487,0.0001156100940685745
5.256791122018419,0.0001180332151911045
5.366976945540476,0.0001205071204791741
5.479472336900293,0.0001230328741457232
5.594325706169389,0.0001256115626998566
5.711586478126423,0.0001282442954129159
5.831305113526219,0.0001309322047956529
5.95353313081437,0.0001336764470847296
6.078323128297236,0.0001364782027393208
6.205728806776513,0.0001393386769487082
6.335804992658241,0.0001422591001495332
6.46860766154632,0.0001452407285547075
6.604193962330306,0.0001482848446930918
6.742622241778349,0.0001513927579603891
6.883952069645511,0.0001545658051818055
7.028244264308339,0.0001578053511860356
7.175560918936921,0.0001611127893913489
7.32596542821523,0.0001644895424047776
7.479522515621829,0.0001679370626324062
7.636298261282257,0.0001714568329036492
7.796360130405221,0.000175050367107854
7.959777002314977,0.0001787192108442248
8.126619200091946,0.0001824649420862912
8.296958520834915,0.0001862891718587001
8.470868266557419,0.0001901935449293291
8.648423275731709,0.0001941797405158319
8.829699955494084,0.0001982494730059514
9.014776314524918,0.0002024044926939306
9.203731996618231,0.0002066465865322442
9.39664831495471,0.0002109775788980972
9.593608287093128,0.0002153993323770198
9.794696670695386,0.0002199137485622282
10,0.0002245227688708606
