#Pareto aproximation (maximum likehood) vs Original set
#ParetoMl(x), ParetoMl(CDF) 
1e-08,0
1.020960662306048e-08,0
1.042360673976401e-08,0
1.064209244064725e-08,0
1.086515774652537e-08,0
1.109289864895223e-08,0
1.132541315152813e-08,0
1.156280131207375e-08,0
1.180516528568806e-08,0
1.205260936870841e-08,0
1.230524004359262e-08,0
1.256316602474122e-08,0
1.28264983052806e-08,0
1.309535020482668e-08,0
1.336983741824945e-08,0
1.365007806546014e-08,0
1.393619274224144e-08,0
1.422830457214352e-08,0
1.452653925946781e-08,0
1.483102514336103e-08,0
1.514189325304352e-08,0
1.545927736419478e-08,0
1.578331405652117e-08,0
1.61141427725302e-08,0
1.645190587753661e-08,0
1.679674872092653e-08,0
1.714881969870541e-08,0
1.750827031735723e-08,0
1.787525525904235e-08,0
1.824993244816151e-08,0
1.86324631193156e-08,0
1.902301188668946e-08,0
1.942174681489025e-08,0
1.982883949127072e-08,0
2.024446509976802e-08,0
2.066880249629082e-08,0
2.110203428568597e-08,0
2.154434690031882e-08,0
2.199593068030075e-08,0
2.245697995539776e-08,0
2.292769312865649e-08,0
2.340827276178294e-08,0
2.389892566231048e-08,0
2.43998629725955e-08,0
2.491130026067791e-08,0
2.543345761304648e-08,0
2.596655972934873e-08,0
2.651083601908536e-08,0
2.706652070033241e-08,0
2.763385290053173e-08,0
2.821307675939471e-08,0
2.880444153396298e-08,0
2.940820170587061e-08,0
3.002461709085549e-08,0
3.06539529505653e-08,0
3.12964801067075e-08,0
3.195247505759214e-08,0
3.262222009711667e-08,0
3.330600343624589e-08,0
3.40041193270371e-08,0
3.471686818926559e-08,0
3.544455673970436e-08,0
3.618749812411276e-08,0
3.694601205199302e-08,0
3.772042493417001e-08,0
3.851107002325569e-08,0
3.93182875570577e-08,0
4.014242490499318e-08,0
4.098383671757262e-08,0
4.184288507901584e-08,0
4.271993966306777e-08,0
4.361537789208006e-08,0
4.45295850994266e-08,0
4.546295469532399e-08,0
4.641588833612782e-08,0
4.738879609717651e-08,0
4.838209664925958e-08,0
4.939621743878326e-08,0
5.043159487171359e-08,0.002909446850564934
5.148867450137498e-08,0.009896685084076484
5.256791122018419e-08,0.01683495936142732
5.366976945540476e-08,0.02372461280373828
5.479472336900293e-08,0.03056598612766293
5.594325706169378e-08,0.03735941766224038
5.711586478126435e-08,0.04410524336562771
5.831305113526219e-08,0.05080379684171021
5.95353313081437e-08,0.05745540935660431
6.078323128297236e-08,0.06406040985503547
6.2057288067765e-08,0.07061912497660694
6.335804992658255e-08,0.07713187907195596
6.46860766154632e-08,0.0835989942187888
6.604193962330306e-08,0.09002079023781417
6.742622241778349e-08,0.09639758470855464
6.883952069645497e-08,0.1027296929850543
7.028244264308353e-08,0.1090174282114753
7.175560918936921e-08,0.1152611013375805
7.32596542821523e-08,0.1214610211341152
7.479522515621828e-08,0.1276174942080727
7.636298261282242e-08,0.1337308250178589
7.796360130405237e-08,0.1398013158883511
7.959777002314978e-08,0.145829267025844
8.126619200091946e-08,0.1518149765329012
8.296958520834915e-08,0.1577587404230932
8.470868266557402e-08,0.1636608526356377
8.648423275731727e-08,0.1695216050499382
8.829699955494083e-08,0.1753412875000135
9.014776314524918e-08,0.1811201877888368
9.20373199661823e-08,0.1868585917025634
9.396648314954691e-08,0.1925567830246661
9.593608287093146e-08,0.1982150435499705
9.794696670695386e-08,0.2038336530985878
1e-07,0.2094128895297557
1.020960662306048e-07,0.214953028755577
1.042360673976401e-07,0.2204543447546654
1.064209244064725e-07,0.2259171095856963
1.086515774652537e-07,0.2313415934008577
1.109289864895223e-07,0.2367280644592136
1.132541315152813e-07,0.2420767891399674
1.156280131207375e-07,0.2473880319556365
1.180516528568806e-07,0.2526620555651349
1.205260936870841e-07,0.2578991207867587
1.230524004359261e-07,0.2630994866110894
1.256316602474121e-07,0.268263410213797
1.28264983052806e-07,0.2733911469683611
1.309535020482668e-07,0.2784829504587003
1.336983741824945e-07,0.2835390724917102
1.365007806546014e-07,0.2885597631097194
1.393619274224144e-07,0.293545270602852
1.422830457214352e-07,0.2984958415213075
1.452653925946781e-07,0.3034117206875551
1.483102514336103e-07,0.3082931512084377
1.514189325304352e-07,0.3131403744871982
1.545927736419479e-07,0.3179536302354142
1.578331405652117e-07,0.3227331564848542
1.61141427725302e-07,0.3274791895992502
1.645190587753661e-07,0.3321919642859837
1.679674872092653e-07,0.3368717136076963
1.714881969870541e-07,0.3415186689938124
1.750827031735723e-07,0.3461330602519853
1.787525525904236e-07,0.3507151155794634
1.824993244816151e-07,0.3552650615743723
1.86324631193156e-07,0.3597831232469244
1.902301188668946e-07,0.364269524030543
1.942174681489024e-07,0.3687244857929137
1.982883949127071e-07,0.3731482288469574
2.024446509976802e-07,0.3775409719617225
2.066880249629082e-07,0.3819029323732074
2.110203428568597e-07,0.3862343257951005
2.154434690031882e-07,0.3905353664294493
2.199593068030075e-07,0.3948062669772544
2.245697995539772e-07,0.3990472386489857
2.292769312865649e-07,0.4032584911750307
2.340827276178294e-07,0.4074402328160631
2.389892566231048e-07,0.4115926703733442
2.43998629725955e-07,0.4157160091989499
2.491130026067786e-07,0.4198104532059241
2.543345761304648e-07,0.423876204878366
2.596655972934872e-07,0.4279134652814403
2.651083601908536e-07,0.4319224340713221
2.706652070033241e-07,0.4359033095050724
2.763385290053167e-07,0.4398562884504383
2.82130767593947e-07,0.4437815663955936
2.880444153396298e-07,0.4476793374588023
2.940820170587061e-07,0.4515497943980201
3.002461709085549e-07,0.4553931286204286
3.065395295056524e-07,0.4592095301918973
3.12964801067075e-07,0.4629991878463866
3.195247505759214e-07,0.4667622889952791
3.262222009711673e-07,0.4704990197366482
3.330600343624589e-07,0.4742095648644618
3.400411932703703e-07,0.4778941078777208
3.471686818926559e-07,0.4815528309895339
3.544455673970435e-07,0.4851859151361277
3.618749812411284e-07,0.4887935399857957
3.694601205199302e-07,0.4923758839477825
3.772042493416994e-07,0.4959331241811082
3.851107002325569e-07,0.4994654366033286
3.93182875570577e-07,0.5029729958992346
4.014242490499326e-07,0.5064559755294908
4.098383671757261e-07,0.5099145477392151
4.184288507901585e-07,0.5133488835664959
4.271993966306776e-07,0.5167591528508496
4.361537789208006e-07,0.5201455242416224
4.45295850994266e-07,0.5235081652063273
4.5462954695324e-07,0.5268472420389276
4.641588833612782e-07,0.5301629198680622
4.738879609717651e-07,0.5334553626652079
4.838209664925957e-07,0.5367247332527927
4.939621743878326e-07,0.5399711933122444
5.043159487171359e-07,0.5431949033919881
5.148867450137498e-07,0.5463960229153861
5.25679112201842e-07,0.5495747101886204
5.366976945540476e-07,0.5527311224085232
5.479472336900293e-07,0.5558654156703495
5.594325706169378e-07,0.5589777449754969
5.711586478126435e-07,0.5620682642391718
5.831305113526218e-07,0.5651371262979994
5.95353313081437e-07,0.5681844829175842
6.078323128297237e-07,0.5712104848000126
6.205728806776501e-07,0.5742152815913075
6.335804992658255e-07,0.5771990218888291
6.468607661546321e-07,0.5801618532486217
6.604193962330305e-07,0.5831039221927131
6.742622241778349e-07,0.5860253742163584
6.883952069645496e-07,0.5889263537952365
7.028244264308353e-07,0.5918070043925955
7.175560918936921e-07,0.5946674684663453
7.32596542821523e-07,0.5975078874761055
7.479522515621828e-07,0.6003284018901983
7.636298261282241e-07,0.6031291511925965
7.796360130405236e-07,0.6059102738898223
7.959777002314978e-07,0.6086719075177944
8.126619200091945e-07,0.6114141886486326
8.296958520834915e-07,0.6141372528974095
8.470868266557403e-07,0.6168412349288577
8.648423275731727e-07,0.6195262684640304
8.829699955494083e-07,0.6221924862869126
9.014776314524917e-07,0.6248400202509902
9.20373199661823e-07,0.6274690012857677
9.396648314954691e-07,0.6300795594032449
9.593608287093148e-07,0.6326718237043465
9.794696670695385e-07,0.6352459223853058
1e-06,0.6378019827440047
1.020960662306047e-06,0.6403401311862695
1.042360673976401e-06,0.6428604932321209
1.064209244064725e-06,0.645363193521983
1.086515774652537e-06,0.6478483558228458
1.109289864895223e-06,0.6503161030343869
1.132541315152813e-06,0.6527665571950485
1.156280131207375e-06,0.6551998394880729
1.180516528568805e-06,0.6576160702474959
1.205260936870841e-06,0.6600153689640968
1.230524004359262e-06,0.6623978542913089
1.256316602474121e-06,0.664763644051086
1.28264983052806e-06,0.6671128552397292
1.309535020482668e-06,0.6694456040336743
1.336983741824945e-06,0.671762005795235
1.365007806546014e-06,0.6740621750783101
1.393619274224143e-06,0.6763462256340464
1.422830457214352e-06,0.6786142704164655
1.452653925946781e-06,0.6808664215880497
1.483102514336103e-06,0.6831027905252879
1.514189325304352e-06,0.685323487824185
1.545927736419479e-06,0.6875286233057298
1.57833140565212e-06,0.6897183060213266
1.61141427725302e-06,0.6918926442581881
1.645190587753661e-06,0.6940517455446913
1.679674872092653e-06,0.6961957166556941
1.714881969870541e-06,0.698324663617816
1.750827031735727e-06,0.7004386917146814
1.787525525904235e-06,0.7025379054921266
1.82499324481615e-06,0.7046224087633697
1.86324631193156e-06,0.7066923046141449
1.902301188668946e-06,0.7087476954077994
1.942174681489028e-06,0.7107886827903565
1.982883949127071e-06,0.7128153676955422
2.024446509976802e-06,0.7148278503497768
2.066880249629082e-06,0.7168262302771313
2.110203428568597e-06,0.718810606304249
2.154434690031886e-06,0.7207810765652327
2.199593068030075e-06,0.7227377385064986
2.245697995539772e-06,0.7246806888915943
2.292769312865649e-06,0.7266100238059854
2.340827276178294e-06,0.7285258386618055
2.389892566231052e-06,0.7304282282025761
2.43998629725955e-06,0.7323172865078913
2.491130026067786e-06,0.7341931069980707
2.543345761304648e-06,0.7360557824387792
2.596655972934872e-06,0.7379054049456144
2.651083601908542e-06,0.7397420659886624
2.706652070033241e-06,0.7415658563970207
2.763385290053167e-06,0.7433768663632907
2.821307675939471e-06,0.7451751854480381
2.880444153396298e-06,0.7469609025842209
2.940820170587067e-06,0.7487341060815884
3.002461709085549e-06,0.7504948836310483
3.065395295056524e-06,0.7522433223090029
3.129648010670751e-06,0.7539795085816563
3.195247505759214e-06,0.7557035283092887
3.262222009711673e-06,0.7574154667505041
3.330600343624589e-06,0.7591154085664459
3.400411932703702e-06,0.7608034378249839
3.47168681892656e-06,0.762479638004872
3.544455673970436e-06,0.7641440919998755
3.618749812411284e-06,0.7657968821228716
3.694601205199302e-06,0.7674380901099191
3.772042493416993e-06,0.7690677971243016
3.851107002325569e-06,0.7706860837605409
3.93182875570577e-06,0.7722930300483817
4.014242490499326e-06,0.7738887154567505
4.098383671757261e-06,0.7754732188976853
4.184288507901576e-06,0.7770466187302381
4.271993966306777e-06,0.7786089927643497
4.361537789208005e-06,0.7801604182646982
4.45295850994266e-06,0.7817009719545192
4.5462954695324e-06,0.7832307300194008
4.641588833612773e-06,0.7847497681110511
4.738879609717651e-06,0.7862581613510392
4.838209664925957e-06,0.7877559843345103
4.939621743878326e-06,0.7892433111338744
5.043159487171359e-06,0.7907202153024698
5.148867450137487e-06,0.7921867698782008
5.25679112201842e-06,0.7936430473871493
5.366976945540476e-06,0.7950891198471612
5.479472336900293e-06,0.7965250587714083
5.594325706169378e-06,0.7979509351719249
5.711586478126423e-06,0.7993668195631195
5.831305113526219e-06,0.8007727819652619
5.95353313081437e-06,0.8021688919079462
6.078323128297237e-06,0.8035552184335286
6.205728806776501e-06,0.8049318301005426
6.335804992658241e-06,0.8062987949870891
6.468607661546321e-06,0.8076561806942031
6.604193962330305e-06,0.8090040543491966
6.742622241778349e-06,0.8103424826089788
6.883952069645496e-06,0.8116715316633516
7.028244264308338e-06,0.812991267238284
7.175560918936921e-06,0.814301754599162
7.32596542821523e-06,0.8156030585540157
7.479522515621829e-06,0.8168952434567253
7.636298261282242e-06,0.8181783732102023
7.796360130405221e-06,0.819452511269551
7.959777002314978e-06,0.8207177206452061
8.126619200091945e-06,0.8219740639060485
8.296958520834915e-06,0.8232216031824997
8.470868266557402e-06,0.8244604001695943
8.648423275731709e-06,0.8256905161300314
8.829699955494083e-06,0.8269120118972041
9.014776314524917e-06,0.8281249478782073
9.20373199661823e-06,0.8293293840568261
9.396648314954691e-06,0.8305253799965011
9.593608287093147e-06,0.831712994843275
9.794696670695386e-06,0.8328922873287168
1e-05,0.8340633157728268
1.020960662306048e-05,0.8352261380869206
1.042360673976401e-05,0.8363808117764924
1.064209244064725e-05,0.8375273939440602
1.086515774652537e-05,0.8386659412919879
1.109289864895223e-05,0.8397965101252916
1.132541315152813e-05,0.8409191563544217
1.156280131207375e-05,0.8420339354980297
1.180516528568806e-05,0.8431409026857131
1.205260936870841e-05,0.8442401126607415
1.230524004359262e-05,0.8453316197827643
1.256316602474121e-05,0.8464154780304988
1.28264983052806e-05,0.8474917410043994
1.309535020482668e-05,0.8485604619293088
1.336983741824945e-05,0.8496216936570896
1.365007806546014e-05,0.8506754886692387
1.393619274224143e-05,0.8517218990794819
1.422830457214352e-05,0.8527609766363515
1.452653925946781e-05,0.8537927727257456
1.483102514336103e-05,0.8548173383734687
1.514189325304352e-05,0.8558347242477564
1.545927736419479e-05,0.8568449806617793
1.578331405652116e-05,0.8578481575761323
1.61141427725302e-05,0.8588443046013055
1.645190587753661e-05,0.8598334710001369
1.679674872092653e-05,0.8608157056902489
1.714881969870541e-05,0.8617910572464678
1.750827031735727e-05,0.8627595739032252
1.787525525904236e-05,0.863721303556944
1.82499324481615e-05,0.8646762937684069
1.86324631193156e-05,0.8656245917651088
1.902301188668946e-05,0.866566244443591
1.942174681489028e-05,0.8675012983717622
1.982883949127071e-05,0.8684297997912001
2.024446509976802e-05,0.8693517946194389
2.066880249629082e-05,0.8702673284522401
2.110203428568597e-05,0.8711764465658466
2.154434690031887e-05,0.8720791939192226
2.199593068030075e-05,0.8729756151562766
2.245697995539772e-05,0.8738657546080695
2.292769312865649e-05,0.8747496562950065
2.340827276178294e-05,0.8756273639290139
2.389892566231053e-05,0.8764989209157017
2.43998629725955e-05,0.8773643703565092
2.491130026067786e-05,0.8782237550508372
2.543345761304648e-05,0.8790771174981642
2.596655972934872e-05,0.8799244999001481
2.651083601908542e-05,0.8807659441627135
2.706652070033241e-05,0.8816014918981236
2.763385290053167e-05,0.8824311844270388
2.821307675939471e-05,0.8832550627805598
2.880444153396298e-05,0.8840731677022562
2.940820170587067e-05,0.8848855396501822
3.002461709085549e-05,0.8856922187988771
3.065395295056524e-05,0.8864932450413517
3.12964801067075e-05,0.887288657991062
3.195247505759214e-05,0.8880784969838673
3.262222009711673e-05,0.8888628010799761
3.330600343624589e-05,0.8896416090658772
3.400411932703703e-05,0.8904149594562585
3.471686818926559e-05,0.8911828904959114
3.544455673970435e-05,0.8919454401616218
3.618749812411284e-05,0.8927026461640488
3.694601205199302e-05,0.8934545459495888
3.772042493416993e-05,0.8942011767022284
3.851107002325569e-05,0.8949425753453825
3.93182875570577e-05,0.8956787785437202
4.014242490499326e-05,0.8964098227049788
4.098383671757261e-05,0.8971357439817632
4.184288507901576e-05,0.8978565782733349
4.271993966306776e-05,0.8985723612273865
4.361537789208006e-05,0.8992831282418049
4.45295850994266e-05,0.8999889144664218
4.5462954695324e-05,0.900689754804752
4.641588833612772e-05,0.9013856839157197
4.738879609717651e-05,0.9020767362153722
4.838209664925957e-05,0.9027629458785817
4.939621743878326e-05,0.9034443468407363
5.043159487171359e-05,0.9041209727994168
5.148867450137487e-05,0.9047928572160645
5.256791122018419e-05,0.9054600333176352
5.366976945540476e-05,0.9061225340982428
5.479472336900293e-05,0.9067803923207904
5.594325706169377e-05,0.9074336405185912
5.711586478126424e-05,0.9080823109969771
5.831305113526218e-05,0.9087264358348961
5.95353313081437e-05,0.909366046886499
6.078323128297237e-05,0.9100011757827148
6.2057288067765e-05,0.9106318539328143
6.335804992658241e-05,0.9112581125259644
6.468607661546321e-05,0.9118799825327697
6.604193962330305e-05,0.9124974947068043
6.742622241778349e-05,0.913110679586133
6.883952069645496e-05,0.9137195674948209
7.028244264308338e-05,0.9143241885444334
7.175560918936922e-05,0.9149245726355258
7.32596542821523e-05,0.915520749459121
7.479522515621829e-05,0.9161127484981784
7.636298261282242e-05,0.9167005990290517
7.79636013040522e-05,0.9172843301229371
7.959777002314978e-05,0.9178639706473107
8.126619200091945e-05,0.918439549267356
8.296958520834916e-05,0.9190110944473815
8.470868266557403e-05,0.9195786344522286
8.648423275731709e-05,0.9201421973486693
8.829699955494083e-05,0.9207018110067942
9.014776314524917e-05,0.9212575031013901
9.203731996618231e-05,0.9218093011133102
9.39664831495469e-05,0.9223572323308313
9.593608287093147e-05,0.9229013238510048
9.794696670695385e-05,0.9234416025809955
0.0001,0.9239780952394133
0.0001020960662306048,0.9245108283576339
0.0001042360673976401,0.9250398282811108
0.0001064209244064725,0.9255651211706788
0.0001086515774652537,0.9260867330038469
0.0001109289864895223,0.9266046895760841
0.0001132541315152813,0.9271190165020935
0.0001156280131207375,0.9276297392170806
0.0001180516528568806,0.9281368829780102
0.0001205260936870841,0.9286404728648558
0.0001230524004359262,0.9291405337818398
0.0001256316602474122,0.929637090458665
0.000128264983052806,0.9301301674517379
0.0001309535020482668,0.9306197891453827
0.0001336983741824945,0.9311059797530474
0.0001365007806546014,0.9315887633185012
0.0001393619274224143,0.9320681637170236
0.0001422830457214352,0.9325442046565849
0.0001452653925946781,0.9330169096790192
0.0001483102514336103,0.9334863021611876
0.0001514189325304352,0.9339524053161353
0.0001545927736419478,0.9344152421942392
0.0001578331405652116,0.9348748356843475
0.000161141427725302,0.9353312085149121
0.0001645190587753661,0.9357843832551123
0.0001679674872092653,0.9362343823159711
0.0001714881969870541,0.9366812279514632
0.0001750827031735723,0.9371249422596162
0.0001787525525904235,0.9375655471836024
0.0001824993244816151,0.9380030645128251
0.000186324631193156,0.9384375158839952
0.0001902301188668946,0.9388689227822018
0.0001942174681489025,0.9392973065419744
0.0001982883949127071,0.9397226883483383
0.0002024446509976802,0.9401450892378617
0.0002066880249629082,0.9405645300996968
0.0002110203428568597,0.9409810316766121
0.0002154434690031882,0.9413946145660187
0.0002199593068030075,0.9418052992209887
0.0002245697995539772,0.9422131059512665
0.0002292769312865649,0.9426180549242739
0.0002340827276178294,0.9430201661661064
0.0002389892566231048,0.9434194595625243
0.000243998629725955,0.9438159548599361
0.0002491130026067791,0.9442096716663746
0.0002543345761304648,0.9446006294524668
0.0002596655972934873,0.9449888475523972
0.0002651083601908536,0.9453743451648631
0.0002706652070033241,0.9457571413540247
0.0002763385290053172,0.9461372550504478
0.0002821307675939471,0.9465147050520395
0.0002880444153396298,0.9468895100249786
0.000294082017058706,0.947261688504638
0.0003002461709085549,0.9476312588965019
0.000306539529505653,0.9479982394770755
0.000312964801067075,0.9483626483947891
0.0003195247505759214,0.9487245036708958
0.0003262222009711667,0.9490838232003621
0.0003330600343624589,0.9494406247527536
0.000340041193270371,0.9497949259731133
0.000347168681892656,0.9501467443828344
0.0003544455673970436,0.9504960973805265
0.0003618749812411277,0.9508430022428765
0.0003694601205199302,0.9511874761255027
0.0003772042493417001,0.951529536063803
0.0003851107002325569,0.9518691989737976
0.000393182875570577,0.9522064816529662
0.0004014242490499318,0.952541400781077
0.0004098383671757261,0.9528739729210135
0.0004184288507901585,0.9532042145195921
0.0004271993966306776,0.9535321419083765
0.0004361537789208006,0.9538577713044847
0.0004452958509942651,0.954181118811391
0.0004546295469532399,0.9545022004197229
0.0004641588833612782,0.9548210320080514
0.0004738879609717651,0.9551376293436763
0.0004838209664925957,0.9554520080834064
0.0004939621743878316,0.9557641837743329
0.0005043159487171359,0.9560741718545993
0.0005148867450137498,0.9563819876541642
0.0005256791122018419,0.9566876463955591
0.0005366976945540476,0.9569911631946427
0.0005479472336900282,0.9572925530613464
0.0005594325706169377,0.9575918309004181
0.0005711586478126435,0.9578890115121588
0.0005831305113526219,0.9581841095931544
0.000595353313081437,0.9584771397370025
0.0006078323128297224,0.9587681164350346
0.0006205728806776501,0.9590570540770319
0.0006335804992658254,0.9593439669519377
0.0006468607661546321,0.9596288692485636
0.0006604193962330305,0.9599117750562914
0.0006742622241778335,0.9601926983657698
0.0006883952069645496,0.9604716530696059
0.0007028244264308353,0.960748652963053
0.0007175560918936921,0.9610237117446924
0.000732596542821523,0.9612968430171105
0.0007479522515621828,0.9615680602875724
0.0007636298261282241,0.9618373769686887
0.0007796360130405237,0.9621048063790799
0.0007959777002314978,0.9623703617440346
0.0008126619200091946,0.9626340561961632
0.0008296958520834915,0.9628959027760478
0.0008470868266557402,0.963155914432887
0.0008648423275731727,0.9634141040251362
0.0008829699955494083,0.9636704843211438
0.0009014776314524918,0.9639250679997821
0.000920373199661823,0.9641778676510746
0.000939664831495469,0.9644288957768188
0.0009593608287093146,0.9646781647912041
0.0009794696670695387,0.9649256870214259
0.001,0.9651714747082953
0.001020960662306047,0.9654155400068446
0.001042360673976401,0.9656578949869276
0.001064209244064725,0.9658985516338175
0.001086515774652537,0.9661375218487992
0.001109289864895223,0.9663748174497576
0.001132541315152813,0.9666104501717624
0.001156280131207375,0.9668444316676482
0.001180516528568806,0.9670767735085912
0.001205260936870841,0.9673074871846808
0.001230524004359262,0.9675365841054883
0.001256316602474122,0.9677640756006309
0.00128264983052806,0.9679899729203321
0.001309535020482668,0.968214287235978
0.001336983741824945,0.96843702964067
0.001365007806546014,0.968658211149773
0.001393619274224143,0.9688778427014603
0.001422830457214352,0.9690959351572547
0.001452653925946781,0.9693124993025654
0.001483102514336103,0.9695275458472213
0.001514189325304352,0.9697410854260016
0.001545927736419478,0.9699531285991598
0.001578331405652117,0.9701636858529481
0.00161141427725302,0.9703727676001344
0.001645190587753661,0.9705803841805177
0.001679674872092653,0.9707865458614401
0.001714881969870541,0.9709912628382935
0.001750827031735723,0.9711945452350246
0.001787525525904235,0.9713964031046352
0.00182499324481615,0.9715968464296791
0.00186324631193156,0.9717958851227566
0.001902301188668946,0.971993529027004
0.001942174681489024,0.9721897879165804
0.001982883949127072,0.9723846714971515
0.002024446509976802,0.9725781894063691
0.002066880249629082,0.972770351214348
0.002110203428568597,0.9729611664241393
0.002154434690031882,0.9731506444722003
0.002199593068030075,0.973338794728861
0.002245697995539772,0.9735256264987876
0.002292769312865649,0.9737111490214427
0.002340827276178294,0.9738953714715425
0.002389892566231048,0.9740783029595096
0.00243998629725955,0.9742599525319248
0.002491130026067791,0.9744403291719734
0.002543345761304648,0.9746194417998901
0.002596655972934872,0.9747972992734
0.002651083601908536,0.9749739103881563
0.002706652070033241,0.9751492838781756
0.002763385290053173,0.9753234284162701
0.002821307675939471,0.9754963526144758
0.002880444153396298,0.9756680650244788
0.002940820170587061,0.9758385741380385
0.003002461709085549,0.9760078883874069
0.00306539529505653,0.9761760161457461
0.00312964801067075,0.9763429657275421
0.003195247505759214,0.976508745389016
0.003262222009711667,0.9766733633285327
0.003330600343624588,0.9768368276870057
0.00340041193270371,0.9769991465483003
0.003471686818926559,0.9771603279396328
0.003544455673970436,0.977320379831968
0.003618749812411277,0.9774793101404129
0.003694601205199302,0.9776371267246087
0.003772042493417001,0.977793837389119
0.003851107002325569,0.9779494498838159
0.003931828755705771,0.9781039719042633
0.004014242490499318,0.9782574110920977
0.004098383671757262,0.9784097750354056
0.004184288507901585,0.9785610712690989
0.004271993966306777,0.978711307275288
0.004361537789208006,0.9788604904836513
0.004452958509942651,0.9790086282718028
0.0045462954695324,0.979155727965657
0.004641588833612782,0.9793017968397908
0.004738879609717651,0.9794468421178041
0.004838209664925958,0.9795908709726762
0.004939621743878316,0.9797338905271208
0.005043159487171359,0.9798759078539385
0.005148867450137497,0.9800169299763661
0.005256791122018419,0.9801569638684243
0.005366976945540477,0.9802960164552628
0.005479472336900281,0.9804340946135016
0.005594325706169377,0.9805712051715727
0.005711586478126435,0.9807073549100568
0.005831305113526219,0.9808425505620186
0.00595353313081437,0.9809767988133403
0.006078323128297224,0.9811101063030516
0.0062057288067765,0.9812424796236586
0.006335804992658254,0.9813739253214695
0.006468607661546321,0.9815044498969185
0.006604193962330305,0.9816340598048872
0.006742622241778335,0.9817627614550235
0.006883952069645496,0.9818905612120592
0.007028244264308352,0.9820174653961244
0.007175560918936921,0.98214348028306
0.00732596542821523,0.982268612104728
0.007479522515621813,0.9823928670493204
0.007636298261282242,0.9825162512616639
0.007796360130405237,0.982638770843525
0.007959777002314978,0.9827604318539114
0.008126619200091946,0.9828812403093713
0.008296958520834915,0.9830012021842911
0.008470868266557402,0.9831203234111912
0.008648423275731726,0.983238609881019
0.008829699955494083,0.9833560674434401
0.009014776314524917,0.9834727019071283
0.00920373199661823,0.9835885190400521
0.009396648314954691,0.9837035245697602
0.009593608287093146,0.9838177241836649
0.009794696670695385,0.9839311235293231
0.01,0.9840437282147159
0.01020960662306048,0.9841555438085255
0.01042360673976401,0.9842665758404112
0.01064209244064725,0.9843768298012824
0.01086515774652537,0.98448631114357
0.01109289864895223,0.9845950252814967
0.01132541315152813,0.984702977591344
0.01156280131207375,0.9848101734117186
0.01180516528568806,0.9849166180438162
0.01205260936870841,0.9850223167516838
0.01230524004359262,0.9851272747624799
0.01256316602474121,0.9852314972667328
0.0128264983052806,0.9853349894185977
0.01309535020482668,0.9854377563361114
0.01336983741824945,0.9855398031014454
0.01365007806546014,0.9856411347611573
0.01393619274224144,0.9857417563264402
0.01422830457214352,0.9858416727733706
0.01452653925946781,0.9859408890431548
0.01483102514336103,0.9860394100423725
0.01514189325304352,0.9861372406432204
0.01545927736419479,0.9862343856837522
0.01578331405652117,0.9863308499681188
0.0161141427725302,0.9864266382668051
0.01645190587753661,0.9865217553168663
0.01679674872092653,0.986616205822162
0.01714881969870541,0.9867099944535892
0.01750827031735723,0.9868031258493126
0.01787525525904235,0.9868956046149947
0.0182499324481615,0.9869874353240231
0.0186324631193156,0.9870786225177367
0.01902301188668946,0.9871691707056505
0.01942174681489025,0.9872590843656787
0.01982883949127071,0.9873483679443555
0.02024446509976802,0.9874370258570558
0.02066880249629082,0.9875250624882134
0.02110203428568597,0.9876124821915369
0.02154434690031882,0.9876992892902263
0.02199593068030075,0.9877854880771862
0.02245697995539772,0.9878710828152381
0.02292769312865649,0.987956077737331
0.02340827276178294,0.9880404770467511
0.02389892566231048,0.9881242849173297
0.0243998629725955,0.9882075054936493
0.02491130026067786,0.9882901428912487
0.02543345761304648,0.9883722011968267
0.02596655972934872,0.9884536844684437
0.02651083601908536,0.9885345967357232
0.02706652070033241,0.9886149420000503
0.02763385290053173,0.9886947242347698
0.02821307675939471,0.988773947385383
0.02880444153396298,0.9888526153697427
0.02940820170587061,0.9889307320782463
0.03002461709085549,0.9890083013740295
0.0306539529505653,0.9890853270931561
0.03129648010670751,0.9891618130448082
0.03195247505759213,0.9892377630114748
0.03262222009711666,0.9893131807491384
0.03330600343624589,0.9893880699874612
0.0340041193270371,0.9894624344299693
0.03471686818926559,0.9895362777542355
0.03544455673970436,0.9896096036120621
0.03618749812411277,0.9896824156296605
0.03694601205199302,0.9897547174078312
0.03772042493417001,0.9898265125221416
0.03851107002325569,0.9898978045231026
0.0393182875570577,0.989968596936345
0.04014242490499318,0.9900388932627927
0.04098383671757262,0.9901086969788369
0.04184288507901585,0.9901780115365071
0.04271993966306777,0.9902468403636426
0.04361537789208006,0.9903151868640617
0.04452958509942651,0.9903830544177298
0.04546295469532399,0.9904504463809269
0.04641588833612782,0.9905173660864135
0.04738879609717651,0.9905838168435951
0.04838209664925957,0.9906498019386863
0.04939621743878315,0.9907153246348733
0.05043159487171359,0.9907803881724748
0.05148867450137497,0.9908449957691028
0.05256791122018419,0.9909091506198212
0.05366976945540476,0.9909728558973044
0.05479472336900281,0.9910361147519937
0.05594325706169378,0.9910989303122534
0.05711586478126435,0.9911613056845252
0.05831305113526219,0.9912232439534822
0.0595353313081437,0.991284748182181
0.06078323128297224,0.9913458214122139
0.062057288067765,0.9914064666638586
0.06335804992658255,0.9914666869362275
0.0646860766154632,0.991526485207417
0.06604193962330306,0.9915858644346537
0.06742622241778336,0.9916448275544409
0.06883952069645496,0.9917033774827045
0.07028244264308353,0.9917615171149363
0.07175560918936921,0.9918192493263376
0.0732596542821523,0.9918765769719614
0.07479522515621813,0.9919335028868538
0.07636298261282241,0.9919900298861934
0.07796360130405237,0.9920461607654317
0.07959777002314977,0.9921018983004304
0.08126619200091946,0.9921572452475989
0.08296958520834916,0.9922122043440309
0.08470868266557402,0.9922667783076397
0.08648423275731726,0.992320969837292
0.08829699955494083,0.9923747816129423
0.09014776314524918,0.9924282162957649
0.09203731996618231,0.9924812765282854
0.09396648314954691,0.9925339649345117
0.09593608287093147,0.9925862841200637
0.09794696670695385,0.9926382366723019
0.1,0.9926898251604556
0.1020960662306048,0.99274105213575
0.1042360673976401,0.9927919201315323
0.1064209244064725,0.9928424316633968
0.1086515774652537,0.9928925892293095
0.1109289864895223,0.9929423953097315
0.1132541315152813,0.992991852367742
0.1156280131207375,0.9930409628491597
0.1180516528568806,0.9930897291826639
0.1205260936870841,0.9931381537799147
0.1230524004359262,0.993186239035672
0.1256316602474122,0.9932339873279145
0.128264983052806,0.9932814010179565
0.1309535020482668,0.9933284824505653
0.1336983741824945,0.9933752339540769
0.1365007806546014,0.9934216578405112
0.1393619274224144,0.9934677564056863
0.1422830457214352,0.9935135319293322
0.1452653925946781,0.9935589866752033
0.1483102514336103,0.9936041228911903
0.1514189325304352,0.9936489428094318
0.1545927736419478,0.9936934486464242
0.1578331405652116,0.9937376426031317
0.161141427725302,0.9937815268650948
0.1645190587753661,0.9938251036025385
0.1679674872092653,0.99386837497048
0.1714881969870541,0.9939113431088347
0.1750827031735723,0.9939540101425222
0.1787525525904236,0.9939963781815715
0.182499324481615,0.9940384493212255
0.186324631193156,0.9940802256420443
0.1902301188668946,0.9941217092100081
0.1942174681489025,0.9941629020766197
0.1982883949127071,0.9942038062790055
0.2024446509976802,0.9942444238400167
0.2066880249629082,0.9942847567683288
0.2110203428568597,0.9943248070585416
0.2154434690031882,0.9943645766912774
0.2199593068030075,0.994404067633279
0.2245697995539772,0.994443281837507
0.2292769312865649,0.9944822212432362
0.2340827276178294,0.9945208877761519
0.2389892566231048,0.9945592833484449
0.243998629725955,0.9945974098589061
0.2491130026067786,0.9946352691930204
0.2543345761304648,0.9946728632230597
0.2596655972934873,0.9947101938081759
0.2651083601908536,0.9947472627944929
0.2706652070033241,0.994784072015197
0.2763385290053172,0.9948206232906288
0.2821307675939471,0.9948569184283725
0.2880444153396298,0.9948929592233453
0.2940820170587061,0.9949287474578863
0.3002461709085549,0.9949642849018447
0.306539529505653,0.9949995733126674
0.312964801067075,0.9950346144354854
0.3195247505759213,0.9950694100032008
0.3262222009711667,0.995103961736572
0.3330600343624588,0.9951382713442991
0.340041193270371,0.9951723405231082
0.3471686818926559,0.9952061709578353
0.3544455673970436,0.9952397643215097
0.3618749812411277,0.9952731222754371
0.3694601205199303,0.9953062464692807
0.3772042493417002,0.9953391385411441
0.3851107002325569,0.9953718001176514
0.393182875570577,0.995404232814028
0.4014242490499318,0.9954364382341804
0.4098383671757261,0.9954684179707755
0.4184288507901585,0.9955001736053193
0.4271993966306777,0.9955317067082353
0.4361537789208006,0.995563018838942
0.4452958509942651,0.9955941115459305
0.4546295469532399,0.9956249863668397
0.4641588833612782,0.9956556448285343
0.4738879609717651,0.9956860884471788
0.4838209664925957,0.9957163187283128
0.4939621743878316,0.9957463371669262
0.5043159487171359,0.9957761452475322
0.5148867450137498,0.9958057444442411
0.5256791122018419,0.9958351362208332
0.5366976945540476,0.9958643220308313
0.5479472336900282,0.9958933033175724
0.5594325706169377,0.9959220815142791
0.5711586478126435,0.9959506580441304
0.5831305113526218,0.9959790343203325
0.595353313081437,0.996007211746188
0.6078323128297224,0.996035191715166
0.62057288067765,0.9960629756109705
0.6335804992658254,0.996090564807609
0.6468607661546321,0.9961179606694607
0.6604193962330305,0.9961451645513435
0.6742622241778335,0.9961721777985814
0.6883952069645496,0.9961990017470707
0.7028244264308353,0.9962256377233464
0.7175560918936921,0.9962520870446474
0.732596542821523,0.9962783510189823
0.7479522515621814,0.9963044309451934
0.7636298261282242,0.9963303281130211
0.7796360130405237,0.996356043803168
0.7959777002314977,0.9963815792873618
0.8126619200091946,0.9964069358284185
0.8296958520834898,0.996432114680305
0.8470868266557402,0.9964571170882005
0.8648423275731727,0.9964819442885585
0.8829699955494082,0.9965065975091683
0.9014776314524917,0.9965310779692146
0.9203731996618231,0.9965553868793392
0.9396648314954691,0.9965795254416997
0.9593608287093147,0.9966034948500299
0.9794696670695385,0.9966272962896977
1,0.996650930937765
1.020960662306048,0.996674399963045
1.042360673976403,0.9966977045261604
1.064209244064722,0.9967208457796004
1.086515774652537,0.9967438248677786
1.109289864895223,0.9967666429270882
1.132541315152813,0.9967893010859596
1.156280131207378,0.9968118004649154
1.180516528568803,0.9968341421766257
1.205260936870841,0.996856327325964
1.230524004359262,0.9968783570100606
1.256316602474121,0.9969002323183581
1.282649830528062,0.9969219543326644
1.309535020482665,0.9969435241272064
1.336983741824945,0.9969649427686836
1.365007806546014,0.9969862113163201
1.393619274224144,0.9970073308219175
1.422830457214355,0.9970283023299068
1.452653925946778,0.9970491268773998
1.483102514336103,0.9970698054942408
1.514189325304352,0.9970903392030576
1.545927736419479,0.9971107290193112
1.57833140565212,0.9971309759513471
1.611414277253017,0.9971510810004445
1.645190587753661,0.9971710451608661
1.679674872092653,0.997190869419907
1.714881969870541,0.9972105547579438
1.750827031735727,0.9972301021484833
1.787525525904232,0.9972495125582097
1.824993244816151,0.9972687869470337
1.86324631193156,0.9972879262681388
1.902301188668946,0.9973069314680291
1.942174681489028,0.9973258034865761
1.982883949127067,0.9973445432570648
2.024446509976802,0.9973631517062403
2.066880249629082,0.9973816297543533
2.110203428568596,0.9973999783152058
2.154434690031886,0.997418198296196
2.19959306803007,0.9974362905983638
2.245697995539772,0.9974542561164345
2.292769312865649,0.9974720957388638
2.340827276178294,0.9974898103478812
2.389892566231053,0.9975074008195343
2.439986297259545,0.9975248680237311
2.491130026067786,0.9975422128242839
2.543345761304648,0.997559436078952
2.596655972934872,0.9975765386394834
2.651083601908542,0.9975935213516575
2.706652070033236,0.9976103850553267
2.763385290053167,0.9976271305844586
2.821307675939471,0.9976437587671758
2.880444153396298,0.9976602704257983
2.940820170587067,0.9976766663768836
3.002461709085543,0.9976929474312666
3.065395295056524,0.9977091143941006
3.12964801067075,0.9977251680648968
3.195247505759214,0.9977411092375631
3.262222009711673,0.9977569387004447
3.330600343624582,0.9977726572363619
3.400411932703703,0.9977882656226494
3.47168681892656,0.9978037646311948
3.544455673970436,0.9978191550284764
3.618749812411284,0.9978344375756014
3.694601205199295,0.9978496130283434
3.772042493416994,0.9978646821371798
3.851107002325569,0.9978796456473291
3.93182875570577,0.9978945042987873
4.014242490499326,0.9979092588263652
4.098383671757253,0.9979239099597238
4.184288507901576,0.9979384584234112
4.271993966306777,0.9979529049368984
4.361537789208006,0.997967250214614
4.45295850994266,0.9979814949659805
4.54629546953239,0.9979956398954493
4.641588833612772,0.9980096857025347
4.738879609717651,0.9980236330818495
4.838209664925957,0.9980374827231386
4.939621743878326,0.9980512353113138
5.043159487171349,0.9980648915264869
5.148867450137487,0.998078452044004
5.256791122018419,0.9980919175344786
5.366976945540476,0.9981052886638245
5.479472336900293,0.9981185660932894
5.594325706169389,0.9981317504794871
5.711586478126423,0.99814484247443
5.831305113526219,0.9981578427255616
5.95353313081437,0.9981707518757882
6.078323128297236,0.9981835705635109
6.205728806776513,0.9981962994226572
6.335804992658241,0.9982089390827121
6.46860766154632,0.9982214901687497
6.604193962330306,0.9982339533014635
6.742622241778349,0.9982463290971976
6.883952069645511,0.9982586181679769
7.028244264308339,0.9982708211215375
7.175560918936921,0.9982829385613569
7.32596542821523,0.9982949710866832
7.479522515621829,0.9983069192925655
7.636298261282257,0.998318783769883
7.796360130405221,0.9983305651053744
7.959777002314977,0.9983422638816664
8.126619200091946,0.9983538806773029
8.296958520834915,0.9983654160667739
8.470868266557419,0.9983768706205435
8.648423275731709,0.9983882449050778
8.829699955494084,0.998399539482874
9.014776314524918,0.9984107549124868
9.203731996618231,0.9984218917485573
9.39664831495471,0.9984329505418397
9.593608287093128,0.9984439318392286
9.794696670695386,0.9984548361837865
10,0.9984656641147699
