#Pareto aproximation (linear regression) vs Original set
#ParetoLr(x), ParetoLr(CDF) 
1e-08,0
1.020960662306048e-08,0
1.042360673976401e-08,0
1.064209244064725e-08,0
1.086515774652537e-08,0
1.109289864895223e-08,0
1.132541315152813e-08,0
1.156280131207375e-08,0
1.180516528568806e-08,0
1.205260936870841e-08,0
1.230524004359262e-08,0
1.256316602474122e-08,0
1.28264983052806e-08,0
1.309535020482668e-08,0
1.336983741824945e-08,0
1.365007806546014e-08,0
1.393619274224144e-08,0
1.422830457214352e-08,0
1.452653925946781e-08,0
1.483102514336103e-08,0
1.514189325304352e-08,0
1.545927736419478e-08,0
1.578331405652117e-08,0
1.61141427725302e-08,0
1.645190587753661e-08,0
1.679674872092653e-08,0
1.714881969870541e-08,0
1.750827031735723e-08,0
1.787525525904235e-08,0
1.824993244816151e-08,0
1.86324631193156e-08,0
1.902301188668946e-08,0
1.942174681489025e-08,0
1.982883949127072e-08,0
2.024446509976802e-08,0
2.066880249629082e-08,0
2.110203428568597e-08,0
2.154434690031882e-08,0
2.199593068030075e-08,0
2.245697995539776e-08,0
2.292769312865649e-08,0
2.340827276178294e-08,0
2.389892566231048e-08,0
2.43998629725955e-08,0
2.491130026067791e-08,0
2.543345761304648e-08,0
2.596655972934873e-08,0
2.651083601908536e-08,0
2.706652070033241e-08,0
2.763385290053173e-08,0
2.821307675939471e-08,0
2.880444153396298e-08,0
2.940820170587061e-08,0
3.002461709085549e-08,0
3.06539529505653e-08,0
3.12964801067075e-08,0
3.195247505759214e-08,0
3.262222009711667e-08,0
3.330600343624589e-08,0
3.40041193270371e-08,0
3.471686818926559e-08,0
3.544455673970436e-08,0
3.618749812411276e-08,0
3.694601205199302e-08,0
3.772042493417001e-08,0
3.851107002325569e-08,0
3.93182875570577e-08,0
4.014242490499318e-08,0
4.098383671757262e-08,0
4.184288507901584e-08,0
4.271993966306777e-08,0
4.361537789208006e-08,0
4.45295850994266e-08,0
4.546295469532399e-08,0
4.641588833612782e-08,0
4.738879609717651e-08,0
4.838209664925958e-08,0
4.939621743878326e-08,0
5.043159487171359e-08,-0.0001697951494130656
5.148867450137498e-08,-0.0005797209512274915
5.256791122018419e-08,-0.0009898147636775434
5.366976945540476e-08,-0.00140007665562325
5.479472336900293e-08,-0.001810506695953285
5.594325706169378e-08,-0.002221104953584296
5.711586478126435e-08,-0.002631871497460914
5.831305113526219e-08,-0.00304280639655663
5.95353313081437e-08,-0.003453909719872694
6.078323128297236e-08,-0.003865181536439
6.2057288067765e-08,-0.004276621915313195
6.335804992658255e-08,-0.004688230925581793
6.46860766154632e-08,-0.00510000863635951
6.604193962330306e-08,-0.005511955116789258
6.742622241778349e-08,-0.005924070436042372
6.883952069645497e-08,-0.006336354663318167
7.028244264308353e-08,-0.006748807867845041
7.175560918936921e-08,-0.007161430118879153
7.32596542821523e-08,-0.007574221485705523
7.479522515621828e-08,-0.007987182037636931
7.636298261282242e-08,-0.008400311844015018
7.796360130405237e-08,-0.008813610974210073
7.959777002314978e-08,-0.009227079497620139
8.126619200091946e-08,-0.009640717483672567
8.296958520834915e-08,-0.01005452500182202
8.470868266557402e-08,-0.0104685021215527
8.648423275731727e-08,-0.010882648912377
8.829699955494083e-08,-0.01129696544383529
9.014776314524918e-08,-0.01171145178549704
9.20373199661823e-08,-0.0121261080069599
9.396648314954691e-08,-0.01254093417785018
9.593608287093146e-08,-0.01295593036782283
9.794696670695386e-08,-0.01337109664656122
1e-07,-0.01378643308377714
1.020960662306048e-07,-0.01420193974921125
1.042360673976401e-07,-0.01461761671263262
1.064209244064725e-07,-0.01503346404383876
1.086515774652537e-07,-0.01544948181265626
1.109289864895223e-07,-0.01586567008893969
1.132541315152813e-07,-0.01628202894257291
1.156280131207375e-07,-0.01669855844346779
1.180516528568806e-07,-0.01711525866156549
1.205260936870841e-07,-0.01753212966683537
1.230524004359261e-07,-0.01794917152927566
1.256316602474121e-07,-0.01836638431891324
1.28264983052806e-07,-0.0187837681058034
1.309535020482668e-07,-0.01920132296003096
1.336983741824945e-07,-0.0196190489517083
1.365007806546014e-07,-0.02003694615097773
1.393619274224144e-07,-0.02045501462800958
1.422830457214352e-07,-0.02087325445300281
1.452653925946781e-07,-0.0212916656961859
1.483102514336103e-07,-0.0217102484278151
1.514189325304352e-07,-0.02212900271817664
1.545927736419479e-07,-0.02254792863758448
1.578331405652117e-07,-0.02296702625638214
1.61141427725302e-07,-0.02338629564494155
1.645190587753661e-07,-0.0238057368736635
1.679674872092653e-07,-0.0242253500129781
1.714881969870541e-07,-0.02464513513334343
1.750827031735723e-07,-0.02506509230524756
1.787525525904236e-07,-0.02548522159920652
1.824993244816151e-07,-0.02590552308576566
1.86324631193156e-07,-0.02632599683549919
1.902301188668946e-07,-0.02674664291901041
1.942174681489024e-07,-0.02716746140693105
1.982883949127071e-07,-0.02758845236992258
2.024446509976802e-07,-0.02800961587867445
2.066880249629082e-07,-0.02843095200390611
2.110203428568597e-07,-0.02885246081636539
2.154434690031882e-07,-0.02927414238682902
2.199593068030075e-07,-0.02969599678610302
2.245697995539772e-07,-0.03011802408502229
2.292769312865649e-07,-0.03054022435445103
2.340827276178294e-07,-0.03096259766528209
2.389892566231048e-07,-0.03138514408843762
2.43998629725955e-07,-0.03180786369486888
2.491130026067786e-07,-0.03223075655555574
2.543345761304648e-07,-0.03265382274150808
2.596655972934872e-07,-0.03307706232376395
2.651083601908536e-07,-0.03350047537339118
2.706652070033241e-07,-0.03392406196148601
2.763385290053167e-07,-0.03434782215917465
2.82130767593947e-07,-0.03477175603761218
2.880444153396298e-07,-0.03519586366798233
2.940820170587061e-07,-0.03562014512149858
3.002461709085549e-07,-0.03604460046940328
3.065395295056524e-07,-0.03646922978296852
3.12964801067075e-07,-0.03689403313349482
3.195247505759214e-07,-0.03731901059231268
3.262222009711673e-07,-0.03774416223078103
3.330600343624589e-07,-0.03816948812028875
3.400411932703703e-07,-0.03859498833225361
3.471686818926559e-07,-0.03902066293812267
3.544455673970435e-07,-0.03944651200937277
3.618749812411284e-07,-0.03987253561750914
3.694601205199302e-07,-0.04029873383406701
3.772042493416994e-07,-0.04072510673061069
3.851107002325569e-07,-0.04115165437873403
3.93182875570577e-07,-0.04157837685005994
4.014242490499326e-07,-0.04200527421624067
4.098383671757261e-07,-0.042432346548958
4.184288507901585e-07,-0.04285959391992322
4.271993966306776e-07,-0.04328701640087651
4.361537789208006e-07,-0.04371461406358823
4.45295850994266e-07,-0.0441423869798574
4.5462954695324e-07,-0.04457033522151299
4.641588833612782e-07,-0.04499845886041287
4.738879609717651e-07,-0.04542675796844509
4.838209664925957e-07,-0.04585523261752633
4.939621743878326e-07,-0.04628388287960372
5.043159487171359e-07,-0.04671270882665279
5.148867450137498e-07,-0.0471417105306795
5.25679112201842e-07,-0.04757088806371867
5.366976945540476e-07,-0.04800024149783511
5.479472336900293e-07,-0.0484297709051229
5.594325706169378e-07,-0.04885947635770571
5.711586478126435e-07,-0.04928935792773692
5.831305113526218e-07,-0.04971941568739924
5.95353313081437e-07,-0.05014964970890512
6.078323128297237e-07,-0.05058006006449633
6.205728806776501e-07,-0.05101064682644507
6.335804992658255e-07,-0.05144141006705194
6.468607661546321e-07,-0.05187234985864819
6.604193962330305e-07,-0.05230346627359439
6.742622241778349e-07,-0.05273475938428041
6.883952069645496e-07,-0.05316622926312631
7.028244264308353e-07,-0.0535978759825817
7.175560918936921e-07,-0.05402969961512571
7.32596542821523e-07,-0.05446170023326702
7.479522515621828e-07,-0.0548938779095447
7.636298261282241e-07,-0.0553262327165267
7.796360130405236e-07,-0.05575876472681163
7.959777002314978e-07,-0.05619147401302671
8.126619200091945e-07,-0.05662436064783027
8.296958520834915e-07,-0.05705742470390951
8.470868266557403e-07,-0.05749066625398136
8.648423275731727e-07,-0.05792408537079297
8.829699955494083e-07,-0.05835768212712122
9.014776314524917e-07,-0.05879145659577301
9.20373199661823e-07,-0.05922540884958449
9.396648314954691e-07,-0.05965953896142207
9.593608287093148e-07,-0.06009384700418208
9.794696670695385e-07,-0.06052833305079064
1e-06,-0.06096299717420361
1.020960662306047e-06,-0.06139783944740684
1.042360673976401e-06,-0.06183285994341636
1.064209244064725e-06,-0.06226805873527752
1.086515774652537e-06,-0.06270343589606631
1.109289864895223e-06,-0.06313899149888846
1.132541315152813e-06,-0.06357472561687905
1.156280131207375e-06,-0.06401063832320397
1.180516528568805e-06,-0.06444672969105869
1.205260936870841e-06,-0.06488299979366863
1.230524004359262e-06,-0.06531944870428963
1.256316602474121e-06,-0.06575607649620707
1.28264983052806e-06,-0.06619288324273653
1.309535020482668e-06,-0.06662986901722379
1.336983741824945e-06,-0.06706703389304436
1.365007806546014e-06,-0.06750437794360442
1.393619274224143e-06,-0.06794190124233945
1.422830457214352e-06,-0.06837960386271558
1.452653925946781e-06,-0.06881748587822889
1.483102514336103e-06,-0.06925554736240547
1.514189325304352e-06,-0.06969378838880202
1.545927736419479e-06,-0.07013220903100481
1.57833140565212e-06,-0.07057080936263049
1.61141427725302e-06,-0.07100958945732572
1.645190587753661e-06,-0.07144854938876777
1.679674872092653e-06,-0.07188768923066369
1.714881969870541e-06,-0.07232700905675116
1.750827031735727e-06,-0.07276650894079739
1.787525525904235e-06,-0.07320618895660069
1.82499324481615e-06,-0.07364604917798889
1.86324631193156e-06,-0.07408608967882047
1.902301188668946e-06,-0.07452631053298409
1.942174681489028e-06,-0.07496671181439862
1.982883949127071e-06,-0.07540729359701315
2.024446509976802e-06,-0.07584805595480759
2.066880249629082e-06,-0.07628899896179164
2.110203428568597e-06,-0.07673012269200541
2.154434690031886e-06,-0.07717142721951942
2.199593068030075e-06,-0.07761291261843462
2.245697995539772e-06,-0.07805457896288237
2.292769312865649e-06,-0.07849642632702425
2.340827276178294e-06,-0.07893845478505224
2.389892566231052e-06,-0.07938066441118874
2.43998629725955e-06,-0.07982305527968681
2.491130026067786e-06,-0.08026562746482968
2.543345761304648e-06,-0.08070838104093125
2.596655972934872e-06,-0.08115131608233539
2.651083601908542e-06,-0.08159443266341704
2.706652070033241e-06,-0.08203773085858135
2.763385290053167e-06,-0.08248121074226389
2.821307675939471e-06,-0.08292487238893087
2.880444153396298e-06,-0.08336871587307892
2.940820170587067e-06,-0.08381274126923532
3.002461709085549e-06,-0.08425694865195776
3.065395295056524e-06,-0.0847013380958348
3.129648010670751e-06,-0.08514590967548497
3.195247505759214e-06,-0.0855906634655581
3.262222009711673e-06,-0.08603559954073425
3.330600343624589e-06,-0.08648071797572365
3.400411932703702e-06,-0.08692601884526807
3.47168681892656e-06,-0.08737150222413925
3.544455673970436e-06,-0.0878171681871398
3.618749812411284e-06,-0.08826301680910298
3.694601205199302e-06,-0.08870904816489289
3.772042493416993e-06,-0.08915526232940363
3.851107002325569e-06,-0.08960165937756082
3.93182875570577e-06,-0.09004823938432049
4.014242490499326e-06,-0.09049500242466935
4.098383671757261e-06,-0.0909419485736247
4.184288507901576e-06,-0.09138907790623496
4.271993966306777e-06,-0.09183639049757875
4.361537789208005e-06,-0.09228388642276619
4.45295850994266e-06,-0.09273156575693764
4.5462954695324e-06,-0.09317942857526429
4.641588833612773e-06,-0.09362747495294821
4.738879609717651e-06,-0.09407570496522277
4.838209664925957e-06,-0.09452411868735133
4.939621743878326e-06,-0.09497271619462877
5.043159487171359e-06,-0.09542149756238016
5.148867450137487e-06,-0.09587046286596235
5.25679112201842e-06,-0.09631961218076235
5.366976945540476e-06,-0.09676894558219851
5.479472336900293e-06,-0.09721846314571958
5.594325706169378e-06,-0.09766816494680564
5.711586478126423e-06,-0.0981180510609676
5.831305113526219e-06,-0.09856812156374728
5.95353313081437e-06,-0.09901837653071777
6.078323128297237e-06,-0.09946881603748237
6.205728806776501e-06,-0.09991944015967635
6.335804992658241e-06,-0.1003702489729652
6.468607661546321e-06,-0.1008212425530459
6.604193962330305e-06,-0.1012724209756461
6.742622241778349e-06,-0.1017237843165246
6.883952069645496e-06,-0.1021753326514716
7.028244264308338e-06,-0.1026270660563078
7.175560918936921e-06,-0.1030789846068854
7.32596542821523e-06,-0.1035310883790874
7.479522515621829e-06,-0.1039833774488284
7.636298261282242e-06,-0.104435851892053
7.796360130405221e-06,-0.1048885117847382
7.959777002314978e-06,-0.1053413572028918
8.126619200091945e-06,-0.105794388222552
8.296958520834915e-06,-0.1062476049197894
8.470868266557402e-06,-0.1067010073707044
8.648423275731709e-06,-0.1071545956514297
8.829699955494083e-06,-0.1076083698381287
9.014776314524917e-06,-0.1080623300069963
9.20373199661823e-06,-0.1085164762342583
9.396648314954691e-06,-0.1089708085961718
9.593608287093147e-06,-0.1094253271690253
9.794696670695386e-06,-0.1098800320291387
1e-05,-0.1103349232528628
1.020960662306048e-05,-0.1107900009165796
1.042360673976401e-05,-0.1112452650967033
1.064209244064725e-05,-0.1117007158696786
1.086515774652537e-05,-0.1121563533119814
1.109289864895223e-05,-0.1126121775001196
1.132541315152813e-05,-0.1130681885106322
1.156280131207375e-05,-0.1135243864200894
1.180516528568806e-05,-0.1139807713050929
1.205260936870841e-05,-0.1144373432422756
1.230524004359262e-05,-0.1148941023083021
1.256316602474121e-05,-0.1153510485798686
1.28264983052806e-05,-0.115808182133702
1.309535020482668e-05,-0.1162655030465616
1.336983741824945e-05,-0.1167230113952373
1.365007806546014e-05,-0.1171807072565509
1.393619274224143e-05,-0.1176385907073558
1.422830457214352e-05,-0.1180966618245363
1.452653925946781e-05,-0.1185549206850092
1.483102514336103e-05,-0.1190133673657217
1.514189325304352e-05,-0.1194720019436535
1.545927736419479e-05,-0.1199308244958153
1.578331405652116e-05,-0.1203898350992492
1.61141427725302e-05,-0.1208490338310297
1.645190587753661e-05,-0.1213084207682622
1.679674872092653e-05,-0.1217679959880837
1.714881969870541e-05,-0.1222277595676633
1.750827031735727e-05,-0.1226877115842011
1.787525525904236e-05,-0.1231478521149292
1.82499324481615e-05,-0.1236081812371113
1.86324631193156e-05,-0.1240686990280431
1.902301188668946e-05,-0.1245294055650514
1.942174681489028e-05,-0.1249903009254949
1.982883949127071e-05,-0.1254513851867642
2.024446509976802e-05,-0.1259126584262813
2.066880249629082e-05,-0.1263741207215003
2.110203428568597e-05,-0.1268357721499069
2.154434690031887e-05,-0.1272976127890182
2.199593068030075e-05,-0.1277596427163836
2.245697995539772e-05,-0.1282218620095841
2.292769312865649e-05,-0.1286842707462323
2.340827276178294e-05,-0.129146869003973
2.389892566231053e-05,-0.1296096568604825
2.43998629725955e-05,-0.1300726343934688
2.491130026067786e-05,-0.1305358016806724
2.543345761304648e-05,-0.1309991587998649
2.596655972934872e-05,-0.1314627058288504
2.651083601908542e-05,-0.1319264428454643
2.706652070033241e-05,-0.1323903699275744
2.763385290053167e-05,-0.1328544871530801
2.821307675939471e-05,-0.1333187945999132
2.880444153396298e-05,-0.1337832923460367
2.940820170587067e-05,-0.1342479804694461
3.002461709085549e-05,-0.1347128590481685
3.065395295056524e-05,-0.1351779281602636
3.12964801067075e-05,-0.1356431878838225
3.195247505759214e-05,-0.1361086382969685
3.262222009711673e-05,-0.1365742794778566
3.330600343624589e-05,-0.1370401115046747
3.400411932703703e-05,-0.1375061344556416
3.471686818926559e-05,-0.1379723484090094
3.544455673970435e-05,-0.1384387534430611
3.618749812411284e-05,-0.1389053496361126
3.694601205199302e-05,-0.1393721370665113
3.772042493416993e-05,-0.1398391158126373
3.851107002325569e-05,-0.1403062859529025
3.93182875570577e-05,-0.1407736475657508
4.014242490499326e-05,-0.1412412007296586
4.098383671757261e-05,-0.1417089455231342
4.184288507901576e-05,-0.1421768820247182
4.271993966306776e-05,-0.1426450103129835
4.361537789208006e-05,-0.1431133304665348
4.45295850994266e-05,-0.1435818425640094
4.5462954695324e-05,-0.1440505466840769
4.641588833612772e-05,-0.1445194429054384
4.738879609717651e-05,-0.1449885313068284
4.838209664925957e-05,-0.1454578119670129
4.939621743878326e-05,-0.1459272849647903
5.043159487171359e-05,-0.1463969503789913
5.148867450137487e-05,-0.146866808288479
5.256791122018419e-05,-0.1473368587721489
5.366976945540476e-05,-0.1478071019089287
5.479472336900293e-05,-0.1482775377777783
5.594325706169377e-05,-0.1487481664576902
5.711586478126424e-05,-0.1492189880276893
5.831305113526218e-05,-0.1496900025668328
5.95353313081437e-05,-0.1501612101542105
6.078323128297237e-05,-0.150632610868944
6.2057288067765e-05,-0.1511042047901878
6.335804992658241e-05,-0.1515759919971291
6.468607661546321e-05,-0.1520479725689869
6.604193962330305e-05,-0.1525201465850134
6.742622241778349e-05,-0.1529925141244926
6.883952069645496e-05,-0.1534650752667412
7.028244264308338e-05,-0.1539378300911087
7.175560918936922e-05,-0.1544107786769771
7.32596542821523e-05,-0.1548839211037605
7.479522515621829e-05,-0.1553572574509057
7.636298261282242e-05,-0.1558307877978922
7.79636013040522e-05,-0.1563045122242324
7.959777002314978e-05,-0.1567784308094704
8.126619200091945e-05,-0.157252543633184
8.296958520834916e-05,-0.1577268507749825
8.470868266557403e-05,-0.1582013523145087
8.648423275731709e-05,-0.1586760483314376
8.829699955494083e-05,-0.159150938905477
9.014776314524917e-05,-0.1596260241163674
9.203731996618231e-05,-0.1601013040438819
9.39664831495469e-05,-0.1605767787678261
9.593608287093147e-05,-0.1610524483680389
9.794696670695385e-05,-0.1615283129243912
0.0001,-0.1620043725167872
0.0001020960662306048,-0.1624806272251638
0.0001042360673976401,-0.1629570771294899
0.0001064209244064725,-0.1634337223097684
0.0001086515774652537,-0.163910562846034
0.0001109289864895223,-0.1643875988183547
0.0001132541315152813,-0.1648648303068312
0.0001156280131207375,-0.165342257391597
0.0001180516528568806,-0.1658198801528183
0.0001205260936870841,-0.1662976986706945
0.0001230524004359262,-0.1667757130254575
0.0001256316602474122,-0.1672539232973724
0.000128264983052806,-0.1677323295667372
0.0001309535020482668,-0.1682109319138825
0.0001336983741824945,-0.1686897304191717
0.0001365007806546014,-0.1691687251630021
0.0001393619274224143,-0.1696479162258027
0.0001422830457214352,-0.1701273036880362
0.0001452653925946781,-0.1706068876301985
0.0001483102514336103,-0.1710866681328176
0.0001514189325304352,-0.1715666452764553
0.0001545927736419478,-0.1720468191417059
0.0001578331405652116,-0.1725271898091973
0.000161141427725302,-0.1730077573595901
0.0001645190587753661,-0.1734885218735778
0.0001679674872092653,-0.173969483431887
0.0001714881969870541,-0.1744506421152781
0.0001750827031735723,-0.1749319980045434
0.0001787525525904235,-0.1754135511805093
0.0001824993244816151,-0.175895301724035
0.000186324631193156,-0.1763772497160128
0.0001902301188668946,-0.176859395237368
0.0001942174681489025,-0.1773417383690592
0.0001982883949127071,-0.1778242791920788
0.0002024446509976802,-0.1783070177874511
0.0002066880249629082,-0.1787899542362346
0.0002110203428568597,-0.1792730886195208
0.0002154434690031882,-0.1797564210184344
0.0002199593068030075,-0.1802399515141333
0.0002245697995539772,-0.1807236801878087
0.0002292769312865649,-0.1812076071206852
0.0002340827276178294,-0.1816917323940201
0.0002389892566231048,-0.182176056089105
0.000243998629725955,-0.1826605782872641
0.0002491130026067791,-0.1831452990698552
0.0002543345761304648,-0.183630218518269
0.0002596655972934873,-0.1841153367139303
0.0002651083601908536,-0.1846006537382969
0.0002706652070033241,-0.1850861696728598
0.0002763385290053172,-0.1855718845991436
0.0002821307675939471,-0.1860577985987064
0.0002880444153396298,-0.1865439117531396
0.000294082017058706,-0.1870302241440678
0.0003002461709085549,-0.1875167358531495
0.000306539529505653,-0.1880034469620768
0.000312964801067075,-0.1884903575525745
0.0003195247505759214,-0.1889774677064016
0.0003262222009711667,-0.1894647775053502
0.0003330600343624589,-0.1899522870312464
0.000340041193270371,-0.1904399963659491
0.000347168681892656,-0.1909279055913515
0.0003544455673970436,-0.19141601478938
0.0003618749812411277,-0.1919043240419946
0.0003694601205199302,-0.1923928334311888
0.0003772042493417001,-0.1928815430389901
0.0003851107002325569,-0.1933704529474589
0.000393182875570577,-0.1938595632386899
0.0004014242490499318,-0.1943488739948114
0.0004098383671757261,-0.1948383852979849
0.0004184288507901585,-0.1953280972304061
0.0004271993966306776,-0.1958180098743041
0.0004361537789208006,-0.1963081233119415
0.0004452958509942651,-0.1967984376256151
0.0004546295469532399,-0.1972889528976551
0.0004641588833612782,-0.1977796692104254
0.0004738879609717651,-0.1982705866463241
0.0004838209664925957,-0.1987617052877826
0.0004939621743878316,-0.1992530252172664
0.0005043159487171359,-0.1997445465172742
0.0005148867450137498,-0.2002362692703394
0.0005256791122018419,-0.2007281935590288
0.0005366976945540476,-0.2012203194659428
0.0005479472336900282,-0.2017126470737158
0.0005594325706169377,-0.2022051764650163
0.0005711586478126435,-0.2026979077225468
0.0005831305113526219,-0.203190840929043
0.000595353313081437,-0.2036839761672751
0.0006078323128297224,-0.2041773135200471
0.0006205728806776501,-0.2046708530701968
0.0006335804992658254,-0.2051645949005962
0.0006468607661546321,-0.205658539094151
0.0006604193962330305,-0.206152685733801
0.0006742622241778335,-0.20664703490252
0.0006883952069645496,-0.2071415866833159
0.0007028244264308353,-0.2076363411592306
0.0007175560918936921,-0.2081312984133394
0.000732596542821523,-0.2086264585287529
0.0007479522515621828,-0.2091218215886146
0.0007636298261282241,-0.2096173876761027
0.0007796360130405237,-0.2101131568744294
0.0007959777002314978,-0.2106091292668408
0.0008126619200091946,-0.2111053049366174
0.0008296958520834915,-0.2116016839670736
0.0008470868266557402,-0.2120982664415578
0.0008648423275731727,-0.2125950524434534
0.0008829699955494083,-0.2130920420561768
0.0009014776314524918,-0.2135892353631796
0.000920373199661823,-0.2140866324479469
0.000939664831495469,-0.2145842333939982
0.0009593608287093146,-0.2150820382848875
0.0009794696670695387,-0.2155800472042029
0.001,-0.2160782602355666
0.001020960662306047,-0.2165766774626352
0.001042360673976401,-0.2170752989690996
0.001064209244064725,-0.2175741248386849
0.001086515774652537,-0.2180731551551507
0.001109289864895223,-0.2185723900022909
0.001132541315152813,-0.2190718294639333
0.001156280131207375,-0.2195714736239409
0.001180516528568806,-0.2200713225662103
0.001205260936870841,-0.2205713763746728
0.001230524004359262,-0.2210716351332944
0.001256316602474122,-0.2215720989260748
0.00128264983052806,-0.2220727678370484
0.001309535020482668,-0.2225736419502848
0.001336983741824945,-0.2230747213498869
0.001365007806546014,-0.2235760061199927
0.001393619274224143,-0.2240774963447747
0.001422830457214352,-0.2245791921084395
0.001452653925946781,-0.225081093495229
0.001483102514336103,-0.2255832005894185
0.001514189325304352,-0.2260855134753188
0.001545927736419478,-0.2265880322372751
0.001578331405652117,-0.2270907569596665
0.00161141427725302,-0.2275936877269074
0.001645190587753661,-0.2280968246234465
0.001679674872092653,-0.2286001677337675
0.001714881969870541,-0.229103717142388
0.001750827031735723,-0.2296074729338606
0.001787525525904235,-0.2301114351927731
0.00182499324481615,-0.2306156040037468
0.00186324631193156,-0.2311199794514389
0.001902301188668946,-0.2316245616205406
0.001942174681489024,-0.2321293505957776
0.001982883949127072,-0.2326343464619112
0.002024446509976802,-0.2331395493037365
0.002066880249629082,-0.2336449592060841
0.002110203428568597,-0.2341505762538187
0.002154434690031882,-0.2346564005318403
0.002199593068030075,-0.2351624321250836
0.002245697995539772,-0.2356686711185181
0.002292769312865649,-0.2361751175971476
0.002340827276178294,-0.2366817716460119
0.002389892566231048,-0.2371886333501843
0.00243998629725955,-0.2376957027947739
0.002491130026067791,-0.2382029800649244
0.002543345761304648,-0.2387104652458143
0.002596655972934872,-0.2392181584226574
0.002651083601908536,-0.2397260596807016
0.002706652070033241,-0.2402341691052308
0.002763385290053173,-0.2407424867815631
0.002821307675939471,-0.2412510127950518
0.002880444153396298,-0.2417597472310851
0.002940820170587061,-0.2422686901750866
0.003002461709085549,-0.2427778417125142
0.00306539529505653,-0.2432872019288612
0.00312964801067075,-0.2437967709096562
0.003195247505759214,-0.2443065487404625
0.003262222009711667,-0.2448165355068788
0.003330600343624588,-0.2453267312945382
0.00340041193270371,-0.2458371361891096
0.003471686818926559,-0.246347750276297
0.003544455673970436,-0.2468585736418387
0.003618749812411277,-0.2473696063715094
0.003694601205199302,-0.2478808485511179
0.003772042493417001,-0.2483923002665087
0.003851107002325569,-0.2489039616035611
0.003931828755705771,-0.2494158326481901
0.004014242490499318,-0.2499279134863455
0.004098383671757262,-0.2504402042040128
0.004184288507901585,-0.250952704887212
0.004271993966306777,-0.2514654156219989
0.004361537789208006,-0.2519783364944645
0.004452958509942651,-0.252491467590735
0.0045462954695324,-0.2530048089969721
0.004641588833612782,-0.2535183607993725
0.004738879609717651,-0.2540321230841684
0.004838209664925958,-0.2545460959376273
0.004939621743878316,-0.2550602794460519
0.005043159487171359,-0.2555746736957807
0.005148867450137497,-0.2560892787731874
0.005256791122018419,-0.2566040947646808
0.005366976945540477,-0.2571191217567053
0.005479472336900281,-0.2576343598357411
0.005594325706169377,-0.2581498090883032
0.005711586478126435,-0.2586654696009425
0.005831305113526219,-0.2591813414602453
0.00595353313081437,-0.2596974247528334
0.006078323128297224,-0.260213719565364
0.0062057288067765,-0.2607302259845297
0.006335804992658254,-0.2612469440970588
0.006468607661546321,-0.2617638739897155
0.006604193962330305,-0.2622810157492987
0.006742622241778335,-0.2627983694626439
0.006883952069645496,-0.2633159352166212
0.007028244264308352,-0.263833713098137
0.007175560918936921,-0.2643517031941331
0.00732596542821523,-0.2648699055915869
0.007479522515621813,-0.2653883203775114
0.007636298261282242,-0.2659069476389553
0.007796360130405237,-0.2664257874630032
0.007959777002314978,-0.2669448399367751
0.008126619200091946,-0.2674641051474267
0.008296958520834915,-0.2679835831821498
0.008470868266557402,-0.2685032741281714
0.008648423275731726,-0.2690231780727546
0.008829699955494083,-0.2695432951031982
0.009014776314524917,-0.2700636253068369
0.00920373199661823,-0.2705841687710409
0.009396648314954691,-0.2711049255832161
0.009593608287093146,-0.2716258958308051
0.009794696670695385,-0.2721470796012853
0.01,-0.2726684769821706
0.01020960662306048,-0.2731900880610103
0.01042360673976401,-0.27371191292539
0.01064209244064725,-0.2742339516629311
0.01086515774652537,-0.2747562043612906
0.01109289864895223,-0.2752786711081621
0.01132541315152813,-0.2758013519912741
0.01156280131207375,-0.2763242470983922
0.01180516528568806,-0.2768473565173173
0.01205260936870841,-0.2773706803358862
0.01230524004359262,-0.2778942186419722
0.01256316602474121,-0.2784179715234842
0.0128264983052806,-0.2789419390683674
0.01309535020482668,-0.2794661213646028
0.01336983741824945,-0.2799905185002074
0.01365007806546014,-0.2805151305632347
0.01393619274224144,-0.2810399576417741
0.01422830457214352,-0.2815649998239511
0.01452653925946781,-0.2820902571979269
0.01483102514336103,-0.2826157298518994
0.01514189325304352,-0.2831414178741023
0.01545927736419479,-0.283667321352806
0.01578331405652117,-0.2841934403763162
0.0161141427725302,-0.2847197750329755
0.01645190587753661,-0.2852463254111626
0.01679674872092653,-0.2857730915992922
0.01714881969870541,-0.2863000736858152
0.01750827031735723,-0.2868272717592193
0.01787525525904235,-0.2873546859080276
0.0182499324481615,-0.2878823162208002
0.0186324631193156,-0.2884101627861331
0.01902301188668946,-0.2889382256926589
0.01942174681489025,-0.2894665050290464
0.01982883949127071,-0.2899950008840007
0.02024446509976802,-0.290523713346263
0.02066880249629082,-0.2910526425046114
0.02110203428568597,-0.2915817884478602
0.02154434690031882,-0.29211115126486
0.02199593068030075,-0.2926407310444978
0.02245697995539772,-0.2931705278756971
0.02292769312865649,-0.2937005418474177
0.02340827276178294,-0.2942307730486562
0.02389892566231048,-0.2947612215684454
0.0243998629725955,-0.2952918874958546
0.02491130026067786,-0.2958227709199897
0.02543345761304648,-0.296353871929993
0.02596655972934872,-0.2968851906150436
0.02651083601908536,-0.2974167270643568
0.02706652070033241,-0.2979484813671849
0.02763385290053173,-0.2984804536128161
0.02821307675939471,-0.299012643890576
0.02880444153396298,-0.2995450522898262
0.02940820170587061,-0.3000776788999651
0.03002461709085549,-0.300610523810428
0.0306539529505653,-0.3011435871106865
0.03129648010670751,-0.3016768688902491
0.03195247505759213,-0.3022103692386608
0.03262222009711666,-0.3027440882455035
0.03330600343624589,-0.3032780260003956
0.0340041193270371,-0.3038121825929925
0.03471686818926559,-0.3043465581129861
0.03544455673970436,-0.304881152650105
0.03618749812411277,-0.3054159662941149
0.03694601205199302,-0.3059509991348184
0.03772042493417001,-0.3064862512620541
0.03851107002325569,-0.3070217227656982
0.0393182875570577,-0.3075574137356634
0.04014242490499318,-0.3080933242618995
0.04098383671757262,-0.3086294544343928
0.04184288507901585,-0.3091658043431669
0.04271993966306777,-0.3097023740782821
0.04361537789208006,-0.3102391637298352
0.04452958509942651,-0.3107761733879606
0.04546295469532399,-0.3113134031428293
0.04641588833612782,-0.3118508530846495
0.04738879609717651,-0.3123885233036658
0.04838209664925957,-0.3129264138901606
0.04939621743878315,-0.3134645249344528
0.05043159487171359,-0.3140028565268982
0.05148867450137497,-0.3145414087578897
0.05256791122018419,-0.3150801817178579
0.05366976945540476,-0.3156191754972695
0.05479472336900281,-0.3161583901866287
0.05594325706169378,-0.3166978258764772
0.05711586478126435,-0.3172374826573932
0.05831305113526219,-0.3177773606199921
0.0595353313081437,-0.318317459854927
0.06078323128297224,-0.3188577804528872
0.062057288067765,-0.3193983225046
0.06335804992658255,-0.3199390861008298
0.0646860766154632,-0.3204800713323774
0.06604193962330306,-0.3210212782900821
0.06742622241778336,-0.3215627070648193
0.06883952069645496,-0.3221043577475022
0.07028244264308353,-0.3226462304290814
0.07175560918936921,-0.3231883252005441
0.0732596542821523,-0.3237306421529154
0.07479522515621813,-0.3242731813772575
0.07636298261282241,-0.32481594296467
0.07796360130405237,-0.32535892700629
0.07959777002314977,-0.3259021335932912
0.08126619200091946,-0.3264455628168856
0.08296958520834916,-0.3269892147683222
0.08470868266557402,-0.3275330895388873
0.08648423275731726,-0.3280771872199046
0.08829699955494083,-0.3286215079027355
0.09014776314524918,-0.3291660516787784
0.09203731996618231,-0.3297108186394699
0.09396648314954691,-0.3302558088762833
0.09593608287093147,-0.3308010224807296
0.09794696670695385,-0.3313464595443578
0.1,-0.3318921201587537
0.1020960662306048,-0.3324380044155411
0.1042360673976401,-0.3329841124063813
0.1064209244064725,-0.333530444222973
0.1086515774652537,-0.3340769999570523
0.1109289864895223,-0.3346237797003937
0.1132541315152813,-0.3351707835448083
0.1156280131207375,-0.3357180115821459
0.1180516528568806,-0.3362654639042928
0.1205260936870841,-0.3368131406031736
0.1230524004359262,-0.3373610417707509
0.1256316602474122,-0.3379091674990242
0.128264983052806,-0.3384575178800311
0.1309535020482668,-0.3390060930058472
0.1336983741824945,-0.3395548929685852
0.1365007806546014,-0.3401039178603962
0.1393619274224144,-0.3406531677734688
0.1422830457214352,-0.341202642800029
0.1452653925946781,-0.3417523430323415
0.1483102514336103,-0.3423022685627077
0.1514189325304352,-0.3428524194834677
0.1545927736419478,-0.3434027958869992
0.1578331405652116,-0.3439533978657177
0.161141427725302,-0.3445042255120765
0.1645190587753661,-0.3450552789185668
0.1679674872092653,-0.3456065581777179
0.1714881969870541,-0.3461580633820971
0.1750827031735723,-0.3467097946243092
0.1787525525904236,-0.3472617519969974
0.182499324481615,-0.3478139355928425
0.186324631193156,-0.3483663455045634
0.1902301188668946,-0.3489189818249174
0.1942174681489025,-0.3494718446466991
0.1982883949127071,-0.3500249340627419
0.2024446509976802,-0.3505782501659165
0.2066880249629082,-0.3511317930491324
0.2110203428568597,-0.3516855628053366
0.2154434690031882,-0.3522395595275141
0.2199593068030075,-0.3527937833086889
0.2245697995539772,-0.3533482342419221
0.2292769312865649,-0.3539029124203137
0.2340827276178294,-0.3544578179370015
0.2389892566231048,-0.3550129508851612
0.243998629725955,-0.355568311358007
0.2491130026067786,-0.3561238994487919
0.2543345761304648,-0.3566797152508059
0.2596655972934873,-0.3572357588573782
0.2651083601908536,-0.3577920303618758
0.2706652070033241,-0.358348529857704
0.2763385290053172,-0.3589052574383067
0.2821307675939471,-0.3594622131971654
0.2880444153396298,-0.360019397227801
0.2940820170587061,-0.3605768096237716
0.3002461709085549,-0.3611344504786744
0.306539529505653,-0.3616923198861448
0.312964801067075,-0.3622504179398562
0.3195247505759213,-0.3628087447335209
0.3262222009711667,-0.363367300360889
0.3330600343624588,-0.3639260849157502
0.340041193270371,-0.3644850984919312
0.3471686818926559,-0.3650443411832978
0.3544455673970436,-0.3656038130837547
0.3618749812411277,-0.3661635142872444
0.3694601205199303,-0.3667234448877481
0.3772042493417002,-0.367283604979286
0.3851107002325569,-0.3678439946559158
0.393182875570577,-0.368404614011735
0.4014242490499318,-0.3689654631408785
0.4098383671757261,-0.3695265421375207
0.4184288507901585,-0.3700878510958741
0.4271993966306777,-0.3706493901101897
0.4361537789208006,-0.371211159274758
0.4452958509942651,-0.3717731586839068
0.4546295469532399,-0.3723353884320038
0.4641588833612782,-0.3728978486134544
0.4738879609717651,-0.3734605393227035
0.4838209664925957,-0.3740234606542343
0.4939621743878316,-0.3745866127025685
0.5043159487171359,-0.375149995562267
0.5148867450137498,-0.3757136093279294
0.5256791122018419,-0.3762774540941938
0.5366976945540476,-0.3768415299557373
0.5479472336900282,-0.3774058370072757
0.5594325706169377,-0.3779703753435635
0.5711586478126435,-0.3785351450593946
0.5831305113526218,-0.3791001462496006
0.595353313081437,-0.3796653790090536
0.6078323128297224,-0.3802308434326631
0.62057288067765,-0.3807965396153783
0.6335804992658254,-0.3813624676521872
0.6468607661546321,-0.3819286276381164
0.6604193962330305,-0.382495019668232
0.6742622241778335,-0.3830616438376382
0.6883952069645496,-0.3836285002414794
0.7028244264308353,-0.384195588974938
0.7175560918936921,-0.3847629101332355
0.732596542821523,-0.3853304638116331
0.7479522515621814,-0.3858982501054304
0.7636298261282242,-0.3864662691099663
0.7796360130405237,-0.3870345209206187
0.7959777002314977,-0.3876030056328048
0.8126619200091946,-0.3881717233419804
0.8296958520834898,-0.388740674143641
0.8470868266557402,-0.3893098581333212
0.8648423275731727,-0.3898792754065941
0.8829699955494082,-0.3904489260590727
0.9014776314524917,-0.3910188101864089
0.9203731996618231,-0.3915889278842937
0.9396648314954691,-0.3921592792484576
0.9593608287093147,-0.3927298643746702
0.9794696670695385,-0.39330068335874
1,-0.3938717362965156
1.020960662306048,-0.394443023283884
1.042360673976403,-0.3950145444167721
1.064209244064722,-0.3955862997911455
1.086515774652537,-0.39615828950301
1.109289864895223,-0.3967305136484101
1.132541315152813,-0.3973029723234298
1.156280131207378,-0.3978756656241926
1.180516528568803,-0.3984485936468611
1.205260936870841,-0.3990217564876379
1.230524004359262,-0.3995951542427645
1.256316602474121,-0.4001687870085218
1.282649830528062,-0.4007426548812305
1.309535020482665,-0.4013167579572507
1.336983741824945,-0.401891096332982
1.365007806546014,-0.4024656701048632
1.393619274224144,-0.4030404793693734
1.422830457214355,-0.4036155242230299
1.452653925946778,-0.404190804762391
1.483102514336103,-0.4047663210840537
1.514189325304352,-0.4053420732846551
1.545927736419479,-0.4059180614608715
1.57833140565212,-0.4064942857094189
1.611414277253017,-0.4070707461270529
1.645190587753661,-0.407647442810569
1.679674872092653,-0.4082243758568023
1.714881969870541,-0.4088015453626275
1.750827031735727,-0.4093789514249591
1.787525525904232,-0.409956594140751
1.824993244816151,-0.4105344736069974
1.86324631193156,-0.4111125899207317
1.902301188668946,-0.4116909431790274
1.942174681489028,-0.4122695334789979
1.982883949127067,-0.4128483609177958
2.024446509976802,-0.413427425592614
2.066880249629082,-0.4140067276006856
2.110203428568596,-0.4145862670392828
2.154434690031886,-0.4151660440057179
2.19959306803007,-0.4157460585973431
2.245697995539772,-0.4163263109115507
2.292769312865649,-0.416906801045773
2.340827276178294,-0.4174875290974815
2.389892566231053,-0.4180684951641886
2.439986297259545,-0.4186496993434461
2.491130026067786,-0.4192311417328458
2.543345761304648,-0.4198128224300197
2.596655972934872,-0.4203947415326399
2.651083601908542,-0.420976899138418
2.706652070033236,-0.4215592953451059
2.763385290053167,-0.4221419302504963
2.821307675939471,-0.4227248039524207
2.880444153396298,-0.4233079165487517
2.940820170587067,-0.4238912681374016
3.002461709085543,-0.4244748588163227
3.065395295056524,-0.4250586886835079
3.12964801067075,-0.4256427578369899
3.195247505759214,-0.4262270663748418
3.262222009711673,-0.4268116143951763
3.330600343624582,-0.4273964019961474
3.400411932703703,-0.4279814292759483
3.47168681892656,-0.428566696332813
3.544455673970436,-0.4291522032650155
3.618749812411284,-0.4297379501708702
3.694601205199295,-0.430323937148732
3.772042493416994,-0.4309101642969957
3.851107002325569,-0.4314966317140969
3.93182875570577,-0.4320833394985111
4.014242490499326,-0.4326702877487543
4.098383671757253,-0.4332574765633825
4.184288507901576,-0.4338449060409935
4.271993966306777,-0.4344325762802237
4.361537789208006,-0.4350204873797512
4.45295850994266,-0.4356086394382936
4.54629546953239,-0.4361970325546101
4.641588833612772,-0.4367856668274992
4.738879609717651,-0.4373745423558004
4.838209664925957,-0.4379636592383942
4.939621743878326,-0.4385530175742007
5.043159487171349,-0.4391426174621813
5.148867450137487,-0.4397324590013374
5.256791122018419,-0.4403225422907115
5.366976945540476,-0.4409128674293863
5.479472336900293,-0.4415034345164852
5.594325706169389,-0.4420942436511723
5.711586478126423,-0.4426852949326523
5.831305113526219,-0.4432765884601706
5.95353313081437,-0.4438681243330131
6.078323128297236,-0.4444599026505067
6.205728806776513,-0.4450519235120189
6.335804992658241,-0.4456441870169576
6.46860766154632,-0.4462366932647719
6.604193962330306,-0.4468294423549517
6.742622241778349,-0.447422434387027
6.883952069645511,-0.4480156694605693
7.028244264308339,-0.4486091476751906
7.175560918936921,-0.4492028691305439
7.32596542821523,-0.4497968339263225
7.479522515621829,-0.4503910421622617
7.636298261282257,-0.4509854939381364
7.796360130405221,-0.451580189353763
7.959777002314977,-0.452175128508999
8.126619200091946,-0.4527703115037425
8.296958520834915,-0.4533657384379326
8.470868266557419,-0.4539614094115494
8.648423275731709,-0.4545573245246137
8.829699955494084,-0.4551534838771882
9.014776314524918,-0.4557498875693755
9.203731996618231,-0.4563465357013199
9.39664831495471,-0.4569434283732066
9.593608287093128,-0.4575405656852614
9.794696670695386,-0.4581379477377521
10,-0.4587355746309869
