#Cauchy - Cost J(iterations) convergence
#iterations, J(iterations)
1,275658.9236287192
2,275658.7119135253
3,275658.5019933102
4,275658.2938324302
5,275658.0873959101
6,275657.882649501
7,275657.6795596241
8,275657.4780933664
9,275657.2782184839
10,275657.0799033617
11,275656.8831170048
12,275656.6878290568
13,275656.4940097712
14,275656.3016299551
15,275656.1106610307
16,275655.9210749763
17,275655.7328443249
18,275655.5459421671
19,275655.3603421181
20,275655.1760183327
21,275654.9929454543
22,275654.8110986717
23,275654.6304536143
24,275654.4509864383
25,275654.2726737679
26,275654.0954926781
27,275653.9194206978
28,275653.7444358372
29,275653.5705164928
30,275653.3976415389
31,275653.2257902405
32,275653.0549422824
33,275652.8850777628
34,275652.7161771613
35,275652.5482213594
36,275652.381191609
37,275652.2150695425
38,275652.0498371591
39,275651.8854767907
40,275651.7219711766
41,275651.5593033263
42,275651.3974566559
43,275651.2364148678
44,275651.0761620063
45,275650.9166824183
46,275650.7579607998
47,275650.599982103
48,275650.4427316051
49,275650.2861948724
50,275650.1303577653
51,275649.9752064164
52,275649.8207272385
53,275649.6669069066
54,275649.5137323746
55,275649.3611908471
56,275649.2092697867
57,275649.0579568927
58,275648.9072401314
59,275648.7571077096
60,275648.6075480344
61,275648.4585497679
62,275648.3101018167
63,275648.1621932667
64,275648.0148134555
65,275647.8679519041
66,275647.7215983822
67,275647.5757428174
68,275647.4303753569
69,275647.2854863652
70,275647.1410663581
71,275646.9971060696
72,275646.8535964124
73,275646.7105284766
74,275646.567893524
75,275646.425682992
76,275646.2838885208
77,275646.1425018564
78,275646.0015149671
79,275645.860919935
80,275645.720709024
81,275645.5808746663
82,275645.441409396
83,275645.3023059547
84,275645.1635572007
85,275645.025156122
86,275644.8870958394
87,275644.7493696715
88,275644.6119709905
89,275644.4748933701
90,275644.3381304482
91,275644.20167606
92,275644.0655240639
93,275643.9296685591
94,275643.7941036763
95,275643.6588236991
96,275643.5238230142
97,275643.3890961126
98,275643.2546376181
99,275643.1204422464
100,275642.9865048183
101,275642.8528202569
102,275642.7193835775
103,275642.58618993
104,275642.4532345277
105,275642.3205126653
106,275642.1880197895
107,275642.0557513732
108,275641.9237030298
109,275641.7918704161
110,275641.6602493272
111,275641.5288355877
112,275641.3976251405
113,275641.2666140009
114,275641.135798232
115,275641.0051740477
116,275640.8747376751
117,275640.7444854355
118,275640.6144137265
119,275640.4845190014
120,275640.3547978176
121,275640.2252467594
122,275640.0958625122
123,275639.9666418035
124,275639.8375814654
125,275639.7086783331
126,275639.5799293608
127,275639.4513315201
128,275639.3228818632
129,275639.1945775218
130,275639.0664156407
131,275638.9383934542
132,275638.8105082307
133,275638.6827573144
134,275638.5551380882
135,275638.4276479923
136,275638.3002845022
137,275638.1730451778
138,275638.0459275855
139,275637.9189293818
140,275637.792048252
141,275637.6652818993
142,275637.5386281154
143,275637.4120847058
144,275637.2856495528
145,275637.1593205453
146,275637.0330956376
147,275636.906972818
148,275636.7809500937
149,275636.6550255637
150,275636.5291973195
151,275636.4034634941
152,275636.2778222782
153,275636.1522718683
154,275636.0268105396
155,275635.9014365865
156,275635.7761482892
157,275635.6509440419
158,275635.525822193
159,275635.4007811914
160,275635.275819488
161,275635.1509355388
162,275635.0261278723
163,275634.901395029
164,275634.7767355739
165,275634.6521481113
166,275634.5276312595
167,275634.4031836661
168,275634.2788040327
169,275634.1544910537
170,275634.0302434599
171,275633.906060011
172,275633.7819394888
173,275633.6578806926
174,275633.5338824721
175,275633.4099436688
176,275633.2860631536
177,275633.16223983
178,275633.0384726192
179,275632.9147604564
180,275632.7911023163
181,275632.6674971863
182,275632.5439440507
183,275632.4204419497
184,275632.2969899288
185,275632.1735870217
186,275632.0502323363
187,275631.9269249809
188,275631.8036640563
189,275631.6804486894
190,275631.5572780321
191,275631.434151276
192,275631.3110675946
193,275631.1880261842
194,275631.0650262554
195,275630.9420670728
196,275630.8191478499
197,275630.696267858
198,275630.5734263936
199,275630.4506227245
200,275630.3278561756
201,275630.2051260509
202,275630.0824317033
203,275629.9597724699
204,275629.8371477048
205,275629.7145567785
206,275629.5919990997
207,275629.4694740404
208,275629.3469810216
209,275629.2245194581
210,275629.1020888016
211,275628.9796884689
212,275628.8573179272
213,275628.7349766511
214,275628.6126640912
215,275628.4903797694
216,275628.3681231505
217,275628.2458937721
218,275628.1236911363
219,275628.001514755
220,275627.8793641733
221,275627.7572389575
222,275627.6351386344
223,275627.5130627838
224,275627.3910109644
225,275627.2689827646
226,275627.1469777853
227,275627.0249955994
228,275626.9030358269
229,275626.7810980783
230,275626.6591819589
231,275626.5372871233
232,275626.4154131929
233,275626.2935598021
234,275626.1717266078
235,275626.049913279
236,275625.9281194693
237,275625.8063448464
238,275625.6845890922
239,275625.5628518726
240,275625.44113291
241,275625.3194318625
242,275625.1977484648
243,275625.0760824048
244,275624.9544334149
245,275624.8328011823
246,275624.7111854521
247,275624.5895859745
248,275624.4680024475
249,275624.346434626
250,275624.2248822711
251,275624.1033451111
252,275623.9818229203
253,275623.8603154442
254,275623.7388224598
255,275623.6173437345
256,275623.4958790472
257,275623.3744281663
258,275623.2529908833
259,275623.1315669887
260,275623.0101562738
261,275622.8887585271
262,275622.7673735424
263,275622.6460011504
264,275622.52464115
265,275622.4032933424
266,275622.2819575437
267,275622.1606335856
268,275622.0393212752
269,275621.9180204586
270,275621.7967309597
271,275621.6754526029
272,275621.5541852282
273,275621.4329286842
274,275621.3116828053
275,275621.1904474389
276,275621.0692224476
277,275620.9480076522
278,275620.8268029483
279,275620.70560816
280,275620.5844231623
281,275620.4632478299
282,275620.3420820006
283,275620.2209255765
284,275620.0997784148
285,275619.9786403928
286,275619.8575113682
287,275619.7363912403
288,275619.6152798964
289,275619.4941772069
290,275619.3730830616
291,275619.2519973405
292,275619.1309199589
293,275619.0098507822
294,275618.8887897164
295,275618.7677366683
296,275618.6466915191
297,275618.5256541873
298,275618.4046245567
299,275618.2836025567
300,275618.1625880735
301,275618.0415810354
302,275617.9205813305
303,275617.7995888882
304,275617.6786036146
305,275617.5576254184
306,275617.4366542439
307,275617.3156899872
308,275617.1947325691
309,275617.0737819248
310,275616.9528379622
311,275616.8319006307
312,275616.7109698283
313,275616.5900455099
314,275616.4691275802
315,275616.3482159915
316,275616.2273106714
317,275616.1064115368
318,275615.9855185459
319,275615.8646316329
320,275615.7437507204
321,275615.622875754
322,275615.5020066797
323,275615.3811434351
324,275615.2602859625
325,275615.139434194
326,275615.0185881063
327,275614.8977476044
328,275614.7769126713
329,275614.6560832312
330,275614.5352592447
331,275614.4144406625
332,275614.2936274225
333,275614.1728194967
334,275614.0520168192
335,275613.9312193547
336,275613.8104270604
337,275613.6896398905
338,275613.5688577881
339,275613.4480807321
340,275613.3273086663
341,275613.2065415554
342,275613.0857793501
343,275612.9650220179
344,275612.8442695247
345,275612.7235218309
346,275612.6027789057
347,275612.482040693
348,275612.3613071803
349,275612.2405783035
350,275612.1198540656
351,275611.9991344118
352,275611.8784193051
353,275611.757708736
354,275611.6370026414
355,275611.5163010089
356,275611.3956037957
357,275611.2749109971
358,275611.1542225726
359,275611.0335384876
360,275610.9128587293
361,275610.792183239
362,275610.6715120138
363,275610.5508450226
364,275610.4301822418
365,275610.309523627
366,275610.1888692029
367,275610.0682189025
368,275609.9475726979
369,275609.8269305872
370,275609.7062925583
371,275609.5856585536
372,275609.4650285801
373,275609.3444026047
374,275609.2237805888
375,275609.1031625602
376,275608.9825484412
377,275608.8619382534
378,275608.7413319658
379,275608.6207295412
380,275608.5001309811
381,275608.3795362642
382,275608.2589453792
383,275608.1383582935
384,275608.0177749932
385,275607.8971954777
386,275607.7766197129
387,275607.6560476738
388,275607.5354793617
389,275607.4149147719
390,275607.2943538525
391,275607.1737966341
392,275607.0532430695
393,275606.9326931479
394,275606.812146861
395,275606.6916041994
396,275606.5710651365
397,275606.4505296799
398,275606.3299977988
399,275606.2094694726
400,275606.0889447106
401,275605.9684234956
402,275605.8479058081
403,275605.7273916451
404,275605.6068809889
405,275605.4863738123
406,275605.3658701381
407,275605.2453699325
408,275605.1248731808
409,275605.0043799001
410,275604.8838900545
411,275604.763403645
412,275604.6429206575
413,275604.5224410724
414,275604.4019649001
415,275604.2814921119
416,275604.1610227301
417,275604.040556699
418,275603.9200940525
419,275603.79963477
420,275603.6791788202
421,275603.5587262198
422,275603.438276963
423,275603.3178310164
424,275603.1973884059
425,275603.0769490956
426,275602.9565130938
427,275602.8360803881
428,275602.7156509639
429,275602.5952248339
430,275602.4748019716
431,275602.3543823838
432,275602.2339660563
433,275602.1135529797
434,275601.993143152
435,275601.8727365711
436,275601.7523332298
437,275601.6319331104
438,275601.511536227
439,275601.3911425493
440,275601.2707520911
441,275601.1503648489
442,275601.0299808001
443,275600.9095999517
444,275600.7892222931
445,275600.6688478169
446,275600.5484765286
447,275600.428108434
448,275600.3077434915
449,275600.1873817153
450,275600.0670231143
451,275599.9466676567
452,275599.8263153618
453,275599.7059662182
454,275599.5856202171
455,275599.4652773491
456,275599.3449376326
457,275599.2246010416
458,275599.104267589
459,275598.9839372481
460,275598.863610025
461,275598.7432859412
462,275598.6229649508
463,275598.5026470774
464,275598.3823323108
465,275598.2620206517
466,275598.1417120903
467,275598.0214066199
468,275597.9011042533
469,275597.7808049698
470,275597.6605087825
471,275597.5402156646
472,275597.4199256362
473,275597.2996386861
474,275597.1793548077
475,275597.0590739986
476,275596.9387962663
477,275596.81852161
478,275596.6982500046
479,275596.5779814696
480,275596.4577159839
481,275596.3374535533
482,275596.2171941961
483,275596.0969378692
484,275595.9766846073
485,275595.8564343795
486,275595.7361872004
487,275595.6159430663
488,275595.4957019616
489,275595.3754639057
490,275595.2552288882
491,275595.1349969054
492,275595.0147679537
493,275594.8945420291
494,275594.7743191217
495,275594.6540992559
496,275594.5338824173
497,275594.413668593
498,275594.2934577767
499,275594.173250002
500,275594.053045228
501,275593.9328434888
502,275593.812644741
503,275593.6924490145
504,275593.5722563002
505,275593.4520666025
506,275593.3318798931
507,275593.2116962032
508,275593.0915155155
509,275592.9713378187
510,275592.8511631421
511,275592.7309914557
512,275592.6108227715
513,275592.4906570851
514,275592.370494389
515,275592.2503346789
516,275592.1301779823
517,275592.0100242691
518,275591.889873543
519,275591.7697258151
520,275591.6495810739
521,275591.5294393107
522,275591.4093005427
523,275591.2891647591
524,275591.1690319534
525,275591.0489021322
526,275590.928775302
527,275590.808651446
528,275590.6885305618
529,275590.5684126723
530,275590.448297749
531,275590.3281858026
532,275590.2080768265
533,275590.0879708399
534,275589.9678678251
535,275589.8477677816
536,275589.7276707049
537,275589.6075765968
538,275589.4874854676
539,275589.3673973077
540,275589.2473121114
541,275589.1272298909
542,275589.0071506371
543,275588.887074345
544,275588.7670010086
545,275588.6469306538
546,275588.5268632597
547,275588.4067988246
548,275588.2867373583
549,275588.1666788514
550,275588.0466233072
551,275587.9265707229
552,275587.8065210927
553,275587.6864744241
554,275587.5664307208
555,275587.4463899768
556,275587.3263521789
557,275587.2063173535
558,275587.0862854675
559,275586.9662565439
560,275586.8462305794
561,275586.7262075696
562,275586.6061875123
563,275586.4861703997
564,275586.3661562595
565,275586.2461450556
566,275586.1261368027
567,275586.0061315123
568,275585.8861291663
569,275585.7661297818
570,275585.6461333237
571,275585.5261398347
572,275585.4061492868
573,275585.2861616989
574,275585.1661770487
575,275585.0461953491
576,275584.9262165956
577,275584.8062407763
578,275584.6862679285
579,275584.5662980173
580,275584.4463310415
581,275584.3263670163
582,275584.2064059422
583,275584.0864478165
584,275583.9664926312
585,275583.8465403747
586,275583.7265910773
587,275583.6066447188
588,275583.4867013021
589,275583.3667608243
590,275583.2468232975
591,275583.1268887023
592,275583.0069570529
593,275582.8870283573
594,275582.7671025862
595,275582.6471797598
596,275582.5272598638
597,275582.4073429236
598,275582.2874289222
599,275582.1675178445
600,275582.0476097136
601,275581.9277045305
602,275581.8078022754
603,275581.6879029584
604,275581.5680065782
605,275581.4481131415
606,275581.3282226358
607,275581.2083350709
608,275581.0884504346
609,275580.9685687571
610,275580.8486899885
611,275580.7288141694
612,275580.6089412867
613,275580.4890713407
614,275580.3692043304
615,275580.2493402358
616,275580.1294790917
617,275580.0096208832
618,275579.8897656098
619,275579.7699132638
620,275579.6500638543
621,275579.5302173745
622,275579.4103738405
623,275579.290533228
624,275579.170695547
625,275579.0508608082
626,275578.9310289949
627,275578.8112001237
628,275578.691374172
629,275578.5715511545
630,275578.4517310751
631,275578.3319139242
632,275578.2120997006
633,275578.0922884061
634,275577.9724800465
635,275577.8526746272
636,275577.7328721301
637,275577.6130725567
638,275577.4932759227
639,275577.3734822157
640,275577.2536914345
641,275577.1339035938
642,275577.0141186794
643,275576.8943366883
644,275576.7745576254
645,275576.6547814975
646,275576.5350083057
647,275576.4152380319
648,275576.2954706821
649,275576.1757062664
650,275576.0559447822
651,275575.9361862265
652,275575.8164305901
653,275575.6966778873
654,275575.5769281169
655,275575.4571812672
656,275575.3374373436
657,275575.2176963537
658,275575.0979582787
659,275574.9782231445
660,275574.8584909293
661,275574.7387616427
662,275574.6190352963
663,275574.4993118547
664,275574.3795913517
665,275574.2598737712
666,275574.1401591167
667,275574.0204473914
668,275573.9007385885
669,275573.7810327134
670,275573.6613297624
671,275573.5416297427
672,275573.4219326276
673,275573.3022384552
674,275573.1825472096
675,275573.0628588778
676,275572.9431734831
677,275572.8234910047
678,275572.7038114492
679,275572.584134827
680,275572.4644611176
681,275572.3447903333
682,275572.2251224834
683,275572.1054575627
684,275571.985795544
685,275571.8661364715
686,275571.7464803112
687,275571.6268270725
688,275571.5071767563
689,275571.3875293705
690,275571.267884907
691,275571.1482433631
692,275571.028604736
693,275570.9089690393
694,275570.7893362663
695,275570.6697064156
696,275570.5500794859
697,275570.4304554856
698,275570.3108343859
699,275570.1912162324
700,275570.0716009878
701,275569.951988672
702,275569.8323792778
703,275569.7127728024
704,275569.593169257
705,275569.4735686262
706,275569.3539709218
707,275569.2343761301
708,275569.1147842624
709,275568.9951953184
710,275568.875609291
711,275568.7560261858
712,275568.6364460059
713,275568.5168687432
714,275568.397294413
715,275568.2777229902
716,275568.1581544823
717,275568.0385889035
718,275567.9190262544
719,275567.7994665147
720,275567.6799096912
721,275567.5603557965
722,275567.440804815
723,275567.3212567588
724,275567.2017116257
725,275567.0821694129
726,275566.9626301065
727,275566.8430937282
728,275566.7235602724
729,275566.6040297295
730,275566.4845021111
731,275566.3649774127
732,275566.2454556262
733,275566.1259367722
734,275566.0064208237
735,275565.886907798
736,275565.7673976967
737,275565.6478905018
738,275565.5283862433
739,275565.4088848923
740,275565.2893864586
741,275565.1698909402
742,275565.0503983418
743,275564.930908672
744,275564.8114219145
745,275564.6919380679
746,275564.5724571474
747,275564.4529791439
748,275564.3335040697
749,275564.2140318962
750,275564.0945626359
751,275563.9750963085
752,275563.8556328935
753,275563.7361723905
754,275563.6167148108
755,275563.4972601537
756,275563.3778083987
757,275563.2583595617
758,275563.1389136564
759,275563.0194706654
760,275562.9000305746
761,275562.7805934227
762,275562.6611591702
763,275562.5417278437
764,275562.4222994391
765,275562.3028739378
766,275562.1834513532
767,275562.0640316935
768,275561.9446149525
769,275561.825201108
770,275561.7057902043
771,275561.5863822011
772,275561.4669771166
773,275561.3475749455
774,275561.2281756998
775,275561.1087793614
776,275560.9893859425
777,275560.8699954328
778,275560.7506078493
779,275560.6312231694
780,275560.5118414058
781,275560.3924625686
782,275560.273086632
783,275560.1537136189
784,275560.0343435295
785,275559.9149763442
786,275559.7956120725
787,275559.6762507169
788,275559.5568922752
789,275559.437536748
790,275559.3181841385
791,275559.1988344555
792,275559.0794876653
793,275558.9601437973
794,275558.8408028462
795,275558.7214648086
796,275558.6021296848
797,275558.4827974656
798,275558.3634681758
799,275558.244141785
800,275558.12481832
801,275558.0054977642
802,275557.88618012
803,275557.7668653946
804,275557.6475535774
805,275557.5282446714
806,275557.4089386815
807,275557.2896356115
808,275557.1703354481
809,275557.0510381978
810,275556.9317438659
811,275556.8124524348
812,275556.6931639324
813,275556.5738783283
814,275556.4545956348
815,275556.3353158714
816,275556.2160390196
817,275556.0967650642
818,275555.9774940372
819,275555.8582259105
820,275555.7389606996
821,275555.6196984005
822,275555.5004390106
823,275555.3811825457
824,275555.2619289844
825,275555.1426783324
826,275555.0234305879
827,275554.9041857579
828,275554.7849438541
829,275554.6657048439
830,275554.5464687539
831,275554.4272355844
832,275554.3080053088
833,275554.1887779543
834,275554.0695535022
835,275553.9503319694
836,275553.8311133538
837,275553.711897635
838,275553.5926848309
839,275553.4734749403
840,275553.3542679567
841,275553.235063892
842,275553.1158627282
843,275552.9966644783
844,275552.8774691466
845,275552.7582767143
846,275552.639087193
847,275552.5199005884
848,275552.4007168886
849,275552.2815361032
850,275552.1623582299
851,275552.0431832754
852,275551.9240112109
853,275551.8048420637
854,275551.6856758178
855,275551.5665124955
856,275551.4473520785
857,275551.3281945705
858,275551.2090399727
859,275551.0898882726
860,275550.9707395034
861,275550.8515936277
862,275550.7324506642
863,275550.6133106116
864,275550.4941734748
865,275550.375039237
866,275550.2559079173
867,275550.1367794995
868,275550.0176539851
869,275549.8985313867
870,275549.7794117029
871,275549.6602949204
872,275549.5411810427
873,275549.4220700817
874,275549.3029620292
875,275549.1838568816
876,275549.0647546433
877,275548.9456553052
878,275548.826558871
879,275548.7074653631
880,275548.5883747542
881,275548.4692870518
882,275548.3502022603
883,275548.2311203767
884,275548.1120414019
885,275547.992965334
886,275547.8738921629
887,275547.7548219093
888,275547.63575457
889,275547.5166901335
890,275547.397628589
891,275547.2785699685
892,275547.1595142529
893,275547.0404614347
894,275546.9214115249
895,275546.8023645307
896,275546.683320447
897,275546.5642792567
898,275546.4452409798
899,275546.3262056103
900,275546.2071731422
901,275546.0881435841
902,275545.9691169331
903,275545.8500931813
904,275545.7310723444
905,275545.6120544112
906,275545.4930393802
907,275545.3740272662
908,275545.2550180465
909,275545.1360117409
910,275545.0170083363
911,275544.8980078362
912,275544.7790102456
913,275544.6600155462
914,275544.5410237671
915,275544.4220348934
916,275544.3030489237
917,275544.1840658525
918,275544.065085699
919,275543.9461084462
920,275543.8271340863
921,275543.708162644
922,275543.5891941065
923,275543.470228467
924,275543.3512657342
925,275543.2323059057
926,275543.1133489866
927,275542.9943949732
928,275542.8754438591
929,275542.7564956528
930,275542.6375503502
931,275542.5186079482
932,275542.3996684516
933,275542.2807318547
934,275542.1617981681
935,275542.0428673857
936,275541.9239395084
937,275541.805014528
938,275541.6860924622
939,275541.567173298
940,275541.4482570275
941,275541.3293436687
942,275541.2104332106
943,275541.0915256503
944,275540.9726209997
945,275540.8537192579
946,275540.7348204163
947,275540.6159244726
948,275540.4970314359
949,275540.3781412979
950,275540.2592540651
951,275540.140369729
952,275540.0214883079
953,275539.9026097774
954,275539.7837341627
955,275539.6648614506
956,275539.5459916268
957,275539.4271247058
958,275539.3082606954
959,275539.1893995937
960,275539.0705413847
961,275538.9516860862
962,275538.832833676
963,275538.7139841692
964,275538.5951375706
965,275538.4762938797
966,275538.3574530822
967,275538.2386151946
968,275538.1197802001
969,275538.0009481132
970,275537.8821189178
971,275537.7632926264
972,275537.6444692446
973,275537.5256487621
974,275537.4068311782
975,275537.2880164918
976,275537.169204704
977,275537.0503958325
978,275536.9315898566
979,275536.8127867654
980,275536.6939865984
981,275536.5751893148
982,275536.4563949421
983,275536.3376034606
984,275536.2188148844
985,275536.1000292091
986,275535.9812464316
987,275535.8624665699
988,275535.7436895889
989,275535.6249155178
990,275535.5061443339
991,275535.3873760693
992,275535.268610695
993,275535.1498482214
994,275535.0310886413
995,275534.9123319776
996,275534.7935781931
997,275534.6748273147
998,275534.5560793332
999,275534.4373342619
1000,275534.3185920884
1001,275534.1998528001
1002,275534.0811164243
1003,275533.962382954
1004,275533.843652366
1005,275533.7249246953
1006,275533.6061999007
1007,275533.4874780233
1008,275533.3687590319
1009,275533.2500429521
1010,275533.1313297554
1011,275533.0126194651
1012,275532.8939120848
1013,275532.77520758
1014,275532.6565059932
1015,275532.5378073037
1016,275532.4191114986
1017,275532.3004186088
1018,275532.1817286023
1019,275532.0630414944
1020,275531.9443572944
1021,275531.8256759815
1022,275531.7069975723
1023,275531.5883220601
1024,275531.4696494461
1025,275531.3509797319
1026,275531.2323129104
1027,275531.1136489925
1028,275530.9949879675
1029,275530.8763298425
1030,275530.757674621
1031,275530.6390222853
1032,275530.5203728468
1033,275530.4017263108
1034,275530.2830826645
1035,275530.1644419275
1036,275530.0458040743
1037,275529.9271691246
1038,275529.8085370714
1039,275529.6899079093
1040,275529.5712816482
1041,275529.4526582846
1042,275529.3340378173
1043,275529.2154202498
1044,275529.0968055753
1045,275528.9781937968
1046,275528.8595849041
1047,275528.7409789251
1048,275528.6223758303
1049,275528.5037756306
1050,275528.3851783285
1051,275528.2665839322
1052,275528.1479924227
1053,275528.0294038033
1054,275527.9108180958
1055,275527.7922352806
1056,275527.673655345
1057,275527.5550783199
1058,275527.4365041828
1059,275527.317932944
1060,275527.1993645923
1061,275527.0807991404
1062,275526.9622365849
1063,275526.8436769323
1064,275526.7251201661
1065,275526.6065662836
1066,275526.4880153185
1067,275526.3694672319
1068,275526.2509220476
1069,275526.1323797497
1070,275526.0138403506
1071,275525.8953038534
1072,275525.7767702378
1073,275525.658239534
1074,275525.5397117052
1075,275525.4211867873
1076,275525.3026647493
1077,275525.1841456136
1078,275525.0656293693
1079,275524.9471160123
1080,275524.8286055501
1081,275524.7100979803
1082,275524.5915933216
1083,275524.4730915409
1084,275524.3545926592
1085,275524.2360966669
1086,275524.1176035745
1087,275523.9991133588
1088,275523.8806260558
1089,275523.762141632
1090,275523.6436601164
1091,275523.5251814845
1092,275523.4067057411
1093,275523.2882328965
1094,275523.1697629328
1095,275523.0512958815
1096,275522.9328317214
1097,275522.8143704343
1098,275522.6959120517
1099,275522.5774565578
1100,275522.4590039672
1101,275522.3405542463
1102,275522.2221074392
1103,275522.1036635218
1104,275521.985222489
1105,275521.8667843403
1106,275521.7483491079
1107,275521.6299167523
1108,275521.5114872924
1109,275521.3930607105
1110,275521.2746370341
1111,275521.156216239
1112,275521.0377983542
1113,275520.9193833538
1114,275520.8009712347
1115,275520.6825620066
1116,275520.5641556767
1117,275520.4457522365
1118,275520.3273516968
1119,275520.2089540252
1120,275520.0905592655
1121,275519.9721673866
1122,275519.8537783926
1123,275519.7353922988
1124,275519.6170090991
1125,275519.4986287807
1126,275519.3802513601
1127,275519.2618768258
1128,275519.1435051806
1129,275519.0251364231
1130,275518.9067705736
1131,275518.7884075955
1132,275518.6700475056
1133,275518.5516903184
1134,275518.4333360203
1135,275518.3149845974
1136,275518.1966360786
1137,275518.0782904446
1138,275517.9599477025
1139,275517.8416078536
1140,275517.7232708877
1141,275517.6049368115
1142,275517.4866056221
1143,275517.3682773192
1144,275517.2499519112
1145,275517.1316293951
1146,275517.0133097646
1147,275516.8949930302
1148,275516.7766791828
1149,275516.6583682096
1150,275516.5400601336
1151,275516.4217549525
1152,275516.3034526584
1153,275516.1851532402
1154,275516.0668567124
1155,275515.9485630901
1156,275515.8302723521
1157,275515.7119844869
1158,275515.5936995227
1159,275515.4754174449
1160,275515.3571382578
1161,275515.2388619562
1162,275515.1205885423
1163,275515.002318017
1164,275514.8840503769
1165,275514.765785627
1166,275514.6475237618
1167,275514.5292647825
1168,275514.4110086925
1169,275514.2927554962
1170,275514.174505182
1171,275514.0562577558
1172,275513.9380132082
1173,275513.8197715605
1174,275513.701532791
1175,275513.5832969198
1176,275513.4650639199
1177,275513.3468338252
1178,275513.2286066022
1179,275513.1103822673
1180,275512.9921608276
1181,275512.8739422688
1182,275512.7557265972
1183,275512.6375138117
1184,275512.5193039207
1185,275512.4010969011
1186,275512.28289278
1187,275512.1646915382
1188,275512.0464931814
1189,275511.9282977168
1190,275511.8101051399
1191,275511.691915444
1192,275511.5737286255
1193,275511.4555447092
1194,275511.3373636606
1195,275511.2191855109
1196,275511.1010102347
1197,275510.9828378656
1198,275510.8646683631
1199,275510.7465017592
1200,275510.6283380247
1201,275510.5101771816
1202,275510.3920192354
1203,275510.2738641624
1204,275510.1557119671
1205,275510.0375626676
1206,275509.9194162586
1207,275509.8012727231
1208,275509.6831320816
1209,275509.5649943124
1210,275509.4468594368
1211,275509.3287274351
1212,275509.2105983426
1213,275509.0924721023
1214,275508.9743487663
1215,275508.8562283099
1216,275508.738110736
1217,275508.6199960556
1218,275508.5018842438
1219,275508.3837753304
1220,275508.2656692918
1221,275508.1475661346
1222,275508.0294658683
1223,275507.9113684876
1224,275507.7932739816
1225,275507.6751823612
1226,275507.5570936347
1227,275507.4390077724
1228,275507.3209248158
1229,275507.2028447193
1230,275507.0847675251
1231,275506.9666931963
1232,275506.8486217623
1233,275506.7305532214
1234,275506.6124875419
1235,275506.4944247568
1236,275506.3763648499
1237,275506.2583078234
1238,275506.1402536936
1239,275506.0222024345
1240,275505.9041540592
1241,275505.7861085665
1242,275505.668065951
1243,275505.5500262289
1244,275505.4319893837
1245,275505.3139554106
1246,275505.1959243341
1247,275505.0778961389
1248,275504.9598708193
1249,275504.8418483805
1250,275504.7238288299
1251,275504.6058121601
1252,275504.4877983585
1253,275504.3697874494
1254,275504.2517794219
1255,275504.13377428
1256,275504.0157720184
1257,275503.8977726257
1258,275503.7797761252
1259,275503.6617825014
1260,275503.5437917655
1261,275503.4258038958
1262,275503.3078189213
1263,275503.189836814
1264,275503.0718576032
1265,275502.9538812743
1266,275502.8359078162
1267,275502.7179372362
1268,275502.599969533
1269,275502.4820047221
1270,275502.3640427898
1271,275502.2460837336
1272,275502.1281275577
1273,275502.0101742661
1274,275501.8922238487
1275,275501.7742763179
1276,275501.6563316631
1277,275501.5383898905
1278,275501.420450991
1279,275501.3025149777
1280,275501.1845818426
1281,275501.0666515846
1282,275500.9487242106
1283,275500.8307997153
1284,275500.7128781049
1285,275500.5949593616
1286,275500.4770434934
1287,275500.359130514
1288,275500.2412204109
1289,275500.1233131862
1290,275500.0054088484
1291,275499.8875073791
1292,275499.7696087966
1293,275499.6517130815
1294,275499.5338202705
1295,275499.4159303135
1296,275499.2980432379
1297,275499.1801590436
1298,275499.0622777338
1299,275498.9443992975
1300,275498.8265237256
1301,275498.7086510592
1302,275498.5907812505
1303,275498.4729143365
1304,275498.3550502787
1305,275498.2371891079
1306,275498.1193308232
1307,275498.0014754037
1308,275497.8836228756
1309,275497.76577322
1310,275497.6479264349
1311,275497.5300825373
1312,275497.4122415141
1313,275497.2944033601
1314,275497.1765680886
1315,275497.0587356982
1316,275496.9409061701
1317,275496.8230795438
1318,275496.7052557762
1319,275496.5874348942
1320,275496.4696168829
1321,275496.3518017494
1322,275496.2339894912
1323,275496.1161801153
1324,275495.9983736094
1325,275495.8805699919
1326,275495.7627692364
1327,275495.644971361
1328,275495.5271763602
1329,275495.4093842377
1330,275495.2915949959
1331,275495.173808624
1332,275495.0560251344
1333,275494.93824452
1334,275494.8204667731
1335,275494.702691912
1336,275494.5849199274
1337,275494.4671508119
1338,275494.3493845628
1339,275494.231621211
1340,275494.1138607125
1341,275493.9961031112
1342,275493.878348364
1343,275493.7605965041
1344,275493.6428475178
1345,275493.5251014025
1346,275493.407358168
1347,275493.2896178038
1348,275493.1718803137
1349,275493.0541457047
1350,275492.9364139659
1351,275492.8186851036
1352,275492.7009591072
1353,275492.583235997
1354,275492.465515752
1355,275492.3477983919
1356,275492.230083904
1357,275492.1123722847
1358,275491.9946635361
1359,275491.8769576723
1360,275491.7592546751
1361,275491.6415545541
1362,275491.5238573119
1363,275491.4061629365
1364,275491.2884714395
1365,275491.1707828087
1366,275491.0530970565
1367,275490.9354141759
1368,275490.817734169
1369,275490.7000570359
1370,275490.5823827712
1371,275490.4647113907
1372,275490.3470428818
1373,275490.2293772467
1374,275490.1117144703
1375,275489.9940545821
1376,275489.8763975592
1377,275489.7587434071
1378,275489.6410921459
1379,275489.5234437244
1380,275489.4057982042
1381,275489.2881555441
1382,275489.1705157636
1383,275489.0528788442
1384,275488.9352448107
1385,275488.8176136389
1386,275488.6999853333
1387,275488.5823599243
1388,275488.4647373699
1389,275488.3471176847
1390,275488.229500881
1391,275488.1118869432
1392,275487.9942758746
1393,275487.8766676837
1394,275487.7590623665
1395,275487.641459911
1396,275487.5238603293
1397,275487.4062636275
1398,275487.2886697917
1399,275487.17107883
1400,275487.0534907354
1401,275486.9359055103
1402,275486.8183231531
1403,275486.7007436865
1404,275486.5831670695
1405,275486.4655933364
1406,275486.3480224632
1407,275486.230454465
1408,275486.1128893371
1409,275485.9953270855
1410,275485.877767699
1411,275485.760211185
1412,275485.6426575327
1413,275485.5251067664
1414,275485.4075588571
1415,275485.2900138278
1416,275485.1724716605
1417,275485.0549323673
1418,275484.9373959417
1419,275484.8198623941
1420,275484.7023317082
1421,275484.5848038916
1422,275484.46727894
1423,275484.3497568672
1424,275484.2322376669
1425,275484.1147213251
1426,275483.9972078596
1427,275483.8796972628
1428,275483.7621895298
1429,275483.6446846682
1430,275483.527182685
1431,275483.4096835601
1432,275483.2921873135
1433,275483.174693933
1434,275483.0572034129
1435,275482.9397157583
1436,275482.8222309833
1437,275482.7047490811
1438,275482.5872700375
1439,275482.4697938653
1440,275482.352320564
1441,275482.2348501338
1442,275482.1173825626
1443,275481.9999178626
1444,275481.8824560285
1445,275481.7649970594
1446,275481.6475409786
1447,275481.5300877515
1448,275481.4126373848
1449,275481.2951898933
1450,275481.177745275
1451,275481.0603035144
1452,275480.9428646265
1453,275480.8254286108
1454,275480.707995448
1455,275480.590565159
1456,275480.4731377417
1457,275480.3557131902
1458,275480.2382915129
1459,275480.120872692
1460,275480.0034567374
1461,275479.8860436525
1462,275479.7686334383
1463,275479.651226091
1464,275479.5338216041
1465,275479.4164199896
1466,275479.2990212446
1467,275479.1816253604
1468,275479.064232339
1469,275478.9468421863
1470,275478.8294548964
1471,275478.7120704798
1472,275478.5946889324
1473,275478.4773102485
1474,275478.359934431
1475,275478.2425614677
1476,275478.1251913864
1477,275478.0078241555
1478,275477.8904598046
1479,275477.7730983082
1480,275477.6557396878
1481,275477.5383839204
1482,275477.4210310273
1483,275477.3036810024
1484,275477.1863338324
1485,275477.0689895324
1486,275476.9516480999
1487,275476.8343095244
1488,275476.7169738289
1489,275476.5996409869
1490,275476.4823110186
1491,275476.3649839087
1492,275476.247659669
1493,275476.1303382843
1494,275476.0130197673
1495,275475.8957041159
1496,275475.7783913247
1497,275475.6610814091
1498,275475.543774352
1499,275475.4264701529
1500,275475.3091688235
