#Exponential aproximation (linear regression) vs Original set
#ExpLr(x), ExpLr(CDF) 
1e-08,4.052044033642233e-09
1.020960662306048e-08,4.136977538315989e-09
1.042360673976401e-08,4.223691396632034e-09
1.064209244064725e-08,4.312222690039391e-09
1.086515774652537e-08,4.402609721232409e-09
1.109289864895223e-08,4.494891348016949e-09
1.132541315152813e-08,4.589107316377294e-09
1.156280131207375e-08,4.68529803843154e-09
1.180516528568806e-08,4.783504925498505e-09
1.205260936870841e-08,4.88377038809773e-09
1.230524004359262e-08,4.986137502882571e-09
1.256316602474122e-08,5.090650234684801e-09
1.28264983052806e-08,5.197353658559223e-09
1.309535020482668e-08,5.306293626716752e-09
1.336983741824945e-08,5.417516990569027e-09
1.365007806546014e-08,5.531071711750712e-09
1.393619274224144e-08,5.647006640074892e-09
1.422830457214352e-08,5.765371624555371e-09
1.452653925946781e-08,5.886217735451282e-09
1.483102514336103e-08,6.009596709155574e-09
1.514189325304352e-08,6.135561836373427e-09
1.545927736419478e-08,6.264167295988443e-09
1.578331405652117e-08,6.39546837710725e-09
1.61141427725302e-08,6.529521590081799e-09
1.645190587753661e-08,6.666384666509373e-09
1.679674872092653e-08,6.806116559232578e-09
1.714881969870541e-08,6.948777220294744e-09
1.750827031735723e-08,7.094428267073738e-09
1.787525525904235e-08,7.243132094103544e-09
1.824993244816151e-08,7.394952983297287e-09
1.86324631193156e-08,7.549956104746514e-09
1.902301188668946e-08,7.708208182855003e-09
1.942174681489025e-08,7.869777385316468e-09
1.982883949127072e-08,8.034733101069946e-09
2.024446509976802e-08,8.203146384389015e-09
2.066880249629082e-08,8.375089732837182e-09
2.110203428568597e-08,8.55063719829019e-09
2.154434690031882e-08,8.729864275913712e-09
2.199593068030075e-08,8.912848015185659e-09
2.245697995539776e-08,9.099667130918476e-09
2.292769312865649e-08,9.290402225303751e-09
2.340827276178294e-08,9.485135232800701e-09
2.389892566231048e-08,9.683949864225383e-09
2.43998629725955e-08,9.8869319398176e-09
2.491130026067791e-08,1.009416850106248e-08
2.543345761304648e-08,1.030574903193582e-08
2.596655972934873e-08,1.052176434868102e-08
2.651083601908536e-08,1.074230748798755e-08
2.706652070033241e-08,1.096747337392401e-08
2.763385290053173e-08,1.119735881793815e-08
2.821307675939471e-08,1.143206296294608e-08
2.880444153396298e-08,1.167168650617612e-08
2.940820170587061e-08,1.191633280939186e-08
3.002461709085549e-08,1.216610701071374e-08
3.06539529505653e-08,1.242111669075285e-08
3.12964801067075e-08,1.268147153954402e-08
3.195247505759214e-08,1.294728357859043e-08
3.262222009711667e-08,1.321866716086362e-08
3.330600343624589e-08,1.349573919284808e-08
3.40041193270371e-08,1.377861880147435e-08
3.471686818926559e-08,1.406742777820824e-08
3.544455673970436e-08,1.43622904680285e-08
3.618749812411276e-08,1.466333354738225e-08
3.694601205199302e-08,1.497068669031876e-08
3.772042493417001e-08,1.528448223542256e-08
3.851107002325569e-08,1.560485507479115e-08
3.93182875570577e-08,1.593194320914648e-08
4.014242490499318e-08,1.626588730374579e-08
4.098383671757262e-08,1.660683102144844e-08
4.184288507901584e-08,1.695492124476061e-08
4.271993966306777e-08,1.731030763174601e-08
4.361537789208006e-08,1.767314306011514e-08
4.45295850994266e-08,1.804358384926985e-08
4.546295469532399e-08,1.842178931621419e-08
4.641588833612782e-08,1.880792221964356e-08
4.738879609717651e-08,1.920214875994475e-08
4.838209664925958e-08,1.960463846817362e-08
4.939621743878326e-08,2.001556476116662e-08
5.043159487171359e-08,2.043510416438465e-08
5.148867450137498e-08,2.086343753315845e-08
5.256791122018419e-08,2.130074894246548e-08
5.366976945540476e-08,2.174722679715302e-08
5.479472336900293e-08,2.220306305478204e-08
5.594325706169378e-08,2.266845400278328e-08
5.711586478126435e-08,2.314359970334579e-08
5.831305113526219e-08,2.36287048815953e-08
5.95353313081437e-08,2.412397825946044e-08
6.078323128297236e-08,2.462963277771735e-08
6.2057288067765e-08,2.514588615110114e-08
6.335804992658255e-08,2.567296064626134e-08
6.46860766154632e-08,2.621108285971729e-08
6.604193962330306e-08,2.676048449501423e-08
6.742622241778349e-08,2.732140202965638e-08
6.883952069645497e-08,2.789407660408472e-08
7.028244264308353e-08,2.84787549098553e-08
7.175560918936921e-08,2.907568852350551e-08
7.32596542821523e-08,2.968513423962094e-08
7.479522515621828e-08,3.030735429288001e-08
7.636298261282242e-08,3.094261646907626e-08
7.796360130405237e-08,3.159119421614065e-08
7.959777002314978e-08,3.225336653311928e-08
8.126619200091946e-08,3.292941841426256e-08
8.296958520834915e-08,3.361964084902525e-08
8.470868266557402e-08,3.432433082206643e-08
8.648423275731727e-08,3.504379153529413e-08
8.829699955494083e-08,3.577833251888762e-08
9.014776314524918e-08,3.652827007538662e-08
9.20373199661823e-08,3.729392683560206e-08
9.396648314954691e-08,3.807563220270538e-08
9.593608287093146e-08,3.887372268529532e-08
9.794696670695386e-08,3.96885415643311e-08
1e-07,4.052043967028851e-08
1.020960662306048e-07,4.136977493907068e-08
1.042360673976401e-07,4.223691285609732e-08
1.064209244064725e-07,4.31222264563047e-08
1.086515774652537e-07,4.402609687925718e-08
1.109289864895223e-07,4.494891303608028e-08
1.132541315152813e-07,4.589107194252762e-08
1.156280131207375e-07,4.685297916307007e-08
1.180516528568806e-07,4.783504858885124e-08
1.205260936870841e-07,4.883770288177658e-08
1.230524004359261e-07,4.986137347451347e-08
1.256316602474121e-07,5.090650090355808e-08
1.28264983052806e-07,5.197353480923539e-08
1.309535020482668e-07,5.306293449081068e-08
1.336983741824945e-07,5.417516868444494e-08
1.365007806546014e-07,5.53107161183064e-08
1.393619274224144e-07,5.647006529052589e-08
1.422830457214352e-07,5.765371524635299e-08
1.452653925946781e-07,5.886217524508908e-08
1.483102514336103e-07,6.00959654262212e-08
1.514189325304352e-07,6.135561658737743e-08
1.545927736419479e-07,6.264167096148299e-08
1.578331405652117e-07,6.395468177267105e-08
1.61141427725302e-07,6.529521423548346e-08
1.645190587753661e-07,6.666384511078149e-08
1.679674872092653e-07,6.806116348290203e-08
1.714881969870541e-07,6.94877704265906e-08
1.750827031735723e-07,7.094428011722442e-08
1.787525525904236e-07,7.24313191646786e-08
1.824993244816151e-07,7.394952750150452e-08
1.86324631193156e-07,7.549955849395218e-08
1.902301188668946e-07,7.708207916401477e-08
1.942174681489024e-07,7.86977705224956e-08
1.982883949127071e-07,8.034732790207499e-08
2.024446509976802e-07,8.203146106833259e-08
2.066880249629082e-07,8.375089466383656e-08
2.110203428568597e-07,8.550636887427743e-08
2.154434690031882e-07,8.729863887335654e-08
2.199593068030075e-07,8.91284761550537e-08
2.245697995539772e-07,9.099666786749339e-08
2.292769312865649e-07,9.290401825623462e-08
2.340827276178294e-07,9.485134788711491e-08
2.389892566231048e-07,9.683949486749555e-08
2.43998629725955e-07,9.88693147352393e-08
2.491130026067786e-07,1.009416810138219e-07
2.543345761304648e-07,1.030574853233546e-07
2.596655972934872e-07,1.052176383797843e-07
2.651083601908536e-07,1.074230696618272e-07
2.706652070033241e-07,1.09674728188125e-07
2.763385290053167e-07,1.119735830723556e-07
2.82130767593947e-07,1.143206233011895e-07
2.880444153396298e-07,1.167168591775791e-07
2.940820170587061e-07,1.191633217656474e-07
3.002461709085549e-07,1.216610636678439e-07
3.065395295056524e-07,1.242111600241458e-07
3.12964801067075e-07,1.268147080679682e-07
3.195247505759214e-07,1.294728281253654e-07
3.262222009711673e-07,1.321866641701419e-07
3.330600343624589e-07,1.349573840458973e-07
3.400411932703703e-07,1.377861800211377e-07
3.471686818926559e-07,1.406742693443874e-07
3.544455673970435e-07,1.436228950213447e-07
3.618749812411284e-07,1.466333258148822e-07
3.694601205199302e-07,1.49706857133225e-07
3.772042493416994e-07,1.528448118071069e-07
3.851107002325569e-07,1.560485400897704e-07
3.93182875570577e-07,1.593194205451454e-07
4.014242490499326e-07,1.626588608250046e-07
4.098383671757261e-07,1.660682980020312e-07
4.184288507901585e-07,1.695491992359521e-07
4.271993966306776e-07,1.731030624396723e-07
4.361537789208006e-07,1.767314169454082e-07
4.45295850994266e-07,1.804358241708215e-07
4.5462954695324e-07,1.84217878174131e-07
4.641588833612782e-07,1.880792065422909e-07
4.738879609717651e-07,1.920214709461021e-07
4.838209664925957e-07,1.960463676953239e-07
4.939621743878326e-07,2.001556290709416e-07
5.043159487171359e-07,2.043510232141443e-07
5.148867450137498e-07,2.086343554585923e-07
5.25679112201842e-07,2.13007469329618e-07
5.366976945540476e-07,2.174722464332035e-07
5.479472336900293e-07,2.220306082323376e-07
5.594325706169378e-07,2.266845163800824e-07
5.711586478126435e-07,2.314359733857074e-07
5.831305113526218e-07,2.362870240579795e-07
5.95353313081437e-07,2.412397560602741e-07
6.078323128297237e-07,2.462963004656871e-07
6.205728806776501e-07,2.514588334223689e-07
6.335804992658255e-07,2.567295763755695e-07
6.468607661546321e-07,2.621107976219506e-07
6.604193962330305e-07,2.676048128646968e-07
6.742622241778349e-07,2.73213986212717e-07
6.883952069645496e-07,2.789407315129111e-07
7.028244264308353e-07,2.84787513127327e-07
7.175560918936921e-07,2.907568471544053e-07
7.32596542821523e-07,2.968513023171582e-07
7.479522515621828e-07,3.030735012954366e-07
7.636298261282241e-07,3.094261216141092e-07
7.796360130405236e-07,3.159118970863517e-07
7.959777002314978e-07,3.225336185908034e-07
8.126619200091945e-07,3.292941357369017e-07
8.296958520834915e-07,3.361963577530602e-07
8.470868266557403e-07,3.432432548189368e-07
8.648423275731727e-07,3.504378595087232e-07
8.829699955494083e-07,3.577832679013682e-07
9.014776314524917e-07,3.652826408018228e-07
9.20373199661823e-07,3.729392054063752e-07
9.396648314954691e-07,3.807562566349176e-07
9.593608287093148e-07,3.887371584632149e-07
9.794696670695385e-07,3.96885345144149e-07
1e-06,4.052043230950986e-07
1.020960662306047e-06,4.136976723412289e-07
1.042360673976401e-06,4.22369047736737e-07
1.064209244064725e-06,4.31222180852231e-07
1.086515774652537e-06,4.402608813069975e-07
1.109289864895223e-06,4.494890388784256e-07
1.132541315152813e-06,4.589106247232522e-07
1.156280131207375e-06,4.685296930428962e-07
1.180516528568805e-06,4.783503834149272e-07
1.205260936870841e-06,4.883769217922662e-07
1.230524004359262e-06,4.986136230566984e-07
1.256316602474121e-06,5.090648921290963e-07
1.28264983052806e-06,5.19735226633955e-07
1.309535020482668e-06,5.30629218342682e-07
1.336983741824945e-06,5.417515551719987e-07
1.365007806546014e-06,5.531070234043867e-07
1.393619274224143e-06,5.647005096864888e-07
1.422830457214352e-06,5.765370029164885e-07
1.452653925946781e-06,5.886215967976227e-07
1.483102514336103e-06,6.009594916145389e-07
1.514189325304352e-06,6.135559967868076e-07
1.545927736419479e-06,6.26416532756302e-07
1.57833140565212e-06,6.395466339847999e-07
1.61141427725302e-06,6.529519506193182e-07
1.645190587753661e-06,6.666382513786928e-07
1.679674872092653e-06,6.806114258850471e-07
1.714881969870541e-06,6.948774872173047e-07
1.750827031735727e-06,7.094425743536803e-07
1.787525525904235e-06,7.24312955280304e-07
1.82499324481615e-06,7.394950288786006e-07
1.86324631193156e-06,7.549953285890254e-07
1.902301188668946e-06,7.708205246315103e-07
1.942174681489028e-06,7.869774270030661e-07
1.982883949127071e-06,8.034729884753844e-07
2.024446509976802e-06,8.203143075924402e-07
2.066880249629082e-06,8.375086315570712e-07
2.110203428568597e-06,8.550633596726698e-07
2.154434690031886e-06,8.7298604611874e-07
2.199593068030075e-06,8.912844037256562e-07
2.245697995539772e-06,9.099663066391983e-07
2.292769312865649e-06,9.290397942063322e-07
2.340827276178294e-06,9.485130743058789e-07
2.389892566231052e-06,9.683945270122507e-07
2.43998629725955e-06,9.886927075930529e-07
2.491130026067786e-06,1.009416351060999e-06
2.543345761304648e-06,1.030574375504578e-06
2.596655972934872e-06,1.052175885529749e-06
2.651083601908542e-06,1.074230177144919e-06
2.706652070033241e-06,1.096746740758547e-06
2.763385290053167e-06,1.119735265953103e-06
2.821307675939471e-06,1.143205645370848e-06
2.880444153396298e-06,1.167167978821659e-06
2.940820170587067e-06,1.191632578168011e-06
3.002461709085549e-06,1.216609970988713e-06
3.065395295056524e-06,1.242110905907978e-06
3.129648010670751e-06,1.268146356703248e-06
3.195247505759214e-06,1.294727526968131e-06
3.262222009711673e-06,1.321865855552495e-06
3.330600343624589e-06,1.349573020670292e-06
3.400411932703702e-06,1.377860945450671e-06
3.47168681892656e-06,1.406741803156031e-06
3.544455673970436e-06,1.436228021844954e-06
3.618749812411284e-06,1.466332290367411e-06
3.694601205199302e-06,1.497067563360766e-06
3.772042493416993e-06,1.528447067022931e-06
3.851107002325569e-06,1.560484304774512e-06
3.93182875570577e-06,1.593193063254006e-06
4.014242490499326e-06,1.626587417868919e-06
4.098383671757261e-06,1.660681739235059e-06
4.184288507901576e-06,1.695490698838675e-06
4.271993966306777e-06,1.73102927603086e-06
4.361537789208005e-06,1.767312764022755e-06
4.45295850994266e-06,1.804356776657912e-06
4.5462954695324e-06,1.842177254962607e-06
4.641588833612773e-06,1.880790473918204e-06
4.738879609717651e-06,1.920213050121689e-06
4.838209664925957e-06,1.960461948002923e-06
4.939621743878326e-06,2.001554487707224e-06
5.043159487171359e-06,2.043508352533863e-06
5.148867450137487e-06,2.086341596374552e-06
5.25679112201842e-06,2.130072651373993e-06
5.366976945540476e-06,2.174720336367564e-06
5.479472336900293e-06,2.220303864430839e-06
5.594325706169378e-06,2.266842851095241e-06
5.711586478126423e-06,2.31435732367391e-06
5.831305113526219e-06,2.362867728700202e-06
5.95353313081437e-06,2.412394941475604e-06
6.078323128297237e-06,2.46296027495152e-06
6.205728806776501e-06,2.514585488611054e-06
6.335804992658241e-06,2.567292798238974e-06
6.468607661546321e-06,2.621104885025538e-06
6.604193962330305e-06,2.676044905891573e-06
6.742622241778349e-06,2.732136502925364e-06
6.883952069645496e-06,2.789403813596714e-06
7.028244264308338e-06,2.847871481748143e-06
7.175560918936921e-06,2.907564667364859e-06
7.32596542821523e-06,2.968509058010049e-06
7.479522515621829e-06,3.030730879705068e-06
7.636298261282242e-06,3.094256907920645e-06
7.796360130405221e-06,3.159114479567293e-06
7.959777002314978e-06,3.225331504652651e-06
8.126619200091945e-06,3.292936477827801e-06
8.296958520834915e-06,3.36195849126586e-06
8.470868266557402e-06,3.432427246985448e-06
8.648423275731709e-06,3.504373069285194e-06
8.829699955494083e-06,3.577826918399474e-06
9.014776314524917e-06,3.652820403265977e-06
9.20373199661823e-06,3.729385795403495e-06
9.396648314954691e-06,3.807556042900728e-06
9.593608287093147e-06,3.887364784183056e-06
9.794696670695386e-06,3.968846363000544e-06
1e-05,4.052035842749824e-06
1.020960662306048e-05,4.136969022017212e-06
1.042360673976401e-05,4.223682449566724e-06
1.064209244064725e-05,4.312213440216262e-06
1.086515774652537e-05,4.402600090935849e-06
1.109289864895223e-05,4.494881297389952e-06
1.132541315152813e-05,4.589096770146739e-06
1.156280131207375e-05,4.685287052441645e-06
1.180516528568806e-05,4.783493537274808e-06
1.205260936870841e-05,4.883758485174639e-06
1.230524004359262e-05,4.986125042294454e-06
1.256316602474121e-05,5.090637259508313e-06
1.28264983052806e-05,5.197340110729698e-06
1.309535020482668e-05,5.306279512673484e-06
1.336983741824945e-05,5.417502344395864e-06
1.365007806546014e-05,5.531056467500406e-06
1.393619274224143e-05,5.64699074701025e-06
1.422830457214352e-05,5.76535507190723e-06
1.452653925946781e-05,5.88620037700327e-06
1.483102514336103e-05,6.009578664589732e-06
1.514189325304352e-05,6.135543027196988e-06
1.545927736419479e-05,6.264147669798881e-06
1.578331405652116e-05,6.395447933904563e-06
1.61141427725302e-05,6.529500320651138e-06
1.645190587753661e-05,6.666362515783675e-06
1.679674872092653e-05,6.80609341374705e-06
1.714881969870541e-05,6.948753143776187e-06
1.750827031735727e-05,7.094403095209145e-06
1.787525525904236e-05,7.243105944132466e-06
1.82499324481615e-05,7.394925680581643e-06
1.86324631193156e-05,7.549927635408515e-06
1.902301188668946e-05,7.708178509147068e-06
1.942174681489028e-05,7.869746400102073e-06
1.982883949127071e-05,8.03470083410307e-06
2.024446509976802e-05,8.203112794258338e-06
2.066880249629082e-05,8.375054751375011e-06
2.110203428568597e-05,8.550600695267363e-06
2.154434690031887e-05,8.729826166731236e-06
2.199593068030075e-05,8.912808289518459e-06
2.245697995539772e-05,9.099625804309674e-06
2.292769312865649e-05,9.290359101910006e-06
2.340827276178294e-05,9.485090258221085e-06
2.389892566231053e-05,9.683903069435118e-06
2.43998629725955e-05,9.886883088006115e-06
2.491130026067786e-05,1.009411765973134e-05
2.543345761304648e-05,1.030569596105479e-05
2.596655972934872e-05,1.052170903748095e-05
2.651083601908542e-05,1.074224984287664e-05
2.706652070033241e-05,1.096741327955009e-05
2.763385290053167e-05,1.119729623866306e-05
2.821307675939471e-05,1.143199764230829e-05
2.880444153396298e-05,1.167161848592002e-05
2.940820170587067e-05,1.191626188190575e-05
3.002461709085549e-05,1.216603310383313e-05
3.065395295056524e-05,1.2421039631616e-05
3.12964801067075e-05,1.268139119792178e-05
3.195247505759214e-05,1.294719983568893e-05
3.262222009711673e-05,1.321857992564457e-05
3.330600343624589e-05,1.349564824593141e-05
3.400411932703703e-05,1.377852402262292e-05
3.471686818926559e-05,1.406732898034946e-05
3.544455673970435e-05,1.436218739525597e-05
3.618749812411284e-05,1.466322614807058e-05
3.694601205199302e-05,1.497057477906072e-05
3.772042493416993e-05,1.528436554343315e-05
3.851107002325569e-05,1.560473346851055e-05
3.93182875570577e-05,1.593181641157404e-05
4.014242490499326e-05,1.626575511937123e-05
4.098383671757261e-05,1.66066932886233e-05
4.184288507901576e-05,1.695477762775344e-05
4.271993966306776e-05,1.731015792016954e-05
4.361537789208006e-05,1.767298708865717e-05
4.45295850994266e-05,1.804342126099368e-05
4.5462954695324e-05,1.842161983722779e-05
4.641588833612772e-05,1.880774555862441e-05
4.738879609717651e-05,1.920196457716461e-05
4.838209664925957e-05,1.960444652693294e-05
4.939621743878326e-05,2.001536459794728e-05
5.043159487171359e-05,2.043489560954459e-05
5.148867450137487e-05,2.086322008754138e-05
5.256791122018419e-05,2.130052234095015e-05
5.366976945540476e-05,2.174699054191542e-05
5.479472336900293e-05,2.220281680642699e-05
5.594325706169377e-05,2.266819727692049e-05
5.711586478126424e-05,2.314333220698739e-05
5.831305113526218e-05,2.362842604686222e-05
5.95353313081437e-05,2.412368753212935e-05
6.078323128297237e-05,2.462932977320698e-05
6.2057288067765e-05,2.514557034660747e-05
6.335804992658241e-05,2.567263138952836e-05
6.468607661546321e-05,2.62107396943323e-05
6.604193962330305e-05,2.676012680680184e-05
6.742622241778349e-05,2.732102912572643e-05
6.883952069645496e-05,2.789368800404368e-05
7.028244264308338e-05,2.847834985353348e-05
7.175560918936922e-05,2.907526624984502e-05
7.32596542821523e-05,2.968469404163177e-05
7.479522515621829e-05,3.030689546035248e-05
7.636298261282242e-05,3.094213823351399e-05
7.79636013040522e-05,3.159069569957929e-05
7.959777002314978e-05,3.225284692576214e-05
8.126619200091945e-05,3.29288768278202e-05
8.296958520834916e-05,3.361907629284566e-05
8.470868266557403e-05,3.432374230438739e-05
8.648423275731709e-05,3.504317806979351e-05
8.829699955494083e-05,3.577769315143975e-05
9.014776314524917e-05,3.652760359906804e-05
9.203731996618231e-05,3.72932320861219e-05
9.39664831495469e-05,3.807490804863534e-05
9.593608287093147e-05,3.887296782656424e-05
9.794696670695385e-05,3.968775480900355e-05
0.0001,4.051961958118078e-05
0.0001020960662306048,4.136892007611248e-05
0.0001042360673976401,4.223602172770402e-05
0.0001064209244064725,4.312129762840122e-05
0.0001086515774652537,4.402512868983965e-05
0.0001109289864895223,4.494790380615843e-05
0.0001132541315152813,4.589002002153286e-05
0.0001156280131207375,4.685188270092677e-05
0.0001180516528568806,4.783390570473056e-05
0.0001205260936870841,4.883651156606383e-05
0.0001230524004359262,4.986013167329606e-05
0.0001256316602474122,5.090520645478769e-05
0.000128264983052806,5.197218556918237e-05
0.0001309535020482668,5.306152809780862e-05
0.0001336983741824945,5.417370274307665e-05
0.0001365007806546014,5.530918802931772e-05
0.0001393619274224143,5.646847250895259e-05
0.0001422830457214352,5.765205497254566e-05
0.0001452653925946781,5.886044466307805e-05
0.0001483102514336103,6.009416149543867e-05
0.0001514189325304352,6.135373627935703e-05
0.0001545927736419478,6.263971094810916e-05
0.0001578331405652116,6.39526387913314e-05
0.000161141427725302,6.529308469338524e-05
0.0001645190587753661,6.666162537549702e-05
0.0001679674872092653,6.805884964433684e-05
0.0001714881969870541,6.948535864503835e-05
0.0001750827031735723,7.094176611965874e-05
0.0001787525525904235,7.242869867118973e-05
0.0001824993244816151,7.394679603267562e-05
0.000186324631193156,7.549671134243763e-05
0.0001902301188668946,7.707911142529333e-05
0.0001942174681489025,7.869467707832811e-05
0.0001982883949127071,8.034410336454911e-05
0.0002024446509976802,8.202809991131321e-05
0.0002066880249629082,8.374739121508323e-05
0.0002110203428568597,8.550271695340061e-05
0.0002154434690031882,8.729483230285329e-05
0.0002199593068030075,8.912450826326079e-05
0.0002245697995539772,9.099253198963098e-05
0.0002292769312865649,9.289970713022289e-05
0.0002340827276178294,9.484685417204819e-05
0.0002389892566231048,9.683481079370004e-05
0.000243998629725955,9.88644322252874e-05
0.0002491130026067791,0.0001009365916161409
0.0002543345761304648,0.0001030521804100681
0.0002596655972934873,0.0001052121087282698
0.0002651083601908536,0.0001074173057611372
0.0002706652070033241,0.0001096687201669333
0.0002763385290053172,0.0001119673204798
0.0002821307675939471,0.0001143140955262023
0.0002880444153396298,0.0001167100548495892
0.000294082017058706,0.0001191562291441572
0.0003002461709085549,0.000121653670698052
0.000306539529505653,0.0001242034538456727
0.000312964801067075,0.0001268066754286368
0.0003195247505759214,0.000129464455267958
0.0003262222009711667,0.0001321779366445508
0.0003330600343624589,0.0001349482867909479
0.000340041193270371,0.0001377766973923444
0.000347168681892656,0.0001406643850988543
0.0003544455673970436,0.0001436125920484255
0.0003618749812411277,0.0001466225863997472
0.0003694601205199302,0.0001496956628780355
0.0003772042493417001,0.0001528331433303665
0.0003851107002325569,0.0001560363772939999
0.000393182875570577,0.0001593067425759154
0.0004014242490499318,0.0001626456458444503
0.0004098383671757261,0.0001660545232337052
0.0004184288507901585,0.0001695348409606057
0.0004271993966306776,0.0001730880959538439
0.0004361537789208006,0.0001767158164974747
0.0004452958509942651,0.0001804195628870575
0.0004546295469532399,0.0001842009280993429
0.0004641588833612782,0.0001880615384768358
0.0004738879609717651,0.0001920030544257934
0.0004838209664925957,0.0001960271711290984
0.0004939621743878316,0.0002001356192742332
0.0005043159487171359,0.0002043301657963514
0.0005148867450137498,0.0002086126146367828
0.0005256791122018419,0.0002129848075173024
0.0005366976945540476,0.0002174486247309426
0.0005479472336900282,0.0002220059859489032
0.0005594325706169377,0.0002266588510445589
0.0005711586478126435,0.0002314092209346752
0.0005831305113526219,0.0002362591384381663
0.000595353313081437,0.0002412106891526156
0.0006078323128297224,0.000246266002349449
0.0006205728806776501,0.0002514272518873151
0.0006335804992658254,0.0002566966571452278
0.0006468607661546321,0.0002620764839743606
0.0006604193962330305,0.0002675690456702684
0.0006742622241778335,0.0002731767039656496
0.0006883952069645496,0.0002789018700427581
0.0007028244264308353,0.0002847470055681312
0.0007175560918936921,0.0002907146237481895
0.000732596542821523,0.0002968072904072638
0.0007479522515621828,0.0003030276250878261
0.0007636298261282241,0.0003093783021734797
0.0007796360130405237,0.0003158620520363753
0.0007959777002314978,0.0003224816622072746
0.0008126619200091946,0.0003292399785705946
0.0008296958520834915,0.0003361399065848758
0.0008470868266557402,0.0003431844125277861
0.0008648423275731727,0.0003503765247673263
0.0008829699955494083,0.0003577193350602359
0.0009014776314524918,0.0003652159998768223
0.000920373199661823,0.0003728697417528792
0.000939664831495469,0.0003806838506712484
0.0009593608287093146,0.0003886616854710256
0.0009794696670695387,0.0003968066752859656
0.001,0.0004051223210139732
0.001020960662306047,0.0004136121968163486
0.001042360673976401,0.0004222799516483411
0.001064209244064725,0.0004311293108216763
0.001086515774652537,0.000440164077599503
0.001109289864895223,0.0004493881348250905
0.001132541315152813,0.00045880544658361
0.001156280131207375,0.0004684200598988886
0.001180516528568806,0.0004782361064659124
0.001205260936870841,0.0004882578044181907
0.001230524004359262,0.0004984894601330891
0.001256316602474122,0.0005089354700743565
0.00128264983052806,0.0005196003226723978
0.001309535020482668,0.0005304886002444054
0.001336983741824945,0.0005416049809539025
0.001365007806546014,0.0005529542408116983
0.001393619274224143,0.0005645412557169216
0.001422830457214352,0.000576371003542353
0.001452653925946781,0.0005884485662620564
0.001483102514336103,0.0006007791321228639
0.001514189325304352,0.0006133679978618245
0.001545927736419478,0.0006262205709688384
0.001578331405652117,0.0006393423719973645
0.00161141427725302,0.0006527390369217567
0.001645190587753661,0.0006664163195444495
0.001679674872092653,0.0006803800939526594
0.001714881969870541,0.0006946363570261571
0.001750827031735723,0.0007091912309972193
0.001787525525904235,0.0007240509660630945
0.00182499324481615,0.0007392219430532032
0.00186324631193156,0.0007547106761514044
0.001902301188668946,0.0007705238156742178
0.001942174681489024,0.0007866681509074436
0.001982883949127072,0.000803150613000736
0.002024446509976802,0.0008199782779224618
0.002066880249629082,0.0008371583694756213
0.002110203428568597,0.0008546982623759414
0.002154434690031882,0.0008726054853941401
0.002199593068030075,0.0008908877245628055
0.002245697995539772,0.0009095528264491115
0.002292769312865649,0.0009286088014964777
0.002340827276178294,0.0009480638274335096
0.002389892566231048,0.0009679262527548804
0.00243998629725955,0.0009882046002733791
0.002491130026067791,0.001008907570744677
0.002543345761304648,0.001030044046568257
0.002596655972934872,0.001051623095563503
0.002651083601908536,0.001073653974824063
0.002706652070033241,0.001096146134651588
0.002763385290053173,0.001119109222570525
0.002821307675939471,0.001142553087425946
0.002880444153396298,0.00116648778356454
0.002940820170587061,0.001190923575103198
0.003002461709085549,0.001215870940284414
0.00306539529505653,0.001241340575921512
0.00312964801067075,0.001267343401935017
0.003195247505759214,0.001293890565982503
0.003262222009711667,0.001320993448183372
0.003330600343624588,0.001348663665940886
0.00340041193270371,0.001376913078862452
0.003471686818926559,0.001405753793781495
0.003544455673970436,0.001435198169881802
0.003618749812411277,0.001465258823927229
0.003694601205199302,0.00149594863559821
0.003772042493417001,0.001527280752937732
0.003851107002325569,0.001559268597908003
0.003931828755705771,0.001591925872062139
0.004014242490499318,0.001625266562329863
0.004098383671757262,0.001659304946923568
0.004184288507901585,0.001694055601362487
0.004271993966306777,0.001729533404622119
0.004361537789208006,0.001765753545406978
0.004452958509942651,0.001802731528552814
0.0045462954695324,0.00184048318155805
0.004641588833612782,0.001879024661248785
0.004738879609717651,0.00191837246057891
0.004838209664925958,0.001958543415568892
0.004939621743878316,0.001999554712384888
0.005043159487171359,0.0020414238945623
0.005148867450137497,0.002084168870374881
0.005256791122018419,0.002127807920354163
0.005366976945540477,0.002172359704960547
0.005479472336900281,0.002217843272409925
0.005594325706169377,0.002264278066658187
0.005711586478126435,0.002311683935547815
0.005831305113526219,0.002360081139117676
0.00595353313081437,0.002409490358082245
0.006078323128297224,0.002459932702479906
0.0062057288067765,0.002511429720496672
0.006335804992658254,0.002564003407466986
0.006468607661546321,0.002617676215055376
0.006604193962330305,0.002672471060622628
0.006742622241778335,0.002728411336780034
0.006883952069645496,0.002785520921134932
0.007028244264308352,0.002843824186231636
0.007175560918936921,0.00290334600969111
0.00732596542821523,0.002964111784553247
0.007479522515621813,0.003026147429825765
0.007636298261282242,0.003089479401243267
0.007796360130405237,0.003154134702241129
0.007959777002314978,0.003220140895146995
0.008126619200091946,0.003287526112595418
0.008296958520834915,0.003356319069168556
0.008470868266557402,0.003426549073268115
0.008648423275731726,0.003498246039221997
0.008829699955494083,0.003571440499631096
0.009014776314524917,0.003646163617958553
0.00920373199661823,0.003722447201369272
0.009396648314954691,0.003800323713820664
0.009593608287093146,0.003879826289411747
0.009794696670695385,0.003960988745994487
0.01,0.004043845599051688
0.01020960662306048,0.004128432075847344
0.01042360673976401,0.004214784129852545
0.01064209244064725,0.004302938455454597
0.01086515774652537,0.004392932502951363
0.01109289864895223,0.004484804493838701
0.01132541315152813,0.004578593436393552
0.01156280131207375,0.004674339141560346
0.01180516528568806,0.004772082239144715
0.01205260936870841,0.004871864194319397
0.01230524004359262,0.004973727324449673
0.01256316602474121,0.005077714816241641
0.0128264983052806,0.005183870743220242
0.01309535020482668,0.005292240083543231
0.01336983741824945,0.005402868738154543
0.01365007806546014,0.005515803549285492
0.01393619274224144,0.005631092319307807
0.01422830457214352,0.005748783829945148
0.01452653925946781,0.005868927861849227
0.01483102514336103,0.005991575214546074
0.01514189325304352,0.006116777726758893
0.01545927736419479,0.006244588297113607
0.01578331405652117,0.006375060905232877
0.0161141427725302,0.006508250633226242
0.01645190587753661,0.006644213687580169
0.01679674872092653,0.006783007421457765
0.01714881969870541,0.006924690357410945
0.01750827031735723,0.007069322210514928
0.01787525525904235,0.007216963911928609
0.0182499324481615,0.007367677632889591
0.0186324631193156,0.007521526809149415
0.01902301188668946,0.007678576165855766
0.01942174681489025,0.007838891742888099
0.01982883949127071,0.008002540920654111
0.02024446509976802,0.008169592446352958
0.02066880249629082,0.008340116460712643
0.02110203428568597,0.008514184525207469
0.02154434690031882,0.008691869649763206
0.02199593068030075,0.00887324632095654
0.02245697995539772,0.009058390530714777
0.02292769312865649,0.009247379805523814
0.02340827276178294,0.009440293236150143
0.02389892566231048,0.009637211507884103
0.0243998629725955,0.009838216931311261
0.02491130026067786,0.01004339347361738
0.02543345761304648,0.01025282679043615
0.02596655972934872,0.01046660425824297
0.02651083601908536,0.01068481500730423
0.02706652070033241,0.01090754995518695
0.02763385290053173,0.01113490184083565
0.02821307675939471,0.01136696525922265
0.02880444153396298,0.01160383669657838
0.02940820170587061,0.01184561456620714
0.03002461709085549,0.01209239924489547
0.0306539529505653,0.01234429310991736
0.03129648010670751,0.01260140057664361
0.03195247505759213,0.01286382813676012
0.03262222009711666,0.01313168439710088
0.03330600343624589,0.01340508011910013
0.0340041193270371,0.01368412825887033
0.03471686818926559,0.01396894400790838
0.03544455673970436,0.01425964483443787
0.03618749812411277,0.01455635052538795
0.03694601205199302,0.01485918322901658
0.03772042493417001,0.01516826749817923
0.03851107002325569,0.01548373033424777
0.0393182875570577,0.01580570123168301
0.04014242490499318,0.01613431222326212
0.04098383671757262,0.01646969792596564
0.04184288507901585,0.01681199558752422
0.04271993966306777,0.01716134513362766
0.04361537789208006,0.017517889215797
0.04452958509942651,0.01788177325992102
0.04546295469532399,0.01825314551545631
0.04641588833612782,0.01863215710529142
0.04738879609717651,0.01901896207627407
0.04838209664925957,0.01941371745039966
0.04939621743878315,0.01981658327665869
0.05043159487171359,0.02022772268354089
0.05148867450137497,0.02064730193219244
0.05256791122018419,0.02107549047022139
0.05366976945540476,0.02151246098614712
0.05479472336900281,0.02195838946448725
0.05594325706169378,0.02241345524147531
0.05711586478126435,0.02287784106140223
0.05831305113526219,0.02335173313357197
0.0595353313081437,0.02383532118986242
0.06078323128297224,0.0243287985428805
0.062057288067765,0.02483236214469953
0.06335804992658255,0.02534621264616654
0.0646860766154632,0.02587055445676367
0.06604193962330306,0.0264055958050109
0.06742622241778336,0.02695154879938955
0.06883952069645496,0.02750862948977217
0.07028244264308353,0.02807705792933524
0.07175560918936921,0.02865705823693643
0.0732596542821523,0.02924885865993243
0.07479522515621813,0.02985269163741044
0.07636298261282241,0.03046879386381141
0.07796360130405237,0.03109740635291258
0.07959777002314977,0.0317387745021408
0.08126619200091946,0.03239314815718486
0.08296958520834916,0.03306078167687121
0.08470868266557402,0.03374193399826719
0.08648423275731726,0.03443686870197316
0.08829699955494083,0.03514585407756077
0.09014776314524918,0.03586916318911637
0.09203731996618231,0.03660707394083906
0.09396648314954691,0.03735986914264933
0.09593608287093147,0.03812783657575125
0.09794696670695385,0.03891126905809728
0.1,0.03971046450969595
0.1020960662306048,0.04052572601770088
0.1042360673976401,0.04135736190121841
0.1064209244064725,0.04220568577576511
0.1086515774652537,0.04307101661730239
0.1109289864895223,0.0439536788257765
0.1132541315152813,0.04485400228808101
0.1156280131207375,0.04577232244036222
0.1180516528568806,0.04670898032957849
0.1205260936870841,0.04766432267422183
0.1230524004359262,0.0486387019241088
0.1256316602474122,0.04963247631913636
0.128264983052806,0.05064600994690027
0.1309535020482668,0.05167967279906593
0.1336983741824945,0.05273384082637445
0.1365007806546014,0.05380889599216587
0.1393619274224144,0.05490522632429207
0.1422830457214352,0.0560232259652883
0.1452653925946781,0.05716329522066688
0.1483102514336103,0.05832584060518675
0.1514189325304352,0.05951127488695462
0.1545927736419478,0.0607200171291955
0.1578331405652116,0.0619524927295344
0.161141427725302,0.06320913345661927
0.1645190587753661,0.06449037748390674
0.1679674872092653,0.06579666942042961
0.1714881969870541,0.06712846033835362
0.1750827031735723,0.06848620779712511
0.1787525525904236,0.06987037586400502
0.182499324481615,0.07128143513077112
0.186324631193156,0.07271986272637021
0.1902301188668946,0.07418614232528553
0.1942174681489025,0.0756807641513817
0.1982883949127071,0.07720422497697932
0.2024446509976802,0.07875702811689733
0.2066880249629082,0.08033968341720255
0.2110203428568597,0.08195270723838399
0.2154434690031882,0.08359662243266952
0.2199593068030075,0.08527195831518808
0.2245697995539772,0.0869792506286694
0.2292769312865649,0.08871904150136911
0.2340827276178294,0.0904918793978875
0.2389892566231048,0.09229831906254859
0.243998629725955,0.09413892145499081
0.2491130026067786,0.09601425367760685
0.2543345761304648,0.09792488889446949
0.2596655972934873,0.09987140624135493
0.2651083601908536,0.101854390726477
0.2706652070033241,0.1038744331215268
0.2763385290053172,0.1059321298426008
0.2821307675939471,0.1080280828205942
0.2880444153396298,0.1101628993606208
0.2940820170587061,0.1123371919900074
0.3002461709085549,0.1145515782944064
0.306539529505653,0.1168066807415503
0.312964801067075,0.1191031264921673
0.3195247505759213,0.1214415471975627
0.3262222009711667,0.123822578783359
0.3330600343624588,0.1262468612188805
0.340041193270371,0.1287150382716526
0.3471686818926559,0.1312277572464805
0.3544455673970436,0.1337856687085598
0.3618749812411277,0.1363894261900575
0.3694601205199303,0.1390396858796054
0.3772042493417002,0.14173710629412
0.3851107002325569,0.1444823479323759
0.393182875570577,0.1472760729097359
0.4014242490499318,0.1501189445734384
0.4098383671757261,0.1530116270978471
0.4184288507901585,0.1559547850590411
0.4271993966306777,0.1589490829881437
0.4361537789208006,0.1619951849027665
0.4452958509942651,0.1650937538159492
0.4546295469532399,0.1682454512219803
0.4641588833612782,0.1714509365584718
0.4738879609717651,0.1747108666440751
0.4838209664925957,0.1780258950912212
0.4939621743878316,0.1813966716932721
0.5043159487171359,0.1848238417854854
0.5148867450137498,0.1883080455791897
0.5256791122018419,0.1918499174685929
0.5366976945540476,0.1954500853096472
0.5479472336900282,0.1991091696704119
0.5594325706169377,0.2028277830523809
0.5711586478126435,0.2066065290822465
0.5831305113526218,0.2104460016736092
0.595353313081437,0.2143467841581609
0.6078323128297224,0.2183094483858948
0.62057288067765,0.2223345537939395
0.6335804992658254,0.2264226464436343
0.6468607661546321,0.2305742580255183
0.6604193962330305,0.2347899048319382
0.6742622241778335,0.2390700866970251
0.6883952069645496,0.2434152859038599
0.7028244264308353,0.2478259660586741
0.7175560918936921,0.2523025709320235
0.732596542821523,0.2568455232669161
0.7479522515621814,0.2614552235539528
0.7636298261282242,0.2661320487736236
0.7796360130405237,0.2708763511059659
0.7959777002314977,0.2756884566078965
0.8126619200091946,0.2805686638586125
0.8296958520834898,0.2855172425735478
0.8470868266557402,0.2905344321875013
0.8648423275731727,0.2956204404076315
0.8829699955494082,0.3007754417371606
0.9014776314524917,0.3059995759707402
0.9203731996618231,0.311292946662557
0.9396648314954691,0.3166556195684175
0.9593608287093147,0.322087621063176
0.9794696670695385,0.3275889365350275
1,0.3331595087583626
1.020960662306048,0.3387992362470239
1.042360673976403,0.3445079715900036
1.064209244064722,0.3502855197717879
1.086515774652537,0.3561316364797551
1.109289864895223,0.3620460264012116
1.132541315152813,0.3680283415128894
1.156280131207378,0.3740781793659018
1.180516528568803,0.3801950813693952
1.205260936870841,0.3863785310763578
1.230524004359262,0.3926279524752548
1.256316602474121,0.3989427082914343
1.282649830528062,0.40532209830245
1.309535020482665,0.4117653576717172
1.336983741824945,0.4182716553051656
1.365007806546014,0.4248400922357842
1.393619274224144,0.431469700041252
1.422830457214355,0.4381594393000625
1.452653925946778,0.4449081980918344
1.483102514336103,0.4517147905477573
1.514189325304352,0.4585779554573577
1.545927736419479,0.4654963549380635
1.57833140565212,0.4724685731742579
1.611414277253017,0.4794931152327792
1.645190587753661,0.486568405962064
1.679674872092653,0.4936927889823355
1.714881969870541,0.5008645257745016
1.750827031735727,0.5080817948755889
1.787525525904232,0.5153426911887595
1.824993244816151,0.5226452254161301
1.86324631193156,0.5299873236227439
1.902301188668946,0.5373668269402303
1.942174681489028,0.5447814914187488
1.982883949127067,0.5522289880359257
2.024446509976802,0.559706902871553
2.066880249629082,0.5672127374568059
2.110203428568596,0.5747439093067837
2.154434690031886,0.5822977526450719
2.19959306803007,0.5898715193289683
2.245697995539772,0.5974623799838774
2.292769312865649,0.6050674253551698
2.340827276178294,0.6126836678856256
2.389892566231053,0.6203080435262411
2.439986297259545,0.6279374137878694
2.491130026067786,0.6355685680407683
2.543345761304648,0.643198226068633
2.596655972934872,0.6508230408832205
2.651083601908542,0.6584396018050269
2.706652070033236,0.6660444378148429
2.763385290053167,0.6736340211802803
2.821307675939471,0.6812047713605226
2.880444153396298,0.688753059191723
2.940820170587067,0.6962752113544577
3.002461709085543,0.7037675151236384
3.065395295056524,0.7112262234001765
3.12964801067075,0.7186475600224616
3.195247505759214,0.7260277253545149
3.262222009711673,0.7333629021462771
3.330600343624582,0.7406492616601079
3.400411932703703,0.7478829700560976
3.47168681892656,0.755060195027206
3.544455673970436,0.7621771126736973
3.618749812411284,0.7692299146046151
3.694601205199295,0.7762148152523655
3.772042493416994,0.7831280593847187
3.851107002325569,0.7899659297967276
3.93182875570577,0.7967247551632959
4.014242490499326,0.8034009180312593
4.098383671757253,0.8099908629280439
4.184288507901576,0.8164911045621499
4.271993966306777,0.8228982360888905
4.361537789208006,0.8292089374131125
4.45295850994266,0.8354199834988775
4.54629546953239,0.8415282526544799
4.641588833612772,0.8475307347596431
4.738879609717651,0.8534245394002679
4.838209664925957,0.8592069038748434
4.939621743878326,0.8648752010354217
5.043159487171349,0.8704269469250683
5.148867450137487,0.8758598081728851
5.256791122018419,0.8811716091070513
5.366976945540476,0.8863603385459643
5.479472336900293,0.8914241562273622
5.594325706169389,0.8963613988354249
5.711586478126423,0.9011705855862105
5.831305113526219,0.905850423332447
5.95353313081437,0.9103998111496433
6.078323128297236,0.914817844366795
6.205728806776513,0.91910381800653
6.335804992658241,0.9232572296015003
6.46860766154632,0.9272777813561046
6.604193962330306,0.931165381625229
6.742622241778349,0.9349201456846863
6.883952069645511,0.9385423957712991
7.028244264308339,0.9420326603742128
7.175560918936921,0.9453916727629588
7.32596542821523,0.9486203687420047
7.479522515621829,0.9517198836260626
7.636298261282257,0.9546915484351483
7.796360130405221,0.9575368853133781
7.959777002314977,0.9602576021806345
8.126619200091946,0.9628555866315176
8.296958520834915,0.9653328991014163
8.470868266557419,0.9676917653249505
8.648423275731709,0.9699345681174987
8.829699955494084,0.9720638385159048
9.014776314524918,0.9740822463197325
9.203731996618231,0.9759925900795507
9.39664831495471,0.9777977865835945
9.593608287093128,0.9795008598987301
9.794696670695386,0.9811049300258833
10,0.9826132012338885
