#Exponential aproximation (mean) vs Original set
#ExpMe(x), ExpMe(CDF) 
1e-08,1.130431424356537e-06
1.020960662306048e-08,1.15412600198983e-06
1.042360673976401e-08,1.17831723311923e-06
1.064209244064725e-08,1.20301552786195e-06
1.086515774652537e-08,1.228231514605049e-06
1.109289864895223e-08,1.253976044446325e-06
1.132541315152813e-08,1.280260196079297e-06
1.156280131207375e-08,1.307095280123072e-06
1.180516528568806e-08,1.334492844673463e-06
1.205260936870841e-08,1.362464679521835e-06
1.230524004359262e-08,1.391022821706223e-06
1.256316602474122e-08,1.420179560618351e-06
1.28264983052806e-08,1.449947443221689e-06
1.309535020482668e-08,1.480339279380516e-06
1.336983741824945e-08,1.511368147744108e-06
1.365007806546014e-08,1.543047400631714e-06
1.393619274224144e-08,1.575390670582877e-06
1.422830457214352e-08,1.608411875908544e-06
1.452653925946781e-08,1.642125226464231e-06
1.483102514336103e-08,1.676545229867266e-06
1.514189325304352e-08,1.711686698269155e-06
1.545927736419478e-08,1.747564753684649e-06
1.578331405652117e-08,1.784194835763309e-06
1.61141427725302e-08,1.821592707118569e-06
1.645190587753661e-08,1.859774461210328e-06
1.679674872092653e-08,1.898756528673218e-06
1.714881969870541e-08,1.938555684422028e-06
1.750827031735723e-08,1.979189055312247e-06
1.787525525904235e-08,2.020674126801403e-06
1.824993244816151e-08,2.063028751164708e-06
1.86324631193156e-08,2.106271154600492e-06
1.902301188668946e-08,2.150419945445847e-06
1.942174681489025e-08,2.195494122281261e-06
1.982883949127072e-08,2.241513081591151e-06
2.024446509976802e-08,2.288496626645653e-06
2.066880249629082e-08,2.336464975605246e-06
2.110203428568597e-08,2.385438770513559e-06
2.154434690031882e-08,2.435439086068136e-06
2.199593068030075e-08,2.486487438946305e-06
2.245697995539776e-08,2.538605796242877e-06
2.292769312865649e-08,2.591816586128282e-06
2.340827276178294e-08,2.646142706508314e-06
2.389892566231048e-08,2.701607535238182e-06
2.43998629725955e-08,2.758234940447579e-06
2.491130026067791e-08,2.816049290088607e-06
2.543345761304648e-08,2.875075463482091e-06
2.596655972934873e-08,2.935338860976522e-06
2.651083601908536e-08,2.996865415383354e-06
2.706652070033241e-08,3.059681603190256e-06
2.763385290053173e-08,3.123814455885388e-06
2.821307675939471e-08,3.189291571392694e-06
2.880444153396298e-08,3.25614112617334e-06
2.940820170587061e-08,3.324391887327138e-06
3.002461709085549e-08,3.394073224805005e-06
3.06539529505653e-08,3.465215124176524e-06
3.12964801067075e-08,3.537848199730576e-06
3.195247505759214e-08,3.612003707242906e-06
3.262222009711667e-08,3.687713557631866e-06
3.330600343624589e-08,3.76501033061416e-06
3.40041193270371e-08,3.843927289137739e-06
3.471686818926559e-08,3.924498392815501e-06
3.544455673970436e-08,4.006758313579439e-06
3.618749812411276e-08,4.090742449780471e-06
3.694601205199302e-08,4.176486941731561e-06
3.772042493417001e-08,4.26402868758391e-06
3.851107002325569e-08,4.353405358425988e-06
3.93182875570577e-08,4.444655415158927e-06
4.014242490499318e-08,4.537818125038839e-06
4.098383671757262e-08,4.6329335779971e-06
4.184288507901584e-08,4.730042704514936e-06
4.271993966306777e-08,4.829187293053927e-06
4.361537789208006e-08,4.930410007486508e-06
4.45295850994266e-08,5.033754406635893e-06
4.546295469532399e-08,5.13926496170658e-06
4.641588833612782e-08,5.246987076490406e-06
4.738879609717651e-08,5.356967106129318e-06
4.838209664925958e-08,5.469252377543476e-06
4.939621743878326e-08,5.583891209637315e-06
5.043159487171359e-08,5.70093293406071e-06
5.148867450137498e-08,5.820427916303217e-06
5.256791122018419e-08,5.942427577898535e-06
5.366976945540476e-08,6.066984417740784e-06
5.479472336900293e-08,6.194152035510214e-06
5.594325706169378e-08,6.323985154099709e-06
5.711586478126435e-08,6.45653964337356e-06
5.831305113526219e-08,6.591872544481348e-06
5.95353313081437e-08,6.730042093949784e-06
6.078323128297236e-08,6.871107748884775e-06
6.2057288067765e-08,7.015130212950638e-06
6.335804992658255e-08,7.162171461794209e-06
6.46860766154632e-08,7.312294770245309e-06
6.604193962330306e-08,7.465564739517205e-06
6.742622241778349e-08,7.622047324629122e-06
6.883952069645497e-08,7.781809863049993e-06
7.028244264308353e-08,7.944921103786307e-06
7.175560918936921e-08,8.111451236580969e-06
7.32596542821523e-08,8.281471922777506e-06
7.479522515621828e-08,8.455056325296084e-06
7.636298261282242e-08,8.632279140829979e-06
7.796360130405237e-08,8.813216631486931e-06
7.959777002314978e-08,8.997946658095834e-06
8.126619200091946e-08,9.186548713069342e-06
8.296958520834915e-08,9.379103955375889e-06
8.470868266557402e-08,9.575695244845583e-06
8.648423275731727e-08,9.776407178141433e-06
8.829699955494083e-08,9.981326124841594e-06
9.014776314524918e-08,1.019054026518695e-05
9.20373199661823e-08,1.040413962716258e-05
9.396648314954691e-08,1.06222161262437e-05
9.593608287093146e-08,1.08448636041425e-05
9.794696670695386e-08,1.107217786944226e-05
1e-07,1.13042567390087e-05
1.020960662306048e-07,1.154120007984538e-05
1.042360673976401e-07,1.178310985205933e-05
1.064209244064725e-07,1.203009015293688e-05
1.086515774652537e-07,1.228224726157467e-05
1.109289864895223e-07,1.253968968473185e-05
1.132541315152813e-07,1.280252820312633e-05
1.156280131207375e-07,1.307087591961853e-05
1.180516528568806e-07,1.334484830772809e-05
1.205260936870841e-07,1.36245632611498e-05
1.230524004359261e-07,1.391014114449085e-05
1.256316602474121e-07,1.42017048452292e-05
1.28264983052806e-07,1.449937982656024e-05
1.309535020482668e-07,1.48032941812426e-05
1.336983741824945e-07,1.511357868688723e-05
1.365007806546014e-07,1.543036686180166e-05
1.393619274224144e-07,1.575379502327667e-05
1.422830457214352e-07,1.60840023452069e-05
1.452653925946781e-07,1.642113091882003e-05
1.483102514336103e-07,1.676532581340595e-05
1.514189325304352e-07,1.711673513871137e-05
1.545927736419479e-07,1.747551010877757e-05
1.578331405652117e-07,1.784180510711053e-05
1.61141427725302e-07,1.821577775273919e-05
1.645190587753661e-07,1.859758896838315e-05
1.679674872092653e-07,1.898740304961954e-05
1.714881969870541e-07,1.938538773538223e-05
1.750827031735723e-07,1.979171428034832e-05
1.787525525904236e-07,2.020655752854594e-05
1.824993244816151e-07,2.063009598840537e-05
1.86324631193156e-07,2.106251190969743e-05
1.902301188668946e-07,2.150399136235936e-05
1.942174681489024e-07,2.195472431554268e-05
1.982883949127071e-07,2.241490472043584e-05
2.024446509976802e-07,2.288473059286478e-05
2.066880249629082e-07,2.33644040990022e-05
2.110203428568597e-07,2.385413164218697e-05
2.154434690031882e-07,2.435412395163095e-05
2.199593068030075e-07,2.486459617301318e-05
2.245697995539772e-07,2.538576796151659e-05
2.292769312865649e-07,2.591786357553083e-05
2.340827276178294e-07,2.646111197401879e-05
2.389892566231048e-07,2.701574691421627e-05
2.43998629725955e-07,2.758200705277325e-05
2.491130026067786e-07,2.816013604811651e-05
2.543345761304648e-07,2.875038266514363e-05
2.596655972934872e-07,2.935300088280357e-05
2.651083601908536e-07,2.996825000278758e-05
2.706652070033241e-07,3.059639476132858e-05
2.763385290053167e-07,3.123770544288806e-05
2.82130767593947e-07,3.189245799672946e-05
2.880444153396298e-07,3.256093415549e-05
2.940820170587061e-07,3.3243421556306e-05
3.002461709085549e-07,3.394021386449175e-05
3.065395295056524e-07,3.465161089999391e-05
3.12964801067075e-07,3.53779187663994e-05
3.195247505759214e-07,3.611944998249683e-05
3.262222009711673e-07,3.687652361672455e-05
3.330600343624589e-07,3.764946542439418e-05
3.400411932703703e-07,3.843860798791177e-05
3.471686818926559e-07,3.924429085977454e-05
3.544455673970435e-07,4.006686070845422e-05
3.618749812411284e-07,4.090667146794402e-05
3.694601205199302e-07,4.176408448941515e-05
3.772042493416994e-07,4.263946869731416e-05
3.851107002325569e-07,4.35332007474587e-05
3.93182875570577e-07,4.444566518913007e-05
4.014242490499326e-07,4.537725463082953e-05
4.098383671757261e-07,4.632836990881017e-05
4.184288507901585e-07,4.729942025971656e-05
4.271993966306776e-07,4.829082349622205e-05
4.361537789208006e-07,4.930300618721795e-05
4.45295850994266e-07,5.033640384066729e-05
4.5462954695324e-07,5.139146109167658e-05
4.641588833612782e-07,5.24686318930101e-05
4.738879609717651e-07,5.356837971060013e-05
4.838209664925957e-07,5.46911777230541e-05
4.939621743878326e-07,5.583750902471429e-05
5.043159487171359e-07,5.700786683404679e-05
5.148867450137498e-07,5.820275470502789e-05
5.25679112201842e-07,5.942268674408169e-05
5.366976945540476e-07,6.066818783112549e-05
5.479472336900293e-07,6.193979384550019e-05
5.594325706169378e-07,6.323805189578646e-05
5.711586478126435e-07,6.456352055572712e-05
5.831305113526218e-07,6.591677010403529e-05
5.95353313081437e-07,6.729838276964273e-05
6.078323128297237e-07,6.870895298249913e-05
6.205728806776501e-07,7.014908762836836e-05
6.335804992658255e-07,7.161940631039698e-05
6.468607661546321e-07,7.312054161545678e-05
6.604193962330305e-07,7.465313938570528e-05
6.742622241778349e-07,7.621785899691869e-05
6.883952069645496e-07,7.781537364137669e-05
7.028244264308353e-07,7.944637061785276e-05
7.175560918936921e-07,8.111155162648931e-05
7.32596542821523e-07,8.281163307122252e-05
7.479522515621828e-07,8.454734636687e-05
7.636298261282241e-07,8.631943825454513e-05
7.796360130405236e-07,8.812867112173439e-05
7.959777002314978e-07,8.997582333081233e-05
8.126619200091945e-07,9.186168955332974e-05
8.296958520834915e-07,9.378708111151823e-05
8.470868266557403e-07,9.575282632701132e-05
8.648423275731727e-07,9.7759770877337e-05
8.829699955494083e-07,9.98087781588497e-05
9.014776314524917e-07,0.0001019007296583219
9.20373199661823e-07,0.0001040365253315301
9.396648314954691e-07,0.0001062170839899457
9.593608287093148e-07,0.0001084433436961962
9.794696670695385e-07,0.0001107162621667435
1e-06,0.0001130368171833318
1.020960662306047e-06,0.0001154060070140961
1.042360673976401e-06,0.0001178248508412194
1.064209244064725e-06,0.0001202943892003594
1.086515774652537e-06,0.0001228156844266248
1.109289864895223e-06,0.0001253898211117654
1.132541315152813e-06,0.0001280179065697995
1.156280131207375e-06,0.0001307010713132994
1.180516528568805e-06,0.0001334404695385594
1.205260936870841e-06,0.0001362372796220868
1.230524004359262e-06,0.0001390927046264201
1.256316602474121e-06,0.0001420079728172707
1.28264983052806e-06,0.0001449843381911009
1.309535020482668e-06,0.0001480230810139149
1.336983741824945e-06,0.0001511255083711527
1.365007806546014e-06,0.0001542929547293515
1.393619274224143e-06,0.000157526782509132
1.422830457214352e-06,0.0001608283826705081
1.452653925946781e-06,0.0001641991753104088
1.483102514336103e-06,0.0001676406102727457
1.514189325304352e-06,0.0001711541677708039
1.545927736419479e-06,0.0001747413590229563
1.57833140565212e-06,0.0001784037269018102
1.61141427725302e-06,0.000182142846597122
1.645190587753661e-06,0.0001859603262914789
1.679674872092653e-06,0.0001898578078511903
1.714881969870541e-06,0.0001938369675316132
1.750827031735727e-06,0.0001978995166961317
1.787525525904235e-06,0.0002020472025516806
1.82499324481615e-06,0.0002062818088983676
1.86324631193156e-06,0.0002106051568953049
1.902301188668946e-06,0.0002150191058425399
1.942174681489028e-06,0.000219525553979083
1.982883949127071e-06,0.0002241264392975895
2.024446509976802e-06,0.0002288237403764715
2.066880249629082e-06,0.0002336194772286637
2.110203428568597e-06,0.0002385157121689296
2.154434690031886e-06,0.000243514550698376
2.199593068030075e-06,0.0002486181424085077
2.245697995539772e-06,0.0002538286819031565
2.292769312865649e-06,0.0002591484097403951
2.340827276178294e-06,0.0002645796133934342
2.389892566231052e-06,0.0002701246282322822
2.43998629725955e-06,0.0002757858385257217
2.491130026067786e-06,0.0002815656784633802
2.543345761304648e-06,0.0002874666332004505
2.596655972934872e-06,0.0002934912399231715
2.651083601908542e-06,0.0002996420889370688
2.706652070033241e-06,0.0003059218247779549
2.763385290053167e-06,0.0003123331473452451
2.821307675939471e-06,0.0003188788130604747
2.880444153396298e-06,0.0003255616360481328
2.940820170587067e-06,0.0003323844893430294
3.002461709085549e-06,0.0003393503061208669
3.065395295056524e-06,0.0003464620809564556
3.129648010670751e-06,0.0003537228711063545
3.195247505759214e-06,0.0003611357978196006
3.262222009711673e-06,0.0003687040476750836
3.330600343624589e-06,0.000376430873946787
3.400411932703702e-06,0.0003843195979978953
3.47168681892656e-06,0.0003923736107034337
3.544455673970436e-06,0.0004005963739028839
3.618749812411284e-06,0.0004089914218829982
3.694601205199302e-06,0.0004175623628915881
3.772042493416993e-06,0.0004263128806825112
3.851107002325569e-06,0.0004352467360929646
3.93182875570577e-06,0.0004443677686538638
4.014242490499326e-06,0.0004536798982337498
4.098383671757261e-06,0.0004631871267160026
4.184288507901576e-06,0.0004728935397124712
4.271993966306777e-06,0.0004828033083116301
4.361537789208005e-06,0.0004929206908632633
4.45295850994266e-06,0.000503250034800784
4.5462954695324e-06,0.0005137957785006364
4.641588833612773e-06,0.000524562453181554
4.738879609717651e-06,0.000535554684841566
4.838209664925957e-06,0.0005467771962374135
4.939621743878326e-06,0.0005582348089029354
5.043159487171359e-06,0.0005699324452110854
5.148867450137487e-06,0.0005818751304779157
5.25679112201842e-06,0.0005940679951103034
5.366976945540476e-06,0.000606516276798641
5.479472336900293e-06,0.0006192253227549349
5.594325706169378e-06,0.0006322005919969786
5.711586478126423e-06,0.0006454476576803758
5.831305113526219e-06,0.0006589722094788586
5.95353313081437e-06,0.0006727800560140107
6.078323128297237e-06,0.0006868771273348395
6.205728806776501e-06,0.0007012694774498618
6.335804992658241e-06,0.0007159632869107035
6.468607661546321e-06,0.000730964865449435
6.604193962330305e-06,0.0007462806546711942
6.742622241778349e-06,0.0007619172308016564
6.883952069645496e-06,0.0007778813074920121
7.028244264308338e-06,0.0007941797386818994
7.175560918936921e-06,0.0008108195215217329
7.32596542821523e-06,0.0008278077993547628
7.479522515621829e-06,0.0008451518647620837
7.636298261282242e-06,0.0008628591626697046
7.796360130405221e-06,0.0008809372935200122
7.959777002314978e-06,0.0008993940165089587
8.126619200091945e-06,0.0009182372528900862
8.296958520834915e-06,0.0009374750893468287
8.470868266557402e-06,0.0009571157814344255
8.648423275731709e-06,0.0009771677570927784
8.829699955494083e-06,0.0009976396202322491
9.014776314524917e-06,0.001018540154392733
9.20373199661823e-06,0.001039878326479227
9.396648314954691e-06,0.001061663290572779
9.593608287093147e-06,0.001083904391822266
9.794696670695386e-06,0.001106611170413996
1e-05,0.001129793365624687
1.020960662306048e-05,0.001153460919957605
1.042360673976401e-05,0.001177623983362963
1.064209244064725e-05,0.001202292917546366
1.086515774652537e-05,0.001227478300364848
1.109289864895223e-05,0.001253190930314174
1.132541315152813e-05,0.001279441831107175
1.156280131207375e-05,0.001306242256347678
1.180516528568806e-05,0.00133360369429858
1.205260936870841e-05,0.001361537872749508
1.230524004359262e-05,0.001390056763983294
1.256316602474121e-05,0.001419172589844031
1.28264983052806e-05,0.001448897826910045
1.309535020482668e-05,0.001479245211772229
1.336983741824945e-05,0.001510227746419734
1.365007806546014e-05,0.001541858703737575
1.393619274224143e-05,0.001574151633114584
1.422830457214352e-05,0.001607120366167947
1.452653925946781e-05,0.001640779022583194
1.483102514336103e-05,0.001675142016074549
1.514189325304352e-05,0.001710224060465837
1.545927736419479e-05,0.00174604017589608
1.578331405652116e-05,0.001782605695151873
1.61141427725302e-05,0.001819936270127887
1.645190587753661e-05,0.001858047878419367
1.679674872092653e-05,0.001896956830048868
1.714881969870541e-05,0.00193667977432932
1.750827031735727e-05,0.00197723370686731
1.787525525904236e-05,0.00201863597670715
1.82499324481615e-05,0.002060904293621824
1.86324631193156e-05,0.002104056735550142
1.902301188668946e-05,0.002148111756184901
1.942174681489028e-05,0.002193088192715575
1.982883949127071e-05,0.002239005273726558
2.024446509976802e-05,0.002285882627255709
2.066880249629082e-05,0.002333740289015229
2.110203428568597e-05,0.002382598710778838
2.154434690031887e-05,0.002432478768937818
2.199593068030075e-05,0.00248340177322981
2.245697995539772e-05,0.002535389475642691
2.292769312865649e-05,0.002588464079498087
2.340827276178294e-05,0.002642648248717183
2.389892566231053e-05,0.002697965117272716
2.43998629725955e-05,0.002754438298830486
2.491130026067786e-05,0.002812091896583602
2.543345761304648e-05,0.002870950513284454
2.596655972934872e-05,0.002931039261476309
2.651083601908542e-05,0.002992383773930629
2.706652070033241e-05,0.003055010214290776
2.763385290053167e-05,0.003118945287929886
2.821307675939471e-05,0.003184216253023342
2.880444153396298e-05,0.00325085093184263
2.940820170587067e-05,0.003318877722272351
3.002461709085549e-05,0.003388325609557041
3.065395295056524e-05,0.00345922417828004
3.12964801067075e-05,0.003531603624578938
3.195247505759214e-05,0.003605494768604056
3.262222009711673e-05,0.003680929067220839
3.330600343624589e-05,0.003757938626964608
3.400411932703703e-05,0.003836556217248765
3.471686818926559e-05,0.003916815283833808
3.544455673970435e-05,0.003998749962559889
3.618749812411284e-05,0.004082395093349067
3.694601205199302e-05,0.004167786234481663
3.772042493416993e-05,0.004254959677150727
3.851107002325569e-05,0.004343952460302059
3.93182875570577e-05,0.004434802385761216
4.014242490499326e-05,0.004527548033656847
4.098383671757261e-05,0.004622228778141557
4.184288507901576e-05,0.004718884803418311
4.271993966306776e-05,0.004817557120077254
4.361537789208006e-05,0.004918287581746505
4.45295850994266e-05,0.005021118902065802
4.5462954695324e-05,0.005126094671984216
4.641588833612772e-05,0.005233259377392385
4.738879609717651e-05,0.005342658417090584
4.838209664925957e-05,0.005454338121101188
4.939621743878326e-05,0.005568345769330185
5.043159487171359e-05,0.005684729610583972
5.148867450137487e-05,0.005803538881947068
5.256791122018419e-05,0.005924823828527104
5.366976945540476e-05,0.006048635723573059
5.479472336900293e-05,0.006175026888972535
5.594325706169377e-05,0.006304050716134824
5.711586478126424e-05,0.00643576168726534
5.831305113526218e-05,0.006570215397038726
5.95353313081437e-05,0.006707468574675524
6.078323128297237e-05,0.006847579106430079
6.2057288067765e-05,0.006990606058495663
6.335804992658241e-05,0.00713660970033303
6.468607661546321e-05,0.00728565152842986
6.604193962330305e-05,0.007437794290495736
6.742622241778349e-05,0.007593102010102326
6.883952069645496e-05,0.007751640011771754
7.028244264308338e-05,0.00791347494652328
7.175560918936922e-05,0.008078674817882492
7.32596542821523e-05,0.008247309008361126
7.479522515621829e-05,0.008419448306413502
7.636298261282242e-05,0.008595164933876687
7.79636013040522e-05,0.008774532573901372
7.959777002314978e-05,0.008957626399380136
8.126619200091945e-05,0.00914452310187841
8.296958520834916e-05,0.009335300921077927
8.470868266557403e-05,0.009530039674736535
8.648423275731709e-05,0.009728820789172699
8.829699955494083e-05,0.00993172733028036
9.014776314524917e-05,0.01013884403508225
9.203731996618231e-05,0.01035025734382677
9.39664831495469e-05,0.01056605543263556
9.593608287093147e-05,0.010786328246709
9.794696670695385e-05,0.0110111675340947
0.0001,0.01124066688002678
0.0001020960662306048,0.01147492174184084
0.0001042360673976401,0.01171402948447209
0.0001064209244064725,0.01195808941654208
0.0001086515774652537,0.01220720282703935
0.0001109289864895223,0.01246147302260137
0.0001132541315152813,0.0127210053654021
0.0001156280131207375,0.01298590731165139
0.0001180516528568806,0.01325628845071081
0.0001205260936870841,0.01353226054483225
0.0001230524004359262,0.01381393756952354
0.0001256316602474122,0.01410143575454503
0.000128264983052806,0.01439487362554315
0.0001309535020482668,0.01469437204632462
0.0001336983741824945,0.01500005426177475
0.0001365007806546014,0.01531204594142344
0.0001393619274224143,0.01563047522366368
0.0001422830457214352,0.0159554727606237
0.0001452653925946781,0.01628717176369643
0.0001483102514336103,0.01662570804972885
0.0001514189325304352,0.01697122008787166
0.0001545927736419478,0.01732384904709228
0.0001578331405652116,0.01768373884435148
0.000161141427725302,0.01805103619344406
0.0001645190587753661,0.01842589065450306
0.0001679674872092653,0.01880845468416836
0.0001714881969870541,0.01919888368641665
0.0001750827031735723,0.01959733606405245
0.0001787525525904235,0.02000397327085746
0.0001824993244816151,0.02041895986439346
0.000186324631193156,0.02084246355945796
0.0001902301188668946,0.02127465528218531
0.0001942174681489025,0.0217157092247886
0.0001982883949127071,0.02216580290093739
0.0002024446509976802,0.0226251172017613
0.0002066880249629082,0.02309383645247531
0.0002110203428568597,0.02357214846961264
0.0002154434690031882,0.02406024461886058
0.0002199593068030075,0.02455831987348345
0.0002245697995539772,0.02506657287332259
0.0002292769312865649,0.0255852059843602
0.0002340827276178294,0.02611442535883013
0.0002389892566231048,0.02665444099586178
0.000243998629725955,0.02720546680263825
0.0002491130026067791,0.02776772065604938
0.0002543345761304648,0.02834142446482113
0.0002596655972934873,0.02892680423209681
0.0002651083601908536,0.02952409011844759
0.0002706652070033241,0.03013351650528806
0.0002763385290053172,0.0307553220586666
0.0002821307675939471,0.03138974979340359
0.0002880444153396298,0.03203704713754663
0.000294082017058706,0.0326974659971071
0.0003002461709085549,0.03337126282104552
0.000306539529505653,0.0340586986664656
0.000312964801067075,0.03476003926397919
0.0003195247505759214,0.03547555508319833
0.0003262222009711667,0.03620552139830924
0.0003330600343624589,0.03695021835368184
0.000340041193270371,0.03770993102946341
0.000347168681892656,0.03848494950710346
0.0003544455673970436,0.03927556893475381
0.0003618749812411277,0.04008208959248338
0.0003694601205199302,0.04090481695724757
0.0003772042493417001,0.04174406176754275
0.0003851107002325569,0.04260014008767965
0.000393182875570577,0.04347337337160129
0.0004014242490499318,0.04436408852616724
0.0004098383671757261,0.04527261797382676
0.0004184288507901585,0.04619929971459213
0.0004271993966306776,0.04714447738722649
0.0004361537789208006,0.04810850032955094
0.0004452958509942651,0.04909172363777303
0.0004546295469532399,0.05009450822473616
0.0004641588833612782,0.05111722087697879
0.0004738879609717651,0.05216023431049466
0.0004838209664925957,0.05322392722507563
0.0004939621743878316,0.05430868435711111
0.0005043159487171359,0.05541489653072129
0.0005148867450137498,0.05654296070708409
0.0005256791122018419,0.05769328003181995
0.0005366976945540476,0.05886626388028704
0.0005479472336900282,0.06006232790063271
0.0005594325706169377,0.06128189405444529
0.0005711586478126435,0.06252539065483809
0.0005831305113526219,0.06379325240179412
0.000595353313081437,0.0650859204145926
0.0006078323128297224,0.06640384226112783
0.0006205728806776501,0.06774747198393027
0.0006335804992658254,0.06911727012268287
0.0006468607661546321,0.07051370373302634
0.0006604193962330305,0.07193724640143384
0.0006742622241778335,0.07338837825592792
0.0006883952069645496,0.07486758597240661
0.0007028244264308353,0.07637536277633239
0.0007175560918936921,0.07791220843953317
0.000732596542821523,0.0794786292718539
0.0007479522515621828,0.08107513810738398
0.0007636298261282241,0.08270225428498423
0.0007796360130405237,0.08436050362282066
0.0007959777002314978,0.08605041838660199
0.0008126619200091946,0.08777253725121625
0.0008296958520834915,0.08952740525543856
0.0008470868266557402,0.09131557374938393
0.0008648423275731727,0.09313760033436025
0.0008829699955494083,0.09499404879476847
0.0009014776314524918,0.09688548902168759
0.000920373199661823,0.0988124969277675
0.000939664831495469,0.1007756543530454
0.0009593608287093146,0.1027755489612874
0.0009794696670695387,0.1048127741264454
0.001,0.1068879288088126
0.001020960662306047,0.1090016174204406
0.001042360673976401,0.11115444967938
0.001064209244064725,0.1133470404522889
0.001086515774652537,0.115580009584938
0.001109289864895223,0.1178539817201446
0.001132541315152813,0.1201695861026374
0.001156280131207375,0.1225274563703578
0.001180516528568806,0.1249282303316868
0.001205260936870841,0.1273725497280722
0.001230524004359262,0.1298610599815297
0.001256316602474122,0.13239440992647
0.00128264983052806,0.1349732515253043
0.001309535020482668,0.1375982395672655
0.001336983741824945,0.1402700313498723
0.001365007806546014,0.1429892863424616
0.001393619274224143,0.1457566658311972
0.001422830457214352,0.1485728325449652
0.001452653925946781,0.151438450261554
0.001483102514336103,0.1543541833935094
0.001514189325304352,0.1573206965530598
0.001545927736419478,0.1603386540954891
0.001578331405652117,0.1634087196403452
0.00161141427725302,0.1665315555698622
0.001645190587753661,0.1697078225039725
0.001679674872092653,0.1729381787512978
0.001714881969870541,0.1762232797354912
0.001750827031735723,0.1795637773963272
0.001787525525904235,0.1829603195649266
0.00182499324481615,0.1864135493125147
0.00186324631193156,0.1899241042721291
0.001902301188668946,0.1934926159326885
0.001942174681489024,0.1971197089048647
0.001982883949127072,0.2008060001582055
0.002024446509976802,0.2045520982289729
0.002066880249629082,0.2083586023981978
0.002110203428568597,0.2122261018394517
0.002154434690031882,0.2161551747358899
0.002199593068030075,0.2201463873661313
0.002245697995539772,0.2242002931585794
0.002292769312865649,0.2283174317138341
0.002340827276178294,0.2324983277948708
0.002389892566231048,0.2367434902847221
0.00243998629725955,0.2410534111114393
0.002491130026067791,0.2454285641401601
0.002543345761304648,0.2498694040321814
0.002596655972934872,0.2543763650709843
0.002651083601908536,0.2589498599552307
0.002706652070033241,0.2635902785588325
0.002763385290053173,0.2682979866582546
0.002821307675939471,0.2730733246273168
0.002880444153396298,0.2779166060998369
0.002940820170587061,0.2828281166005501
0.003002461709085549,0.2878081121448596
0.00306539529505653,0.2928568178080553
0.00312964801067075,0.2979744262647763
0.003195247505759214,0.3031610962996015
0.003262222009711667,0.3084169512897754
0.003330600343624588,0.3137420776612329
0.00340041193270371,0.3191365233191988
0.003471686818926559,0.3246002960548171
0.003544455673970436,0.3301333619294002
0.003618749812411277,0.3357356436380582
0.003694601205199302,0.3414070188546493
0.003772042493417001,0.3471473185601525
0.003851107002325569,0.3529563253567679
0.003931828755705771,0.3588337717702346
0.004014242490499318,0.364779338543048
0.004098383671757262,0.3707926529214922
0.004184288507901585,0.3768732869395801
0.004271993966306777,0.3830207557032514
0.004361537789208006,0.3892345156783826
0.004452958509942651,0.395513962986396
0.0045462954695324,0.4018584317115151
0.004641588833612782,0.4082671922239246
0.004738879609717651,0.4147394495233717
0.004838209664925958,0.4212743416079805
0.004939621743878316,0.4278709378732989
0.005043159487171359,0.4345282375468869
0.005148867450137497,0.4412451681639652
0.005256791122018419,0.4480205840899512
0.005366976945540477,0.4548532650959336
0.005479472336900281,0.4617419149933994
0.005594325706169377,0.4686851603348025
0.005711586478126435,0.4756815491867703
0.005831305113526219,0.4827295499830331
0.00595353313081437,0.4898275504643609
0.006078323128297224,0.496973856713027
0.0062057288067765,0.5041666922895496
0.006335804992658254,0.5114041974796266
0.006468607661546321,0.5186844286594048
0.006604193962330305,0.5260053577873609
0.006742622241778335,0.5333648720312283
0.006883952069645496,0.5407607735385425
0.007028244264308352,0.5481907793594478
0.007175560918936921,0.5556525215305153
0.00732596542821523,0.563143547328335
0.007479522515621813,0.5706613197016641
0.007636298261282242,0.5782032178908949
0.007796360130405237,0.5857665382435151
0.007959777002314978,0.5933484952341506
0.008126619200091946,0.6009462226976091
0.008296958520834915,0.6085567752831351
0.008470868266557402,0.6161771301378549
0.008648423275731726,0.6238041888270585
0.008829699955494083,0.6314347794985991
0.009014776314524917,0.6390656592982904
0.00920373199661823,0.6466935170426471
0.009396648314954691,0.6543149761547988
0.009593608287093146,0.6619265978687608
0.009794696670695385,0.6695248847065425
0.01,0.6771062842318378
0.01020960662306048,0.6846671930831525
0.01042360673976401,0.6922039612883528
0.01064209244064725,0.6997128968615908
0.01086515774652537,0.7071902706824975
0.01109289864895223,0.7146323216564041
0.01132541315152813,0.7220352621530941
0.01156280131207375,0.7293952837203193
0.01180516528568806,0.7367085630669212
0.01205260936870841,0.7439712683089513
0.01230524004359262,0.7511795654706923
0.01256316602474121,0.7583296252308762
0.0128264983052806,0.7654176299027923
0.01309535020482668,0.7724397806352694
0.01336983741824945,0.7793923048197859
0.01365007806546014,0.7862714636872128
0.01393619274224144,0.7930735600758609
0.01422830457214352,0.7997949463507199
0.01452653925946781,0.8064320324519277
0.01483102514336103,0.8129812940486895
0.01514189325304352,0.8194392807730755
0.01545927736419479,0.8258026245063247
0.01578331405652117,0.8320680476885776
0.0161141427725302,0.8382323716212794
0.01645190587753661,0.8442925247298986
0.01679674872092653,0.8502455507531369
0.01714881969870541,0.8560886168233902
0.01750827031735723,0.8618190214020065
0.01787525525904235,0.8674342020317694
0.0182499324481615,0.8729317428681109
0.0186324631193156,0.8783093819498436
0.01902301188668946,0.8835650181696433
0.01942174681489025,0.8886967179042545
0.01982883949127071,0.8937027212643174
0.02024446509976802,0.8985814479239372
0.02066880249629082,0.9033315024906298
0.02110203428568597,0.9079516793770472
0.02154434690031882,0.9124409671370193
0.02199593068030075,0.9167985522298547
0.02245697995539772,0.9210238221786077
0.02292769312865649,0.9251163680901213
0.02340827276178294,0.9290759865070771
0.02389892566231048,0.9329026805650739
0.0243998629725955,0.9365966604308666
0.02491130026067786,0.940158343001339
0.02543345761304648,0.9435883508465669
0.02596655972934872,0.9468875103843815
0.02651083601908536,0.9500568492782242
0.02706652070033241,0.9530975930546906
0.02763385290053173,0.9560111609420232
0.02821307675939471,0.9587991609358787
0.02880444153396298,0.9614633841039085
0.02940820170587061,0.9640057981460384
0.03002461709085549,0.9664285402327668
0.0306539529505653,0.9687339091492335
0.03129648010670751,0.9709243567782549
0.03195247505759213,0.9730024789608515
0.03262222009711666,0.9749710057780039
0.03330600343624589,0.9768327913023853
0.0340041193270371,0.9785908028735497
0.03471686818926559,0.9802481099544978
0.03544455673970436,0.9818078726315707
0.03618749812411277,0.983273329823231
0.03694601205199302,0.9846477872663993
0.03772042493417001,0.9859346053515592
0.03851107002325569,0.987137186879813
0.0393182875570577,0.9882589648163796
0.04014242490499318,0.9893033901156635
0.04098383671757262,0.990273919692962
0.04184288507901585,0.9911740046170763
0.04271993966306777,0.992007078596564
0.04361537789208006,0.992776546830092
0.04452958509942651,0.9934857752883465
0.04546295469532399,0.9941380804912378
0.04641588833612782,0.9947367198397337
0.04738879609717651,0.9952848825566161
0.04838209664925957,0.9957856812848159
0.04939621743878315,0.9962421443858219
0.05043159487171359,0.9966572089740324
0.05148867450137497,0.9970337147159215
0.05256791122018419,0.9973743984155947
0.05366976945540476,0.9976818894008179
0.05479472336900281,0.9979587057160132
0.05594325706169378,0.9982072511211226
0.05711586478126435,0.9984298128877548
0.05831305113526219,0.9986285603767479
0.0595353313081437,0.9988055443743101
0.06078323128297224,0.9989626971573252
0.062057288067765,0.9991018332523275
0.06335804992658255,0.9992246508471483
0.0646860766154632,0.999332733809365
0.06604193962330306,0.999427554261533
0.06742622241778336,0.9995104756597681
0.06883952069645496,0.9995827563196379
0.07028244264308353,0.9996455533315043
0.07175560918936921,0.99969992680647
0.0732596542821523,0.9997468443938885
0.07479522515621813,0.9997871860119895
0.07636298261282241,0.999821748734508
0.07796360130405237,0.9998512517782338
0.07959777002314977,0.9998763415390594
0.08126619200091946,0.9998975966273308
0.08296958520834916,0.9999155328570021
0.08470868266557402,0.9999306081472001
0.08648423275731726,0.9999432272992017
0.08829699955494083,0.9999537466164408
0.09014776314524918,0.999962478339899
0.09203731996618231,0.9999696948759934
0.09396648314954691,0.9999756327987841
0.09593608287093147,0.9999804966129007
0.09794696670695385,0.9999844622679507
0.1,0.9999876804192761
0.1020960662306048,0.9999902794337009
0.1042360673976401,0.9999923681423325
0.1064209244064725,0.9999940383455019
0.1086515774652537,0.9999953670775442
0.1109289864895223,0.9999964186413102
0.1132541315152813,0.9999972464240792
0.1156280131207375,0.999997894507906
0.1180516528568806,0.999998399088416
0.1205260936870841,0.9999987897166792
0.1230524004359262,0.9999990903790761
0.1256316602474122,0.999999320430067
0.128264983052806,0.999999495392503
0.1309535020482668,0.9999996276396435
0.1336983741824945,0.9999997269723864
0.1365007806546014,0.9999998011044274
0.1393619274224144,0.9999998560671716
0.1422830457214352,0.9999998965452682
0.1452653925946781,0.9999999261526525
0.1483102514336103,0.9999999476579803
0.1514189325304352,0.9999999631673675
0.1545927736419478,0.9999999742714047
0.1578331405652116,0.9999999821625253
0.161141427725302,0.9999999877279763
0.1645190587753661,0.9999999916228821
0.1679674872092653,0.9999999943272017
0.1714881969870541,0.9999999961897675
0.1750827031735723,0.9999999974620525
0.1787525525904236,0.9999999983238422
0.182499324481615,0.9999999989025854
0.186324631193156,0.9999999992878509
0.1902301188668946,0.9999999995420323
0.1942174681489025,0.9999999997082037
0.1982883949127071,0.9999999998158289
0.2024446509976802,0.9999999998848739
0.2066880249629082,0.9999999999287393
0.2110203428568597,0.9999999999563325
0.2154434690031882,0.9999999999735144
0.2199593068030075,0.9999999999841033
0.2245697995539772,0.9999999999905602
0.2292769312865649,0.9999999999944554
0.2340827276178294,0.9999999999967795
0.2389892566231048,0.9999999999981505
0.243998629725955,0.9999999999989502
0.2491130026067786,0.9999999999994111
0.2543345761304648,0.9999999999996736
0.2596655972934873,0.9999999999998214
0.2651083601908536,0.9999999999999034
0.2706652070033241,0.9999999999999485
0.2763385290053172,0.9999999999999729
0.2821307675939471,0.9999999999999859
0.2880444153396298,0.9999999999999928
0.2940820170587061,0.9999999999999963
0.3002461709085549,0.9999999999999982
0.306539529505653,0.9999999999999991
0.312964801067075,0.9999999999999996
0.3195247505759213,0.9999999999999998
0.3262222009711667,0.9999999999999999
0.3330600343624588,1
0.340041193270371,1
0.3471686818926559,1
0.3544455673970436,1
0.3618749812411277,1
0.3694601205199303,1
0.3772042493417002,1
0.3851107002325569,1
0.393182875570577,1
0.4014242490499318,1
0.4098383671757261,1
0.4184288507901585,1
0.4271993966306777,1
0.4361537789208006,1
0.4452958509942651,1
0.4546295469532399,1
0.4641588833612782,1
0.4738879609717651,1
0.4838209664925957,1
0.4939621743878316,1
0.5043159487171359,1
0.5148867450137498,1
0.5256791122018419,1
0.5366976945540476,1
0.5479472336900282,1
0.5594325706169377,1
0.5711586478126435,1
0.5831305113526218,1
0.595353313081437,1
0.6078323128297224,1
0.62057288067765,1
0.6335804992658254,1
0.6468607661546321,1
0.6604193962330305,1
0.6742622241778335,1
0.6883952069645496,1
0.7028244264308353,1
0.7175560918936921,1
0.732596542821523,1
0.7479522515621814,1
0.7636298261282242,1
0.7796360130405237,1
0.7959777002314977,1
0.8126619200091946,1
0.8296958520834898,1
0.8470868266557402,1
0.8648423275731727,1
0.8829699955494082,1
0.9014776314524917,1
0.9203731996618231,1
0.9396648314954691,1
0.9593608287093147,1
0.9794696670695385,1
1,1
1.020960662306048,1
1.042360673976403,1
1.064209244064722,1
1.086515774652537,1
1.109289864895223,1
1.132541315152813,1
1.156280131207378,1
1.180516528568803,1
1.205260936870841,1
1.230524004359262,1
1.256316602474121,1
1.282649830528062,1
1.309535020482665,1
1.336983741824945,1
1.365007806546014,1
1.393619274224144,1
1.422830457214355,1
1.452653925946778,1
1.483102514336103,1
1.514189325304352,1
1.545927736419479,1
1.57833140565212,1
1.611414277253017,1
1.645190587753661,1
1.679674872092653,1
1.714881969870541,1
1.750827031735727,1
1.787525525904232,1
1.824993244816151,1
1.86324631193156,1
1.902301188668946,1
1.942174681489028,1
1.982883949127067,1
2.024446509976802,1
2.066880249629082,1
2.110203428568596,1
2.154434690031886,1
2.19959306803007,1
2.245697995539772,1
2.292769312865649,1
2.340827276178294,1
2.389892566231053,1
2.439986297259545,1
2.491130026067786,1
2.543345761304648,1
2.596655972934872,1
2.651083601908542,1
2.706652070033236,1
2.763385290053167,1
2.821307675939471,1
2.880444153396298,1
2.940820170587067,1
3.002461709085543,1
3.065395295056524,1
3.12964801067075,1
3.195247505759214,1
3.262222009711673,1
3.330600343624582,1
3.400411932703703,1
3.47168681892656,1
3.544455673970436,1
3.618749812411284,1
3.694601205199295,1
3.772042493416994,1
3.851107002325569,1
3.93182875570577,1
4.014242490499326,1
4.098383671757253,1
4.184288507901576,1
4.271993966306777,1
4.361537789208006,1
4.45295850994266,1
4.54629546953239,1
4.641588833612772,1
4.738879609717651,1
4.838209664925957,1
4.939621743878326,1
5.043159487171349,1
5.148867450137487,1
5.256791122018419,1
5.366976945540476,1
5.479472336900293,1
5.594325706169389,1
5.711586478126423,1
5.831305113526219,1
5.95353313081437,1
6.078323128297236,1
6.205728806776513,1
6.335804992658241,1
6.46860766154632,1
6.604193962330306,1
6.742622241778349,1
6.883952069645511,1
7.028244264308339,1
7.175560918936921,1
7.32596542821523,1
7.479522515621829,1
7.636298261282257,1
7.796360130405221,1
7.959777002314977,1
8.126619200091946,1
8.296958520834915,1
8.470868266557419,1
8.648423275731709,1
8.829699955494084,1
9.014776314524918,1
9.203731996618231,1
9.39664831495471,1
9.593608287093128,1
9.794696670695386,1
10,1
