#Normal aproximation vs Original set
#Normal(x), Normal(CDF)
1e-08,0.4000694894063531
1.020960662306048e-08,0.4000694917240134
1.042360673976401e-08,0.4000694940902534
1.064209244064725e-08,0.4000694965060913
1.086515774652537e-08,0.4000694989725668
1.109289864895223e-08,0.4000695014907413
1.132541315152813e-08,0.4000695040616983
1.156280131207375e-08,0.4000695066865444
1.180516528568806e-08,0.4000695093664089
1.205260936870841e-08,0.4000695121024452
1.230524004359262e-08,0.4000695148958306
1.256316602474122e-08,0.4000695177477673
1.28264983052806e-08,0.4000695206594824
1.309535020482668e-08,0.4000695236322291
1.336983741824945e-08,0.4000695266672865
1.365007806546014e-08,0.4000695297659607
1.393619274224144e-08,0.4000695329295851
1.422830457214352e-08,0.4000695361595212
1.452653925946781e-08,0.400069539457159
1.483102514336103e-08,0.4000695428239173
1.514189325304352e-08,0.4000695462612452
1.545927736419478e-08,0.4000695497706218
1.578331405652117e-08,0.4000695533535573
1.61141427725302e-08,0.4000695570115934
1.645190587753661e-08,0.4000695607463045
1.679674872092653e-08,0.4000695645592975
1.714881969870541e-08,0.4000695684522134
1.750827031735723e-08,0.4000695724267275
1.787525525904235e-08,0.4000695764845499
1.824993244816151e-08,0.400069580627427
1.86324631193156e-08,0.4000695848571417
1.902301188668946e-08,0.4000695891755139
1.942174681489025e-08,0.4000695935844021
1.982883949127072e-08,0.4000695980857035
2.024446509976802e-08,0.4000696026813552
2.066880249629082e-08,0.4000696073733347
2.110203428568597e-08,0.4000696121636614
2.154434690031882e-08,0.4000696170543965
2.199593068030075e-08,0.4000696220476446
2.245697995539776e-08,0.4000696271455545
2.292769312865649e-08,0.40006963235032
2.340827276178294e-08,0.4000696376641809
2.389892566231048e-08,0.4000696430894238
2.43998629725955e-08,0.4000696486283834
2.491130026067791e-08,0.4000696542834433
2.543345761304648e-08,0.400069660057037
2.596655972934873e-08,0.4000696659516492
2.651083601908536e-08,0.4000696719698162
2.706652070033241e-08,0.4000696781141281
2.763385290053173e-08,0.4000696843872289
2.821307675939471e-08,0.400069690791818
2.880444153396298e-08,0.4000696973306517
2.940820170587061e-08,0.4000697040065435
3.002461709085549e-08,0.4000697108223666
3.06539529505653e-08,0.4000697177810538
3.12964801067075e-08,0.4000697248855998
3.195247505759214e-08,0.4000697321390618
3.262222009711667e-08,0.4000697395445612
3.330600343624589e-08,0.4000697471052849
3.40041193270371e-08,0.4000697548244863
3.471686818926559e-08,0.4000697627054873
3.544455673970436e-08,0.4000697707516794
3.618749812411276e-08,0.400069778966525
3.694601205199302e-08,0.4000697873535593
3.772042493417001e-08,0.4000697959163915
3.851107002325569e-08,0.4000698046587063
3.93182875570577e-08,0.4000698135842659
4.014242490499318e-08,0.4000698226969111
4.098383671757262e-08,0.4000698320005635
4.184288507901584e-08,0.4000698414992267
4.271993966306777e-08,0.4000698511969882
4.361537789208006e-08,0.4000698610980213
4.45295850994266e-08,0.4000698712065867
4.546295469532399e-08,0.4000698815270343
4.641588833612782e-08,0.4000698920638054
4.738879609717651e-08,0.4000699028214344
4.838209664925958e-08,0.4000699138045504
4.939621743878326e-08,0.4000699250178799
5.043159487171359e-08,0.4000699364662483
5.148867450137498e-08,0.4000699481545821
5.256791122018419e-08,0.4000699600879113
5.366976945540476e-08,0.400069972271371
5.479472336900293e-08,0.4000699847102043
5.594325706169378e-08,0.4000699974097638
5.711586478126435e-08,0.4000700103755146
5.831305113526219e-08,0.4000700236130363
5.95353313081437e-08,0.4000700371280252
6.078323128297236e-08,0.4000700509262975
6.2057288067765e-08,0.4000700650137908
6.335804992658255e-08,0.4000700793965674
6.46860766154632e-08,0.4000700940808167
6.604193962330306e-08,0.4000701090728577
6.742622241778349e-08,0.400070124379142
6.883952069645497e-08,0.4000701400062563
7.028244264308353e-08,0.4000701559609254
7.175560918936921e-08,0.4000701722500151
7.32596542821523e-08,0.4000701888805351
7.479522515621828e-08,0.400070205859642
7.636298261282242e-08,0.4000702231946425
7.796360130405237e-08,0.4000702408929961
7.959777002314978e-08,0.4000702589623193
8.126619200091946e-08,0.4000702774103877
8.296958520834915e-08,0.40007029624514
8.470868266557402e-08,0.4000703154746814
8.648423275731727e-08,0.4000703351072871
8.829699955494083e-08,0.4000703551514053
9.014776314524918e-08,0.4000703756156619
9.20373199661823e-08,0.4000703965088631
9.396648314954691e-08,0.40007041784
9.593608287093146e-08,0.4000704396182518
9.794696670695386e-08,0.4000704618529907
1e-07,0.4000704845537846
1.020960662306048e-07,0.4000705077304026
1.042360673976401e-07,0.4000705313928183
1.064209244064725e-07,0.4000705555512142
1.086515774652537e-07,0.4000705802159865
1.109289864895223e-07,0.4000706053977492
1.132541315152813e-07,0.4000706311073388
1.156280131207375e-07,0.4000706573558187
1.180516528568806e-07,0.4000706841544848
1.205260936870841e-07,0.4000707115148689
1.230524004359261e-07,0.4000707394487455
1.256316602474121e-07,0.4000707679681351
1.28264983052806e-07,0.4000707970853106
1.309535020482668e-07,0.4000708268128019
1.336983741824945e-07,0.4000708571634017
1.365007806546014e-07,0.4000708881501709
1.393619274224144e-07,0.4000709197864439
1.422830457214352e-07,0.4000709520858348
1.452653925946781e-07,0.400070985062243
1.483102514336103e-07,0.4000710187298593
1.514189325304352e-07,0.4000710531031719
1.545927736419479e-07,0.4000710881969727
1.578331405652117e-07,0.4000711240263637
1.61141427725302e-07,0.4000711606067633
1.645190587753661e-07,0.4000711979539132
1.679674872092653e-07,0.400071236083885
1.714881969870541e-07,0.4000712750130873
1.750827031735723e-07,0.4000713147582724
1.787525525904236e-07,0.400071355336544
1.824993244816151e-07,0.4000713967653643
1.86324631193156e-07,0.4000714390625611
1.902301188668946e-07,0.4000714822463365
1.942174681489024e-07,0.4000715263352736
1.982883949127071e-07,0.4000715713483454
2.024446509976802e-07,0.4000716173049222
2.066880249629082e-07,0.4000716642247809
2.110203428568597e-07,0.4000717121281124
2.154434690031882e-07,0.4000717610355309
2.199593068030075e-07,0.400071810968083
2.245697995539772e-07,0.4000718619472561
2.292769312865649e-07,0.4000719139949882
2.340827276178294e-07,0.4000719671336771
2.389892566231048e-07,0.4000720213861899
2.43998629725955e-07,0.4000720767758734
2.491130026067786e-07,0.4000721333265634
2.543345761304648e-07,0.4000721910625955
2.596655972934872e-07,0.4000722500088153
2.651083601908536e-07,0.4000723101905893
2.706652070033241e-07,0.4000723716338155
2.763385290053167e-07,0.400072434364935
2.82130767593947e-07,0.400072498410943
2.880444153396298e-07,0.4000725637994005
2.940820170587061e-07,0.4000726305584463
3.002461709085549e-07,0.4000726987168088
3.065395295056524e-07,0.400072768303819
3.12964801067075e-07,0.4000728393494223
3.195247505759214e-07,0.4000729118841919
3.262222009711673e-07,0.4000729859393418
3.330600343624589e-07,0.4000730615467404
3.400411932703703e-07,0.4000731387389241
3.471686818926559e-07,0.400073217549111
3.544455673970435e-07,0.4000732980112159
3.618749812411284e-07,0.4000733801598642
3.694601205199302e-07,0.4000734640304071
3.772042493416994e-07,0.4000735496589369
3.851107002325569e-07,0.4000736370823023
3.93182875570577e-07,0.4000737263381245
4.014242490499326e-07,0.4000738174648133
4.098383671757261e-07,0.4000739105015835
4.184288507901585e-07,0.4000740054884718
4.271993966306776e-07,0.4000741024663543
4.361537789208006e-07,0.4000742014769638
4.45295850994266e-07,0.4000743025629079
4.5462954695324e-07,0.4000744057676872
4.641588833612782e-07,0.4000745111357142
4.738879609717651e-07,0.4000746187123325
4.838209664925957e-07,0.4000747285438356
4.939621743878326e-07,0.4000748406774881
5.043159487171359e-07,0.4000749551615446
5.148867450137498e-07,0.4000750720452716
5.25679112201842e-07,0.4000751913789681
5.366976945540476e-07,0.4000753132139876
5.479472336900293e-07,0.4000754376027599
5.594325706169378e-07,0.4000755645988137
5.711586478126435e-07,0.4000756942567998
5.831305113526218e-07,0.4000758266325145
5.95353313081437e-07,0.4000759617829236
6.078323128297237e-07,0.4000760997661873
6.205728806776501e-07,0.4000762406416843
6.335804992658255e-07,0.4000763844700386
6.468607661546321e-07,0.4000765313131444
6.604193962330305e-07,0.4000766812341934
6.742622241778349e-07,0.4000768342977022
6.883952069645496e-07,0.4000769905695394
7.028244264308353e-07,0.4000771501169542
7.175560918936921e-07,0.4000773130086057
7.32596542821523e-07,0.4000774793145921
7.479522515621828e-07,0.4000776491064807
7.636298261282241e-07,0.4000778224573394
7.796360130405236e-07,0.4000779994417671
7.959777002314978e-07,0.4000781801359268
8.126619200091945e-07,0.4000783646175779
8.296958520834915e-07,0.4000785529661095
8.470868266557403e-07,0.4000787452625751
8.648423275731727e-07,0.400078941589727
8.829699955494083e-07,0.4000791420320521
9.014776314524917e-07,0.4000793466758082
9.20373199661823e-07,0.4000795556090613
9.396648314954691e-07,0.4000797689217232
9.593608287093148e-07,0.4000799867055906
9.794696670695385e-07,0.4000802090543841
1e-06,0.400080436063789
1.020960662306047e-06,0.4000806678314963
1.042360673976401e-06,0.4000809044572444
1.064209244064725e-06,0.4000811460428629
1.086515774652537e-06,0.4000813926923154
1.109289864895223e-06,0.4000816445117448
1.132541315152813e-06,0.4000819016095192
1.156280131207375e-06,0.4000821640962778
1.180516528568805e-06,0.4000824320849793
1.205260936870841e-06,0.4000827056909501
1.230524004359262e-06,0.4000829850319337
1.256316602474121e-06,0.4000832702281422
1.28264983052806e-06,0.4000835614023071
1.309535020482668e-06,0.4000838586797326
1.336983741824945e-06,0.4000841621883495
1.365007806546014e-06,0.4000844720587704
1.393619274224143e-06,0.4000847884243454
1.422830457214352e-06,0.40008511142122
1.452653925946781e-06,0.4000854411883936
1.483102514336103e-06,0.400085777867779
1.514189325304352e-06,0.4000861216042639
1.545927736419479e-06,0.4000864725457731
1.57833140565212e-06,0.400086830843332
1.61141427725302e-06,0.4000871966511318
1.645190587753661e-06,0.4000875701265958
1.679674872092653e-06,0.4000879514304472
1.714881969870541e-06,0.4000883407267781
1.750827031735727e-06,0.4000887381831203
1.787525525904235e-06,0.4000891439705175
1.82499324481615e-06,0.4000895582635985
1.86324631193156e-06,0.400089981240653
1.902301188668946e-06,0.4000904130837076
1.942174681489028e-06,0.4000908539786046
1.982883949127071e-06,0.4000913041150821
2.024446509976802e-06,0.4000917636868552
2.066880249629082e-06,0.4000922328916998
2.110203428568597e-06,0.4000927119315374
2.154434690031886e-06,0.4000932010125224
2.199593068030075e-06,0.4000937003451305
2.245697995539772e-06,0.4000942101442493
2.292769312865649e-06,0.4000947306292709
2.340827276178294e-06,0.4000952620241862
2.389892566231052e-06,0.4000958045576819
2.43998629725955e-06,0.4000963584632378
2.491130026067786e-06,0.4000969239792285
2.543345761304648e-06,0.4000975013490249
2.596655972934872e-06,0.4000980908210999
2.651083601908542e-06,0.4000986926491349
2.706652070033241e-06,0.4000993070921288
2.763385290053167e-06,0.40009993441451
2.821307675939471e-06,0.4001005748862497
2.880444153396298e-06,0.4001012287829785
2.940820170587067e-06,0.4001018963861048
3.002461709085549e-06,0.4001025779829359
3.065395295056524e-06,0.4001032738668019
3.129648010670751e-06,0.400103984337182
3.195247505759214e-06,0.4001047096998328
3.262222009711673e-06,0.4001054502669208
3.330600343624589e-06,0.400106206357156
3.400411932703702e-06,0.4001069782959296
3.47168681892656e-06,0.4001077664154538
3.544455673970436e-06,0.4001085710549049
3.618749812411284e-06,0.4001093925605694
3.694601205199302e-06,0.4001102312859927
3.772042493416993e-06,0.4001110875921317
3.851107002325569e-06,0.40011196184751
3.93182875570577e-06,0.4001128544283764
4.014242490499326e-06,0.4001137657188673
4.098383671757261e-06,0.4001146961111716
4.184288507901576e-06,0.4001156460056997
4.271993966306777e-06,0.4001166158112558
4.361537789208005e-06,0.4001176059452142
4.45295850994266e-06,0.4001186168336985
4.5462954695324e-06,0.4001196489117654
4.641588833612773e-06,0.4001207026235918
4.738879609717651e-06,0.4001217784226662
4.838209664925957e-06,0.4001228767719835
4.939621743878326e-06,0.400123998144245
5.043159487171359e-06,0.4001251430220615
5.148867450137487e-06,0.4001263118981607
5.25679112201842e-06,0.4001275052756002
5.366976945540476e-06,0.4001287236679833
5.479472336900293e-06,0.4001299675996806
5.594325706169378e-06,0.4001312376060555
5.711586478126423e-06,0.4001325342336948
5.831305113526219e-06,0.4001338580406438
5.95353313081437e-06,0.4001352095966472
6.078323128297237e-06,0.4001365894833935
6.205728806776501e-06,0.4001379982947661
6.335804992658241e-06,0.4001394366370989
6.468607661546321e-06,0.4001409051294371
6.604193962330305e-06,0.400142404403804
6.742622241778349e-06,0.4001439351054729
6.883952069645496e-06,0.4001454978932452
7.028244264308338e-06,0.4001470934397339
7.175560918936921e-06,0.4001487224316533
7.32596542821523e-06,0.4001503855701146
7.479522515621829e-06,0.4001520835709277
7.636298261282242e-06,0.4001538171649097
7.796360130405221e-06,0.4001555870981996
7.959777002314978e-06,0.4001573941325792
8.126619200091945e-06,0.4001592390458015
8.296958520834915e-06,0.4001611226319255
8.470868266557402e-06,0.4001630457016583
8.648423275731709e-06,0.4001650090827037
8.829699955494083e-06,0.4001670136201195
9.014776314524917e-06,0.4001690601766805
9.20373199661823e-06,0.4001711496332508
9.396648314954691e-06,0.4001732828891628
9.593608287093147e-06,0.4001754608626045
9.794696670695386e-06,0.400177684491015
1e-05,0.4001799547314883
1.020960662306048e-05,0.4001822725611854
1.042360673976401e-05,0.4001846389777555
1.064209244064725e-05,0.4001870549997649
1.086515774652537e-05,0.4001895216671368
1.109289864895223e-05,0.4001920400415983
1.132541315152813e-05,0.4001946112071381
1.156280131207375e-05,0.4001972362704734
1.180516528568806e-05,0.4001999163615267
1.205260936870841e-05,0.4002026526339124
1.230524004359262e-05,0.4002054462654336
1.256316602474121e-05,0.4002082984585897
1.28264983052806e-05,0.4002112104410945
1.309535020482668e-05,0.4002141834664046
1.336983741824945e-05,0.4002172188142601
1.365007806546014e-05,0.4002203177912353
1.393619274224143e-05,0.4002234817313018
1.422830457214352e-05,0.4002267119964035
1.452653925946781e-05,0.400230009977043
1.483102514336103e-05,0.4002333770928809
1.514189325304352e-05,0.4002368147933474
1.545927736419479e-05,0.4002403245582668
1.578331405652116e-05,0.4002439078984954
1.61141427725302e-05,0.4002475663565723
1.645190587753661e-05,0.4002513015073837
1.679674872092653e-05,0.4002551149588427
1.714881969870541e-05,0.4002590083525809
1.750827031735727e-05,0.4002629833646566
1.787525525904236e-05,0.400267041706277
1.82499324481615e-05,0.4002711851245359
1.86324631193156e-05,0.4002754154031657
1.902301188668946e-05,0.4002797343633077
1.942174681489028e-05,0.4002841438642958
1.982883949127071e-05,0.4002886458044585
2.024446509976802e-05,0.4002932421219371
2.066880249629082e-05,0.4002979347955208
2.110203428568597e-05,0.4003027258455005
2.154434690031887e-05,0.4003076173345387
2.199593068030075e-05,0.4003126113685597
2.245697995539772e-05,0.4003177100976566
2.292769312865649e-05,0.4003229157170192
2.340827276178294e-05,0.4003282304678797
2.389892566231053e-05,0.4003336566384795
2.43998629725955e-05,0.4003391965650557
2.491130026067786e-05,0.4003448526328484
2.543345761304648e-05,0.4003506272771297
2.596655972934872e-05,0.4003565229842534
2.651083601908542e-05,0.4003625422927276
2.706652070033241e-05,0.4003686877943092
2.763385290053167e-05,0.4003749621351221
2.821307675939471e-05,0.4003813680167984
2.880444153396298e-05,0.4003879081976434
2.940820170587067e-05,0.4003945854938261
3.002461709085549e-05,0.4004014027805936
3.065395295056524e-05,0.4004083629935112
3.12964801067075e-05,0.4004154691297298
3.195247505759214e-05,0.4004227242492782
3.262222009711673e-05,0.4004301314763837
3.330600343624589e-05,0.4004376940008206
3.400411932703703e-05,0.4004454150792859
3.471686818926559e-05,0.4004532980368052
3.544455673970435e-05,0.4004613462681678
3.618749812411284e-05,0.4004695632393915
3.694601205199302e-05,0.4004779524892191
3.772042493416993e-05,0.4004865176306454
3.851107002325569e-05,0.4004952623524772
3.93182875570577e-05,0.4005041904209257
4.014242490499326e-05,0.4005133056812325
4.098383671757261e-05,0.4005226120593298
4.184288507901576e-05,0.4005321135635358
4.271993966306776e-05,0.4005418142862853
4.361537789208006e-05,0.4005517184058973
4.45295850994266e-05,0.4005618301883793
4.5462954695324e-05,0.4005721539892703
4.641588833612772e-05,0.4005826942555217
4.738879609717651e-05,0.4005934555274187
4.838209664925957e-05,0.4006044424405416
4.939621743878326e-05,0.4006156597277687
5.043159487171359e-05,0.4006271122213214
5.148867450137487e-05,0.400638804854852
5.256791122018419e-05,0.4006507426655765
5.366976945540476e-05,0.400662930796451
5.479472336900293e-05,0.4006753744983953
5.594325706169377e-05,0.4006880791325622
5.711586478126424e-05,0.4007010501726556
5.831305113526218e-05,0.4007142932072971
5.95353313081437e-05,0.4007278139424427
6.078323128297237e-05,0.4007416182038497
6.2057288067765e-05,0.4007557119395969
6.335804992658241e-05,0.4007701012226572
6.468607661546321e-05,0.4007847922535243
6.604193962330305e-05,0.4007997913628957
6.742622241778349e-05,0.4008151050144115
6.883952069645496e-05,0.4008307398074514
7.028244264308338e-05,0.4008467024799909
7.175560918936922e-05,0.4008629999115172
7.32596542821523e-05,0.4008796391260075
7.479522515621829e-05,0.4008966272949698
7.636298261282242e-05,0.4009139717405477
7.79636013040522e-05,0.4009316799386914
7.959777002314978e-05,0.4009497595223954
8.126619200091945e-05,0.4009682182850044
8.296958520834916e-05,0.4009870641835897
8.470868266557403e-05,0.4010063053423962
8.648423275731709e-05,0.4010259500563634
8.829699955494083e-05,0.4010460067947195
9.014776314524917e-05,0.4010664842046527
9.203731996618231e-05,0.40108739111506
9.39664831495469e-05,0.4011087365403744
9.593608287093147e-05,0.4011305296844744
9.794696670695385e-05,0.4011527799446758
0.0001,0.4011754969158072
0.0001020960662306048,0.4011986903943735
0.0001042360673976401,0.4012223703828059
0.0001064209244064725,0.4012465470938033
0.0001086515774652537,0.4012712309547648
0.0001109289864895223,0.4012964326123167
0.0001132541315152813,0.4013221629369352
0.0001156280131207375,0.4013484330276674
0.0001180516528568806,0.401375254216952
0.0001205260936870841,0.401402638075543
0.0001230524004359262,0.4014305964175373
0.0001256316602474122,0.4014591413055089
0.000128264983052806,0.4014882850557532
0.0001309535020482668,0.401518040243641
0.0001336983741824945,0.4015484197090881
0.0001365007806546014,0.4015794365621392
0.0001393619274224143,0.4016111041886725
0.0001422830457214352,0.4016434362562238
0.0001452653925946781,0.4016764467199354
0.0001483102514336103,0.4017101498286315
0.0001514189325304352,0.401744560131023
0.0001545927736419478,0.4017796924820434
0.0001578331405652116,0.4018155620493211
0.000161141427725302,0.4018521843197879
0.0001645190587753661,0.40188957510643
0.0001679674872092653,0.4019277505551813
0.0001714881969870541,0.4019667271519647
0.0001750827031735723,0.4020065217298831
0.0001787525525904235,0.4020471514765636
0.0001824993244816151,0.4020886339416587
0.000186324631193156,0.4021309870445079
0.0001902301188668946,0.4021742290819622
0.0001942174681489025,0.4022183787363755
0.0001982883949127071,0.4022634550837684
0.0002024446509976802,0.4023094776021642
0.0002066880249629082,0.4023564661801047
0.0002110203428568597,0.4024044411253479
0.0002154434690031882,0.4024534231737508
0.0002199593068030075,0.4025034334983436
0.0002245697995539772,0.4025544937185976
0.0002292769312865649,0.402606625909891
0.0002340827276178294,0.402659852613179
0.0002389892566231048,0.4027141968448695
0.000243998629725955,0.4027696821069118
0.0002491130026067791,0.4028263323971008
0.0002543345761304648,0.4028841722196032
0.0002596655972934873,0.4029432265957092
0.0002651083601908536,0.4030035210748146
0.0002706652070033241,0.4030650817456402
0.0002763385290053172,0.4031279352476906
0.0002821307675939471,0.4031921087829614
0.0002880444153396298,0.403257630127896
0.000294082017058706,0.4033245276456019
0.0003002461709085549,0.4033928302983287
0.000306539529505653,0.4034625676602149
0.000312964801067075,0.4035337699303101
0.0003195247505759214,0.4036064679458774
0.0003262222009711667,0.4036806931959828
0.0003330600343624589,0.4037564778353782
0.000340041193270371,0.4038338546986831
0.000347168681892656,0.4039128573148744
0.0003544455673970436,0.4039935199220872
0.0003618749812411277,0.4040758774827373
0.0003694601205199302,0.4041599656989694
0.0003772042493417001,0.4042458210284411
0.0003851107002325569,0.4043334807004471
0.000393182875570577,0.4044229827323932
0.0004014242490499318,0.404514365946628
0.0004098383671757261,0.4046076699876387
0.0004184288507901585,0.4047029353396195
0.0004271993966306776,0.4048002033444227
0.0004361537789208006,0.404899516219898
0.0004452958509942651,0.4050009170786312
0.0004546295469532399,0.4051044499470897
0.0004641588833612782,0.4052101597851845
0.0004738879609717651,0.4053180925062574
0.0004838209664925957,0.4054282949975035
0.0004939621743878316,0.4055408151408384
0.0005043159487171359,0.4056557018342197
0.0005148867450137498,0.4057730050134336
0.0005256791122018419,0.4058927756743563
0.0005366976945540476,0.4060150658957013
0.0005479472336900282,0.4061399288622626
0.0005594325706169377,0.4062674188886664
0.0005711586478126435,0.4063975914436406
0.0005831305113526219,0.4065305031748155
0.000595353313081437,0.406666211934067
0.0006078323128297224,0.4068047768034128
0.0006205728806776501,0.4069462581214769
0.0006335804992658254,0.4070907175105326
0.0006468607661546321,0.4072382179041381
0.0006604193962330305,0.4073888235753778
0.0006742622241778335,0.4075426001657216
0.0006883952069645496,0.4076996147145188
0.0007028244264308353,0.4078599356891373
0.0007175560918936921,0.4080236330157647
0.000732596542821523,0.4081907781108859
0.0007479522515621828,0.4083614439134514
0.0007636298261282241,0.4085357049177518
0.0007796360130405237,0.408713637207015
0.0007959777002314978,0.4088953184877418
0.0008126619200091946,0.4090808281247953
0.0008296958520834915,0.4092702471772624
0.0008470868266557402,0.4094636584351036
0.0008648423275731727,0.4096611464566083
0.0008829699955494083,0.4098627976066743
0.0009014776314524918,0.4100687000959291
0.000920373199661823,0.4102789440207106
0.000939664831495469,0.4104936214039292
0.0009593608287093146,0.4107128262368261
0.0009794696670695387,0.4109366545216522
0.001,0.4111652043152831
0.001020960662306047,0.4113985757737952
0.001042360673976401,0.4116368711980197
0.001064209244064725,0.4118801950800989
0.001086515774652537,0.4121286541510636
0.001109289864895223,0.412382357429457
0.001132541315152813,0.4126414162710242
0.001156280131207375,0.412905944419492
0.001180516528568806,0.4131760580584626
0.001205260936870841,0.4134518758644428
0.001230524004359262,0.4137335190610354
0.001256316602474122,0.414021111474315
0.00128264983052806,0.414314779589414
0.001309535020482668,0.4146146526083438
0.001336983741824945,0.4149208625090776
0.001365007806546014,0.4152335441059182
0.001393619274224143,0.4155528351111807
0.001422830457214352,0.4158788761982133
0.001452653925946781,0.4162118110657854
0.001483102514336103,0.4165517865038695
0.001514189325304352,0.4168989524608436
0.001545927736419478,0.4172534621121439
0.001578331405652117,0.4176154719303936
0.00161141427725302,0.4179851417570377
0.001645190587753661,0.4183626348755122
0.001679674872092653,0.418748118085975
0.001714881969870541,0.4191417617816287
0.001750827031735723,0.4195437400266639
0.001787525525904235,0.4199542306358517
0.00182499324481615,0.4203734152558141
0.00186324631193156,0.4208014794480016
0.001902301188668946,0.4212386127734075
0.001942174681489024,0.4216850088790453
0.001982883949127072,0.4221408655862209
0.002024446509976802,0.4226063849806245
0.002066880249629082,0.4230817735042723
0.002110203428568597,0.4235672420493239
0.002154434690031882,0.4240630060538031
0.002199593068030075,0.4245692855992471
0.002245697995539772,0.4250863055103109
0.002292769312865649,0.4256142954563498
0.002340827276178294,0.4261534900550044
0.002389892566231048,0.4267041289778098
0.00243998629725955,0.4272664570578507
0.002491130026067791,0.427840724399481
0.002543345761304648,0.4284271864901258
0.002596655972934872,0.4290261043141834
0.002651083601908536,0.4296377444690385
0.002706652070033241,0.4302623792832007
0.002763385290053173,0.4309002869365763
0.002821307675939471,0.4315517515828799
0.002880444153396298,0.43221706347419
0.002940820170587061,0.432896519087647
0.003002461709085549,0.4335904212542921
0.00306539529505653,0.4342990792900376
0.00312964801067075,0.4350228091287576
0.003195247505759214,0.4357619334574824
0.003262222009711667,0.4365167818536736
0.003330600343624588,0.437287690924554
0.00340041193270371,0.4380750044484565
0.003471686818926559,0.4388790735181531
0.003544455673970436,0.4397002566861163
0.003618749812411277,0.4405389201116546
0.003694601205199302,0.4413954377098633
0.003772042493417001,0.4422701913023114
0.003851107002325569,0.4431635707693855
0.003931828755705771,0.4440759742041959
0.004014242490499318,0.4450078080679378
0.004098383671757262,0.4459594873465915
0.004184288507901585,0.4469314357088287
0.004271993966306777,0.44792408566498
0.004361537789208006,0.4489378787269018
0.004452958509942651,0.4499732655685628
0.0045462954695324,0.4510307061871559
0.004641588833612782,0.4521106700645178
0.004738879609717651,0.4532136363286206
0.004838209664925958,0.4543400939148763
0.004939621743878316,0.4554905417269706
0.005043159487171359,0.4566654887969178
0.005148867450137497,0.4578654544440006
0.005256791122018419,0.4590909684322284
0.005366976945540477,0.4603425711259178
0.005479472336900281,0.4616208136429625
0.005594325706169377,0.4629262580053279
0.005711586478126435,0.464259477286261
0.005831305113526219,0.4656210557536714
0.00595353313081437,0.4670115890090919
0.006078323128297224,0.4684316841215775
0.0062057288067765,0.4698819597558589
0.006335804992658254,0.4713630462940049
0.006468607661546321,0.4728755859497966
0.006604193962330305,0.4744202328749551
0.006742622241778335,0.4759976532562954
0.006883952069645496,0.4776085254028182
0.007028244264308352,0.4792535398216697
0.007175560918936921,0.4809333992818305
0.00732596542821523,0.4826488188643058
0.007479522515621813,0.4844005259975042
0.007636298261282242,0.4861892604764026
0.007796360130405237,0.4880157744639907
0.007959777002314978,0.4898808324733913
0.008126619200091946,0.4917852113289387
0.008296958520834915,0.4937297001043823
0.008470868266557402,0.495715100036262
0.008648423275731726,0.4977422244103711
0.008829699955494083,0.4998118984190852
0.009014776314524917,0.501924958987198
0.00920373199661823,0.5040822545637448
0.009396648314954691,0.5062846448771468
0.009593608287093146,0.5085330006508376
0.009794696670695385,0.5108282032763567
0.01,0.5131711444407233
0.01020960662306048,0.5155627257047011
0.01042360673976401,0.5180038580283777
0.01064209244064725,0.5204954612402716
0.01086515774652537,0.5230384634459622
0.01109289864895223,0.5256338003720262
0.01132541315152813,0.5282824146408243
0.01156280131207375,0.5309852549714521
0.01180516528568806,0.5337432753019264
0.01205260936870841,0.5365574338274197
0.01230524004359262,0.5394286919491171
0.01256316602474121,0.5423580131279926
0.0128264983052806,0.545346361637554
0.01309535020482668,0.5483947012093338
0.01336983741824945,0.5515039935646343
0.01365007806546014,0.5546751968257859
0.01393619274224144,0.5579092637998955
0.01422830457214352,0.5612071401278284
0.01452653925946781,0.5645697622909058
0.01483102514336103,0.5679980554675672
0.01514189325304352,0.5714929312320383
0.01545927736419479,0.5750552850868245
0.01578331405652117,0.5786859938206962
0.0161141427725302,0.5823859126836675
0.01645190587753661,0.5861558723703595
0.01679674872092653,0.589996675803081
0.01714881969870541,0.5939090947059155
0.01750827031735723,0.597893865961153
0.01787525525904235,0.6019516877394978
0.0182499324481615,0.606083215395647
0.0186324631193156,0.6102890571211121
0.01902301188668946,0.6145697693464856
0.01942174681489025,0.6189258518858398
0.01982883949127071,0.6233577428165203
0.02024446509976802,0.6278658130883135
0.02066880249629082,0.6324503608568655
0.02110203428568597,0.6371116055372494
0.02154434690031882,0.6418496815748368
0.02199593068030075,0.646664631932053
0.02245697995539772,0.6515564012912698
0.02292769312865649,0.6565248289760124
0.02340827276178294,0.6615696415948257
0.02389892566231048,0.66669044541464
0.0243998629725955,0.6718867184732555
0.02491130026067786,0.6771578024436911
0.02543345761304648,0.6825028942666442
0.02596655972934872,0.6879210375711563
0.02651083601908536,0.6934111139078681
0.02706652070033241,0.6989718338239305
0.02763385290053173,0.7046017278137574
0.02821307675939471,0.7102991371854093
0.02880444153396298,0.7160622048884148
0.02940820170587061,0.7218888663553441
0.03002461709085549,0.7277768404164308
0.0306539529505653,0.7337236203539274
0.03129648010670751,0.7397264651707575
0.03195247505759213,0.7457823911562624
0.03262222009711666,0.7518881638404502
0.03330600343624589,0.7580402904370898
0.0340041193270371,0.7642350128851061
0.03471686818926559,0.7704683016070468
0.03544455673970436,0.7767358501126724
0.03618749812411277,0.7830330705849198
0.03694601205199302,0.789355090594432
0.03772042493417001,0.7956967510972801
0.03851107002325569,0.8020526058783154
0.0393182875570577,0.8084169226094442
0.04014242490499318,0.814783685697776
0.04098383671757262,0.8211466011027683
0.04184288507901585,0.8274991033037656
0.04271993966306777,0.833834364599441
0.04361537789208006,0.8401453069180844
0.04452958509942651,0.8464246163121034
0.04546295469532399,0.8526647603010553
0.04641588833612782,0.8588580082145015
0.04738879609717651,0.8649964546686304
0.04838209664925957,0.8710720462883728
0.04939621743878315,0.8770766117593082
0.05043159487171359,0.8830018952606411
0.05148867450137497,0.8888395932915623
0.05256791122018419,0.8945813948582757
0.05366976945540476,0.9002190249376665
0.05479472336900281,0.9057442910761042
0.05594325706169378,0.9111491329184356
0.05711586478126435,0.9164256743931565
0.05831305113526219,0.9215662782058177
0.0595353313081437,0.9265636022147126
0.06078323128297224,0.9314106571820739
0.062057288067765,0.9361008653118799
0.06335804992658255,0.9406281189036982
0.0646860766154632,0.9449868383730509
0.06604193962330306,0.949172028814933
0.06742622241778336,0.9531793342212214
0.06883952069645496,0.9570050884077921
0.07028244264308353,0.9606463616664118
0.07175560918936921,0.9641010021333012
0.0732596542821523,0.9673676708639509
0.07479522515621813,0.9704458696255487
0.07636298261282241,0.9733359604671582
0.07796360130405237,0.9760391762059593
0.07959777002314977,0.9785576210772373
0.08126619200091946,0.980894260937204
0.08296958520834916,0.9830529025809742
0.08470868266557402,0.9850381619416216
0.08648423275731726,0.9868554211672433
0.08829699955494083,0.9885107748269149
0.09014776314524918,0.9900109657672134
0.09203731996618231,0.9913633114209185
0.09396648314954691,0.9925756216494258
0.09593608287093147,0.9936561094699047
0.09794696670695385,0.994613296266002
0.1,0.9954559132952006
0.1020960662306048,0.9961928014751676
0.1042360673976401,0.9968328115447986
0.1064209244064725,0.9973847067438503
0.1086515774652537,0.9978570701310732
0.1109289864895223,0.9982582185604821
0.1132541315152813,0.9985961251583239
0.1156280131207375,0.9988783518928726
0.1180516528568806,0.9991119935130437
0.1205260936870841,0.9993036337617579
0.1230524004359262,0.9994593143615508
0.1256316602474122,0.999584516841691
0.128264983052806,0.9996841568486736
0.1309535020482668,0.9997625901767945
0.1336983741824945,0.9998236293932994
0.1365007806546014,0.9998705696318829
0.1393619274224144,0.999906221904014
0.1422830457214352,0.9999329521398019
0.1452653925946781,0.9999527241233067
0.1483102514336103,0.9999671445296995
0.1514189325304352,0.9999775083958758
0.1545927736419478,0.9999848435491446
0.1578331405652116,0.9999899527634476
0.161141427725302,0.9999934526896223
0.1645190587753661,0.9999958088951034
0.1679674872092653,0.9999973666297037
0.1714881969870541,0.9999983771908431
0.1750827031735723,0.9999990199807466
0.1787525525904236,0.9999994205212476
0.182499324481615,0.9999996648152795
0.186324631193156,0.9999998105188632
0.1902301188668946,0.9999998954180728
0.1942174681489025,0.9999999436995581
0.1982883949127071,0.9999999704696834
0.2024446509976802,0.9999999849255183
0.2066880249629082,0.9999999925194957
0.2110203428568597,0.9999999963958047
0.2154434690031882,0.9999999983160586
0.2199593068030075,0.9999999992380687
0.2245697995539772,0.9999999996665894
0.2292769312865649,0.9999999998591045
0.2340827276178294,0.9999999999425855
0.2389892566231048,0.9999999999774744
0.243998629725955,0.999999999991505
0.2491130026067786,0.9999999999969257
0.2543345761304648,0.9999999999989343
0.2596655972934873,0.9999999999996467
0.2651083601908536,0.9999999999998882
0.2706652070033241,0.9999999999999664
0.2763385290053172,0.9999999999999903
0.2821307675939471,0.9999999999999973
0.2880444153396298,0.9999999999999993
0.2940820170587061,0.9999999999999999
0.3002461709085549,1
0.306539529505653,1
0.312964801067075,1
0.3195247505759213,1
0.3262222009711667,1
0.3330600343624588,1
0.340041193270371,1
0.3471686818926559,1
0.3544455673970436,1
0.3618749812411277,1
0.3694601205199303,1
0.3772042493417002,1
0.3851107002325569,1
0.393182875570577,1
0.4014242490499318,1
0.4098383671757261,1
0.4184288507901585,1
0.4271993966306777,1
0.4361537789208006,1
0.4452958509942651,1
0.4546295469532399,1
0.4641588833612782,1
0.4738879609717651,1
0.4838209664925957,1
0.4939621743878316,1
0.5043159487171359,1
0.5148867450137498,1
0.5256791122018419,1
0.5366976945540476,1
0.5479472336900282,1
0.5594325706169377,1
0.5711586478126435,1
0.5831305113526218,1
0.595353313081437,1
0.6078323128297224,1
0.62057288067765,1
0.6335804992658254,1
0.6468607661546321,1
0.6604193962330305,1
0.6742622241778335,1
0.6883952069645496,1
0.7028244264308353,1
0.7175560918936921,1
0.732596542821523,1
0.7479522515621814,1
0.7636298261282242,1
0.7796360130405237,1
0.7959777002314977,1
0.8126619200091946,1
0.8296958520834898,1
0.8470868266557402,1
0.8648423275731727,1
0.8829699955494082,1
0.9014776314524917,1
0.9203731996618231,1
0.9396648314954691,1
0.9593608287093147,1
0.9794696670695385,1
1,1
1.020960662306048,1
1.042360673976403,1
1.064209244064722,1
1.086515774652537,1
1.109289864895223,1
1.132541315152813,1
1.156280131207378,1
1.180516528568803,1
1.205260936870841,1
1.230524004359262,1
1.256316602474121,1
1.282649830528062,1
1.309535020482665,1
1.336983741824945,1
1.365007806546014,1
1.393619274224144,1
1.422830457214355,1
1.452653925946778,1
1.483102514336103,1
1.514189325304352,1
1.545927736419479,1
1.57833140565212,1
1.611414277253017,1
1.645190587753661,1
1.679674872092653,1
1.714881969870541,1
1.750827031735727,1
1.787525525904232,1
1.824993244816151,1
1.86324631193156,1
1.902301188668946,1
1.942174681489028,1
1.982883949127067,1
2.024446509976802,1
2.066880249629082,1
2.110203428568596,1
2.154434690031886,1
2.19959306803007,1
2.245697995539772,1
2.292769312865649,1
2.340827276178294,1
2.389892566231053,1
2.439986297259545,1
2.491130026067786,1
2.543345761304648,1
2.596655972934872,1
2.651083601908542,1
2.706652070033236,1
2.763385290053167,1
2.821307675939471,1
2.880444153396298,1
2.940820170587067,1
3.002461709085543,1
3.065395295056524,1
3.12964801067075,1
3.195247505759214,1
3.262222009711673,1
3.330600343624582,1
3.400411932703703,1
3.47168681892656,1
3.544455673970436,1
3.618749812411284,1
3.694601205199295,1
3.772042493416994,1
3.851107002325569,1
3.93182875570577,1
4.014242490499326,1
4.098383671757253,1
4.184288507901576,1
4.271993966306777,1
4.361537789208006,1
4.45295850994266,1
4.54629546953239,1
4.641588833612772,1
4.738879609717651,1
4.838209664925957,1
4.939621743878326,1
5.043159487171349,1
5.148867450137487,1
5.256791122018419,1
5.366976945540476,1
5.479472336900293,1
5.594325706169389,1
5.711586478126423,1
5.831305113526219,1
5.95353313081437,1
6.078323128297236,1
6.205728806776513,1
6.335804992658241,1
6.46860766154632,1
6.604193962330306,1
6.742622241778349,1
6.883952069645511,1
7.028244264308339,1
7.175560918936921,1
7.32596542821523,1
7.479522515621829,1
7.636298261282257,1
7.796360130405221,1
7.959777002314977,1
8.126619200091946,1
8.296958520834915,1
8.470868266557419,1
8.648423275731709,1
8.829699955494084,1
9.014776314524918,1
9.203731996618231,1
9.39664831495471,1
9.593608287093128,1
9.794696670695386,1
10,1
