#Pareto - Cost J(iterations) convergence
#iterations, J(iterations)
1,0.79490714255029
2,0.7790001189765925
3,0.7766001386078918
4,0.7751559269556421
5,0.7737816148266407
6,0.772414673210382
7,0.7710506841636625
8,0.7696893312109599
9,0.7683305873655851
10,0.7669744460818917
11,0.7656209022658836
12,0.7642699509347952
13,0.7629215871225831
14,0.7615758058733531
15,0.7602326022405804
16,0.7588919712872108
17,0.7575539080858595
18,0.7562184077183465
19,0.75488546527597
20,0.7535550758595272
21,0.7522272345790854
22,0.7509019365541022
23,0.7495791769134238
24,0.7482589507952238
25,0.7469412533469362
26,0.7456260797253906
27,0.7443134250964751
28,0.7430032846356682
29,0.7416956535274273
30,0.7403905269653798
31,0.7390879001526917
32,0.7377877683014852
33,0.7364901266330134
34,0.7351949703777428
35,0.7339022947753319
36,0.7326120950744176
37,0.7313243665329914
38,0.730039104417865
39,0.728756304005036
40,0.727475960579521
41,0.7261980694353812
42,0.7249226258756419
43,0.723649625212469
44,0.7223790627668362
45,0.7211109338687404
46,0.7198452338571593
47,0.7185819580799564
48,0.7173211018939577
49,0.71606266066478
50,0.71480662976708
51,0.7135530045842393
52,0.7123017805084145
53,0.7110529529407922
54,0.7098065172912535
55,0.7085624689784873
56,0.7073208034299142
57,0.7060815160817803
58,0.7048446023790297
59,0.7036100577754008
60,0.7023778777332438
61,0.7011480577236211
62,0.6999205932263521
63,0.6986954797297266
64,0.6974727127309214
65,0.696252287735613
66,0.6950342002579958
67,0.6938184458210771
68,0.6926050199561912
69,0.6913939182034216
70,0.6901851361113376
71,0.6889786692369338
72,0.6877745131458746
73,0.6865726634122578
74,0.6853731156185749
75,0.6841758653559367
76,0.6829809082237575
77,0.6817882398299088
78,0.6805978557907578
79,0.6794097517309946
80,0.678223923283687
81,0.6770403660902641
82,0.6758590758006191
83,0.674680048072681
84,0.6735032785731301
85,0.6723287629765865
86,0.6711564969660497
87,0.6699864762329266
88,0.6688186964767103
89,0.6676531534051767
90,0.6664898427343725
91,0.6653287601884311
92,0.6641699014998554
93,0.663013262409155
94,0.661858838665077
95,0.6607066260245275
96,0.6595566202525359
97,0.6584088171220992
98,0.6572632124145972
99,0.65611980191912
100,0.6549785814332273
101,0.6538395467622173
102,0.6527026937195359
103,0.6515680181266293
104,0.6504355158130543
105,0.6493051826161484
106,0.6481770143813946
107,0.6470510069621851
108,0.6459271562197977
109,0.64480545802353
110,0.6436859082505365
111,0.6425685027857888
112,0.6414532375223183
113,0.6403401083609833
114,0.639229111210292
115,0.63812024198684
116,0.6370134966148755
117,0.6359088710265612
118,0.6348063611618753
119,0.6337059629684291
120,0.6326076724016754
121,0.6315114854247814
122,0.6304173980087541
123,0.6293254061321799
124,0.6282355057814536
125,0.6271476929505988
126,0.6260619636412621
127,0.6249783138629464
128,0.623896739632517
129,0.6228172369746628
130,0.6217398019216251
131,0.6206644305133519
132,0.6195911187971624
133,0.6185198628281325
134,0.6174506586687313
135,0.6163835023891696
136,0.6153183900671011
137,0.614255317787585
138,0.6131942816432691
139,0.6121352777343267
140,0.6110783021683043
141,0.610023351060326
142,0.6089704205328326
143,0.6079195067157186
144,0.6068706057463789
145,0.6058237137695075
146,0.6047788269372271
147,0.6037359414090174
148,0.6026950533517343
149,0.6016561589395303
150,0.6006192543539712
151,0.599584335783816
152,0.5985513994252396
153,0.5975204414816156
154,0.5964914581636406
155,0.5954644456891913
156,0.5944394002835751
157,0.5934163181791271
158,0.5923951956154749
159,0.5913760288394351
160,0.5903588141050516
161,0.589343547673561
162,0.5883302258132121
163,0.5873188447996345
164,0.5863094009153879
165,0.5853018904502115
166,0.5842963097010517
167,0.5832926549717438
168,0.5822909225734628
169,0.5812911088241723
170,0.5802932100491035
171,0.5792972225804779
172,0.5783031427573631
173,0.5773109669261698
174,0.5763206914400407
175,0.5753323126591682
176,0.574345826950763
177,0.5733612306889044
178,0.5723785202548194
179,0.5713976920363206
180,0.570418742428523
181,0.5694416678331977
182,0.5684664646590357
183,0.5674931293217371
184,0.5665216582436435
185,0.5655520478542243
186,0.5645842945895425
187,0.5636183948926341
188,0.5626543452133215
189,0.561692142008156
190,0.5607317817405901
191,0.5597732608807132
192,0.5588165759055275
193,0.5578617232986365
194,0.556908699550517
195,0.555957501158264
196,0.5550081246257227
197,0.5540605664634038
198,0.553114823188538
199,0.5521708913250327
200,0.5512287674034704
201,0.5502884479609538
202,0.5493499295413695
203,0.5484132086951879
204,0.5474782819793668
205,0.5465451459575976
206,0.5456137972001425
207,0.5446842322838298
208,0.543756447791937
209,0.5428304403143197
210,0.5419062064475296
211,0.5409837427944352
212,0.5400630459645162
213,0.5391441125737333
214,0.5382269392444882
215,0.5373115226056847
216,0.5363978592927203
217,0.5354859459473553
218,0.534575779217795
219,0.5336673557588099
220,0.5327606722313217
221,0.5318557253028369
222,0.5309525116472198
223,0.530051027944651
224,0.529151270881728
225,0.5282532371513153
226,0.5273569234527133
227,0.5264623264914373
228,0.5255694429794382
229,0.5246782696348112
230,0.5237888031820859
231,0.5229010403519574
232,0.5220149778814664
233,0.5211306125138538
234,0.5202479409985457
235,0.5193669600913193
236,0.5184876665540676
237,0.5176100571549199
238,0.5167341286682451
239,0.5158598778744687
240,0.5149873015602994
241,0.5141163965185064
242,0.5132471595481121
243,0.5123795874542081
244,0.5115136770479387
245,0.5106494251466122
246,0.5097868285737911
247,0.5089258841587933
248,0.5080665887373239
249,0.507208939150917
250,0.5063529322473341
251,0.5054985648801849
252,0.5046458339093377
253,0.5037947362005024
254,0.5029452686254499
255,0.5020974280618984
256,0.5012512113936212
257,0.5004066155103132
258,0.4995636373076066
259,0.4987222736871594
260,0.4978825215564637
261,0.4970443778289858
262,0.4962078394241554
263,0.4953729032672094
264,0.4945395662892825
265,0.4937078254274676
266,0.4928776776246746
267,0.4920491198296207
268,0.491222148996985
269,0.4903967620871404
270,0.4895729560663912
271,0.4887507279067769
272,0.4879300745862127
273,0.4871109930883357
274,0.4862934804025686
275,0.4854775335241995
276,0.4846631494540803
277,0.4838503251989825
278,0.4830390577713295
279,0.4822293441892675
280,0.4814211814767055
281,0.4806145666631528
282,0.4798094967838994
283,0.4790059688799521
284,0.4782039799978317
285,0.4774035271897942
286,0.4766046075138167
287,0.4758072180333825
288,0.4750113558177269
289,0.4742170179415825
290,0.4734242014853338
291,0.472632903534953
292,0.4718431211820773
293,0.4710548515237306
294,0.4702680916626314
295,0.4694828387070742
296,0.4686990897707641
297,0.4679168419730754
298,0.4671360924387697
299,0.4663568382981958
300,0.4655790766872076
301,0.4648028047470885
302,0.464028019624623
303,0.4632547184721067
304,0.4624828984471175
305,0.4617125567129781
306,0.4609436904381801
307,0.4601762967967401
308,0.4594103729680931
309,0.4586459161370383
310,0.4578829234938021
311,0.4571213922339896
312,0.4563613195585485
313,0.4556027026738232
314,0.4548455387914806
315,0.4540898251285347
316,0.4533355589073802
317,0.4525827373556328
318,0.4518313577062987
319,0.4510814171976577
320,0.4503329130732474
321,0.4495858425819827
322,0.4488402029779029
323,0.4480959915204679
324,0.4473532054742147
325,0.4466118421090905
326,0.4458718987001509
327,0.4451333725276948
328,0.4443962608772598
329,0.4436605610395979
330,0.4429262703105931
331,0.4421933859913157
332,0.4414619053880597
333,0.4407318258122478
334,0.4400031445804212
335,0.4392758590142836
336,0.4385499664407225
337,0.4378254641916471
338,0.4371023496041492
339,0.4363806200204041
340,0.4356602727876311
341,0.4349413052582233
342,0.4342237147895489
343,0.4335074987441088
344,0.4327926544894152
345,0.4320791793980336
346,0.4313670708475607
347,0.4306563262206546
348,0.4299469429048977
349,0.4292389182929612
350,0.4285322497824801
351,0.4278269347760294
352,0.4271229706812428
353,0.4264203549106514
354,0.4257190848818352
355,0.4250191580171215
356,0.424320571744053
357,0.4236233234948458
358,0.4229274107068064
359,0.4222328308220348
360,0.4215395812876198
361,0.4208476595554928
362,0.4201570630824485
363,0.4194677893302033
364,0.4187798357652787
365,0.4180931998591222
366,0.4174078790879633
367,0.4167238709328514
368,0.4160411728797643
369,0.4153597824193473
370,0.4146796970471668
371,0.4140009142635389
372,0.4133234315735868
373,0.4126472464871836
374,0.4119723565189812
375,0.4112987591884376
376,0.4106264520196692
377,0.4099554325416402
378,0.409285698287986
379,0.4086172467970485
380,0.4079500756119588
381,0.4072841822804352
382,0.4066195643550356
383,0.4059562193929066
384,0.4052941449559446
385,0.4046333386105879
386,0.4039737979280589
387,0.4033155204842281
388,0.402658503859545
389,0.402002745639124
390,0.4013482434127177
391,0.4006949947746864
392,0.4000429973239693
393,0.3993922486641179
394,0.3987427464033299
395,0.3980944881543171
396,0.3974474715343774
397,0.3968016941653875
398,0.3961571536737907
399,0.3955138476905144
400,0.3948717738510834
401,0.3942309297955693
402,0.3935913131684813
403,0.3929529216188886
404,0.3923157528004181
405,0.3916798043710656
406,0.3910450739934471
407,0.3904115593345158
408,0.3897792580658585
409,0.3891481678633479
410,0.388518286407441
411,0.3878896113829466
412,0.3872621404792115
413,0.3866358713898967
414,0.3860108018131502
415,0.3853869294515051
416,0.384764252011858
417,0.3841427672056065
418,0.3835224727484328
419,0.3829033663604077
420,0.3822854457660085
421,0.3816687086940242
422,0.3810531528776483
423,0.3804387760543868
424,0.3798255759660633
425,0.3792135503588048
426,0.3786026969831636
427,0.3779930135938654
428,0.3773844979500431
429,0.3767771478150567
430,0.3761709609565397
431,0.3755659351465021
432,0.3749620681611108
433,0.3743593577808271
434,0.3737578017903855
435,0.3731573979787454
436,0.3725581441390807
437,0.3719600380688727
438,0.3713630775697084
439,0.3707672604474711
440,0.3701725845121716
441,0.3695790475780947
442,0.3689866474636635
443,0.3683953819915155
444,0.3678052489884047
445,0.3672162462853148
446,0.3666283717173017
447,0.3660416231236536
448,0.3654559983477144
449,0.3648714952370643
450,0.3642881116432752
451,0.3637058454221426
452,0.3631246944334838
453,0.3625446565413408
454,0.3619657296136777
455,0.3613879115227093
456,0.3608112001445799
457,0.3602355933596089
458,0.3596610890520975
459,0.3590876851104793
460,0.3585153794271612
461,0.3579441698986293
462,0.3573740544253862
463,0.3568050309119208
464,0.3562370972668065
465,0.3556702514025848
466,0.3551044912357934
467,0.3545398146869287
468,0.3539762196805209
469,0.3534137041450948
470,0.352852266013053
471,0.3522919032208331
472,0.3517326137088083
473,0.351174395421291
474,0.3506172463065576
475,0.3500611643167122
476,0.3495061474079327
477,0.3489521935402047
478,0.3483993006774597
479,0.3478474667875163
480,0.3472966898420962
481,0.3467469678167922
482,0.3461982986910949
483,0.3456506804483423
484,0.3451041110757556
485,0.3445585885644161
486,0.3440141109091852
487,0.3434706761088716
488,0.3429282821660545
489,0.3423869270871228
490,0.3418466088823267
491,0.3413073255657028
492,0.3407690751550895
493,0.3402318556721269
494,0.339695665142286
495,0.3391605015947506
496,0.3386263630625191
497,0.3380932475823366
498,0.3375611531947201
499,0.3370300779439372
500,0.3365000198780482
501,0.3359709770487446
502,0.3354429475115376
503,0.3349159293256387
504,0.3343899205539744
505,0.3338649192631888
506,0.3333409235236366
507,0.3328179314092977
508,0.3322959409979752
509,0.3317749503710063
510,0.3312549576135184
511,0.3307359608142392
512,0.3302179580655872
513,0.3297009474636056
514,0.3291849271080521
515,0.3286698951022549
516,0.3281558495531517
517,0.3276427885714377
518,0.3271307102712838
519,0.3266196127705289
520,0.3261094941906232
521,0.3256003526566452
522,0.3250921862971614
523,0.3245849932444509
524,0.3240787716342656
525,0.3235735196060108
526,0.3230692353025825
527,0.3225659168704892
528,0.3220635624597674
529,0.3215621702239786
530,0.3210617383202571
531,0.3205622649092321
532,0.3200637481550873
533,0.3195661862255098
534,0.3190695772916817
535,0.3185739195283148
536,0.3180792111135914
537,0.3175854502292098
538,0.317092635060309
539,0.3166007637955681
540,0.3161098346270556
541,0.3156198457503821
542,0.3151307953645579
543,0.3146426816720648
544,0.3141555028788326
545,0.3136692571942171
546,0.3131839428309945
547,0.3126995580053942
548,0.3122161009370422
549,0.3117335698489603
550,0.3112519629675969
551,0.3107712785227947
552,0.3102915147477857
553,0.3098126698791714
554,0.3093347421569552
555,0.308857729824484
556,0.3083816311284828
557,0.3079064443190629
558,0.3074321676496347
559,0.3069587993769859
560,0.3064863377612156
561,0.3060147810658118
562,0.3055441275575334
563,0.3050743755064698
564,0.3046055231860479
565,0.3041375688729884
566,0.303670510847291
567,0.3032043473922847
568,0.3027390767945707
569,0.3022746973440238
570,0.3018112073337972
571,0.3013486050603254
572,0.3008868888233061
573,0.3004260569256871
574,0.2999661076736497
575,0.2995070393766319
576,0.299048850347347
577,0.2985915389016701
578,0.2981351033587618
579,0.2976795420409685
580,0.2972248532738618
581,0.2967710353862164
582,0.2963180867099982
583,0.2958660055803998
584,0.2954147903357881
585,0.2949644393176856
586,0.2945149508708211
587,0.2940663233430778
588,0.2936185550855305
589,0.2931716444523592
590,0.2927255898009641
591,0.2922803894918406
592,0.291836041888644
593,0.2913925453581598
594,0.2909498982703004
595,0.2905080989980979
596,0.2900671459177096
597,0.289627037408394
598,0.2891877718525347
599,0.2887493476355685
600,0.2883117631460874
601,0.2878750167756968
602,0.2874391069191499
603,0.2870040319742476
604,0.2865697903418248
605,0.2861363804258559
606,0.2857038006332902
607,0.2852720493742002
608,0.2848411250616419
609,0.2844110261117642
610,0.2839817509437012
611,0.2835532979796422
612,0.2831256656448039
613,0.282698852367413
614,0.2822728565786929
615,0.2818476767128949
616,0.2814233112072336
617,0.2809997585019514
618,0.2805770170402797
619,0.2801550852684039
620,0.2797339616355057
621,0.2793136445937322
622,0.2788941325981917
623,0.2784754241069575
624,0.2780575175810382
625,0.2776404114844245
626,0.2772241042840154
627,0.2768085944496723
628,0.276393880454175
629,0.2759799607732102
630,0.2755668338854308
631,0.2751544982723528
632,0.2747429524184229
633,0.274332194811014
634,0.2739222239403489
635,0.2735130382995744
636,0.2731046363847177
637,0.2726970166946923
638,0.2722901777312668
639,0.2718841179990901
640,0.2714788360056822
641,0.2710743302614068
642,0.2706705992795
643,0.2702676415760392
644,0.2698654556699326
645,0.269464040082931
646,0.2690633933396314
647,0.2686635139674253
648,0.2682644004965561
649,0.267866051460052
650,0.2674684653938069
651,0.2670716408364405
652,0.2666755763294142
653,0.2662802704170111
654,0.2658857216462375
655,0.2654919285669294
656,0.265098889731701
657,0.2647066036959076
658,0.2643150690176914
659,0.2639242842579649
660,0.2635342479803721
661,0.2631449587513299
662,0.2627564151399913
663,0.2623686157182455
664,0.2619815590607415
665,0.2615952437448282
666,0.2612096683505865
667,0.2608248314608204
668,0.2604407316610536
669,0.2600573675395228
670,0.2596747376871596
671,0.2592928406975881
672,0.2589116751671249
673,0.2585312396948067
674,0.2581515328823043
675,0.2577725533340148
676,0.2573942996569835
677,0.2570167704609113
678,0.2566399643581886
679,0.2562638799638612
680,0.255888515895607
681,0.255513870773756
682,0.2551399432213162
683,0.2547667318638687
684,0.2543942353296867
685,0.2540224522496364
686,0.2536513812572176
687,0.2532810209885679
688,0.2529113700823857
689,0.2525424271800126
690,0.2521741909254102
691,0.2518066599650897
692,0.2514398329481918
693,0.2510737085264189
694,0.250708285354088
695,0.2503435620880615
696,0.2499795373877791
697,0.2496162099152943
698,0.2492535783351296
699,0.2488916413144647
700,0.2485303975229707
701,0.2481698456328792
702,0.2478099843189802
703,0.2474508122585864
704,0.247092328131562
705,0.246734530620271
706,0.2463774184096195
707,0.246020990187042
708,0.2456652446424606
709,0.2453101804683148
710,0.24495579635958
711,0.2446020910136871
712,0.2442490631305867
713,0.2438967114127079
714,0.2435450345649887
715,0.2431940312948061
716,0.242843700312051
717,0.2424940403290581
718,0.242145050060651
719,0.241796728224101
720,0.2414490735391492
721,0.2411020847279547
722,0.2407557605151731
723,0.240410099627877
724,0.2400651007955679
725,0.2397207627501841
726,0.2393770842261231
727,0.2390340639601758
728,0.2386917006915412
729,0.2383499931618773
730,0.2380089401152155
731,0.2376685402980125
732,0.237328792459096
733,0.236989695349735
734,0.2366512477235547
735,0.2363134483365784
736,0.2359762959472288
737,0.2356397893162788
738,0.235303927206884
739,0.2349687083845808
740,0.2346341316172577
741,0.234300195675164
742,0.2339668993309163
743,0.2336342413594723
744,0.2333022205381279
745,0.2329708356465323
746,0.2326400854666754
747,0.2323099687828672
748,0.2319804843817512
749,0.2316516310523102
750,0.2313234075858309
751,0.230995812775904
752,0.2306688454184512
753,0.230342504311685
754,0.2300167882561444
755,0.2296916960546456
756,0.2293672265123034
757,0.2290433784364956
758,0.2287201506369398
759,0.2283975419255813
760,0.2280755511166634
761,0.2277541770267173
762,0.2274334184744951
763,0.2271132742810556
764,0.2267937432696997
765,0.2264748242659629
766,0.2261565160976758
767,0.2258388175948523
768,0.225521727589819
769,0.2252052449170786
770,0.2248893684133865
771,0.2245740969177354
772,0.2242594292713307
773,0.2239453643176045
774,0.223631900902208
775,0.2233190378729863
776,0.223006774079997
777,0.222695108375516
778,0.222384039613999
779,0.2220735666521013
780,0.221763688348679
781,0.2214544035647558
782,0.2211457111635497
783,0.2208376100104437
784,0.2205300989730134
785,0.2202231769209861
786,0.2199168427262593
787,0.2196110952628875
788,0.2193059334070932
789,0.2190013560372435
790,0.2186973620338586
791,0.2183939502795922
792,0.2180911196592396
793,0.2177888690597533
794,0.2174871973701745
795,0.2171861034817206
796,0.2168855862877113
797,0.2165856446835816
798,0.2162862775668792
799,0.2159874838372829
800,0.2156892623965608
801,0.2153916121485837
802,0.2150945319993464
803,0.2147980208568964
804,0.2145020776314165
805,0.2142067012351502
806,0.213911890582432
807,0.2136176445896848
808,0.2133239621753851
809,0.213030842260104
810,0.2127382837664585
811,0.2124462856191582
812,0.212154846744937
813,0.2118639660725986
814,0.2115736425330267
815,0.2112838750590942
816,0.2109946625857772
817,0.2107060040500642
818,0.2104178983909597
819,0.2101303445495533
820,0.2098433414689071
821,0.2095568880941424
822,0.2092709833723839
823,0.2089856262527928
824,0.2087008156865135
825,0.2084165506267297
826,0.2081328300286062
827,0.2078496528493191
828,0.2075670180480444
829,0.2072849245859497
830,0.2070033714261898
831,0.2067223575339115
832,0.2064418818762315
833,0.20616194342225
834,0.2058825411430587
835,0.2056036740116927
836,0.2053253410031695
837,0.2050475410944702
838,0.2047702732645316
839,0.2044935364942425
840,0.2042173297664543
841,0.2039416520659526
842,0.2036665023794845
843,0.2033918796957171
844,0.2031177830052761
845,0.2028442113007072
846,0.2025711635764834
847,0.2022986388290174
848,0.2020266360566219
849,0.2017551542595638
850,0.2014841924399833
851,0.2012137496019613
852,0.2009438247514715
853,0.2006744168964025
854,0.2004055250465272
855,0.2001371482135351
856,0.199869285410993
857,0.1996019356543638
858,0.1993350979609914
859,0.1990687713501115
860,0.1988029548428256
861,0.1985376474621253
862,0.1982728482328527
863,0.198008556181739
864,0.1977447703373678
865,0.1974814897301836
866,0.1972187133924924
867,0.1969564403584513
868,0.196694669664065
869,0.1964334003471878
870,0.1961726314475155
871,0.1959123620065872
872,0.1956525910677722
873,0.1953933176762671
874,0.1951345408791151
875,0.1948762597251658
876,0.1946184732651008
877,0.1943611805514175
878,0.1941043806384281
879,0.1938480725822564
880,0.1935922554408399
881,0.1933369282739016
882,0.1930820901429864
883,0.1928277401114273
884,0.192573877244359
885,0.1923205006086888
886,0.1920676092731247
887,0.1918152023081653
888,0.1915632787860637
889,0.1913118377808904
890,0.1910608783684481
891,0.1908103996263354
892,0.1905604006339027
893,0.190310880472275
894,0.1900618382243318
895,0.1898132729747103
896,0.189565183809802
897,0.1893175698177494
898,0.1890704300884341
899,0.1888237637134902
900,0.1885775697862765
901,0.1883318474019191
902,0.1880865956572409
903,0.1878418136508125
904,0.1875975004829441
905,0.1873536552556376
906,0.1871102770726426
907,0.1868673650394065
908,0.1866249182631026
909,0.1863829358526173
910,0.1861414169185168
911,0.1859003605731126
912,0.1856597659303839
913,0.1854196321060117
914,0.1851799582173839
915,0.1849407433835741
916,0.1847019867253334
917,0.184463687365105
918,0.1842258444270161
919,0.1839884570368679
920,0.1837515243221227
921,0.1835150454119442
922,0.1832790194371362
923,0.1830434455301816
924,0.1828083228252153
925,0.1825736504580364
926,0.1823394275661123
927,0.1821056532885323
928,0.1818723267660607
929,0.181639447141098
930,0.1814070135576814
931,0.1811750251614979
932,0.1809434810998635
933,0.1807123805217431
934,0.1804817225777015
935,0.1802515064199589
936,0.1800217312023484
937,0.1797923960803199
938,0.179563500210943
939,0.1793350427529074
940,0.179107022866509
941,0.1788794397136553
942,0.17865229245785
943,0.178425580264214
944,0.1781993022994549
945,0.1779734577318828
946,0.1777480457313942
947,0.1775230654694903
948,0.1772985161192349
949,0.1770743968553073
950,0.1768507068539311
951,0.1766274452929381
952,0.176404611351716
953,0.1761822042112423
954,0.1759602230540405
955,0.1757386670642173
956,0.1755175354274369
957,0.1752968273309163
958,0.1750765419634489
959,0.1748566785153586
960,0.1746372361785283
961,0.1744182141463974
962,0.1741996116139428
963,0.1739814277776786
964,0.1737636618356684
965,0.1735463129875015
966,0.1733293804343078
967,0.1731128633787454
968,0.1728967610249978
969,0.1726810725787723
970,0.1724657972473008
971,0.1722509342393334
972,0.172036482765131
973,0.1718224420364698
974,0.1716088112666432
975,0.1713955896704373
976,0.1711827764641473
977,0.170970370865582
978,0.1707583720940222
979,0.1705467793702741
980,0.1703355919166168
981,0.1701248089568216
982,0.1699144297161459
983,0.1697044534213428
984,0.1694948793006302
985,0.1692857065837161
986,0.1690769345017804
987,0.1688685622874662
988,0.1686605891749075
989,0.1684530143996817
990,0.1682458371988463
991,0.1680390568109116
992,0.1678326724758467
993,0.1676266834350944
994,0.1674210889315181
995,0.1672158882094546
996,0.1670110805146821
997,0.1668066650944247
998,0.1666026411973461
999,0.1663990080735444
1000,0.1661957649745707
1001,0.1659929111533889
1002,0.1657904458644109
1003,0.1655883683634626
1004,0.1653866779077988
1005,0.165185373756112
1006,0.1649844551684881
1007,0.1647839214064551
1008,0.1645837717329395
1009,0.1643840054122845
1010,0.1641846217102413
1011,0.163985619893977
1012,0.1637869992320472
1013,0.1635887589944134
1014,0.1633908984524361
1015,0.1631934168788828
1016,0.1629963135478922
1017,0.1627995877350102
1018,0.162603238717166
1019,0.162407265772666
1020,0.1622116681812135
1021,0.1620164452238761
1022,0.1618215961831116
1023,0.1616271203427402
1024,0.161433016987963
1025,0.1612392854053497
1026,0.1610459248828274
1027,0.1608529347096944
1028,0.1606603141766133
1029,0.1604680625755945
1030,0.1602761792000183
1031,0.1600846633446065
1032,0.1598935143054364
1033,0.1597027313799317
1034,0.1595123138668733
1035,0.1593222610663659
1036,0.1591325722798652
1037,0.1589432468101672
1038,0.1587542839613982
1039,0.1585656830390231
1040,0.1583774433498212
1041,0.1581895642019281
1042,0.1580020449047755
1043,0.1578148847691346
1044,0.1576280831070914
1045,0.1574416392320485
1046,0.1572555524587285
1047,0.1570698221031665
1048,0.1568844474826933
1049,0.1566994279159728
1050,0.1565147627229477
1051,0.1563304512248795
1052,0.1561464927443285
1053,0.1559628866051448
1054,0.155779632132482
1055,0.1555967286527743
1056,0.1554141754937649
1057,0.1552319719844653
1058,0.1550501174551886
1059,0.1548686112375128
1060,0.1546874526643141
1061,0.1545066410697364
1062,0.1543261757891991
1063,0.1541460561593934
1064,0.1539662815182887
1065,0.1537868512051145
1066,0.1536077645603755
1067,0.1534290209258186
1068,0.1532506196444812
1069,0.1530725600606355
1070,0.1528948415198219
1071,0.1527174633688233
1072,0.1525404249556881
1073,0.1523637256297
1074,0.1521873647413998
1075,0.1520113416425639
1076,0.1518356556862153
1077,0.1516603062266136
1078,0.1514852926192561
1079,0.151310614220877
1080,0.1511362703894371
1081,0.1509622604841316
1082,0.1507885838653796
1083,0.1506152398948297
1084,0.1504422279353486
1085,0.1502695473510269
1086,0.1500971975071697
1087,0.1499251777703017
1088,0.149753487508158
1089,0.1495821260896836
1090,0.1494110928850342
1091,0.1492403872655771
1092,0.1490700086038731
1093,0.1488999562736889
1094,0.1487302296499893
1095,0.148560828108952
1096,0.1483917510279217
1097,0.1482229977854573
1098,0.148054567761296
1099,0.1478864603363736
1100,0.147718674892802
1101,0.1475512108138807
1102,0.1473840674840906
1103,0.1472172442890887
1104,0.1470507406157207
1105,0.1468845558519828
1106,0.1467186893870679
1107,0.146553140611322
1108,0.146387908916266
1109,0.1462229936945912
1110,0.1460583943401397
1111,0.1458941102479276
1112,0.145730140814117
1113,0.1455664854360371
1114,0.1454031435121645
1115,0.1452401144421339
1116,0.1450773976267185
1117,0.1449149924678614
1118,0.1447528983686237
1119,0.1445911147332315
1120,0.1444296409670462
1121,0.1442684764765528
1122,0.1441076206694004
1123,0.1439470729543462
1124,0.1437868327413004
1125,0.1436268994412935
1126,0.1434672724664812
1127,0.143307951230155
1128,0.1431489351467184
1129,0.1429902236317089
1130,0.142831816101774
1131,0.1426737119746765
1132,0.14251591066931
1133,0.1423584116056646
1134,0.1422012142048472
1135,0.142044317889074
1136,0.1418877220816726
1137,0.1417314262070622
1138,0.141575429690776
1139,0.1414197319594456
1140,0.1412643324407937
1141,0.1411092305636513
1142,0.140954425757927
1143,0.1407999174546437
1144,0.1406457050858869
1145,0.1404917880848537
1146,0.1403381658858172
1147,0.1401848379241274
1148,0.1400318036362294
1149,0.1398790624596326
1150,0.1397266138329394
1151,0.1395744571958153
1152,0.139422591989008
1153,0.1392710176543322
1154,0.1391197336346622
1155,0.1389687393739567
1156,0.1388180343172352
1157,0.1386676179105649
1158,0.1385174896010952
1159,0.1383676488370185
1160,0.1382180950675998
1161,0.1380688277431355
1162,0.1379198463149988
1163,0.1377711502355968
1164,0.1376227389583976
1165,0.1374746119379131
1166,0.1373267686296882
1167,0.1371792084903292
1168,0.1370319309774697
1169,0.1368849355497849
1170,0.1367382216669907
1171,0.1365917887898329
1172,0.136445636380102
1173,0.1362997639005953
1174,0.1361541708151671
1175,0.1360088565886753
1176,0.135863820687023
1177,0.1357190625771129
1178,0.1355745817268917
1179,0.135430377605316
1180,0.1352864496823525
1181,0.1351427974289939
1182,0.1349994203172358
1183,0.1348563178200987
1184,0.1347134894116037
1185,0.1345709345667799
1186,0.1344286527616508
1187,0.1342866434732743
1188,0.1341449061796748
1189,0.1340034403599029
1190,0.1338622454939941
1191,0.1337213210629744
1192,0.1335806665488815
1193,0.1334402814347256
1194,0.1333001652045271
1195,0.1331603173432823
1196,0.1330207373369647
1197,0.1328814246725555
1198,0.1327423788380019
1199,0.1326035993222349
1200,0.1324650856151708
1201,0.1323268372076963
1202,0.1321888535916683
1203,0.1320511342599333
1204,0.131913678706291
1205,0.131776486425526
1206,0.1316395569133799
1207,0.1315028896665649
1208,0.1313664841827553
1209,0.1312303399605892
1210,0.1310944564996645
1211,0.1309588333005348
1212,0.1308234698647176
1213,0.1306883656946723
1214,0.1305535202938262
1215,0.130418933166544
1216,0.1302846038181541
1217,0.1301505317549215
1218,0.1300167164840563
1219,0.1298831575137245
1220,0.1297498543530167
1221,0.1296168065119763
1222,0.1294840135015819
1223,0.1293514748337493
1224,0.129219190021326
1225,0.129087158578102
1226,0.128955380018784
1227,0.1288238538590148
1228,0.1286925796153667
1229,0.1285615568053444
1230,0.1284307849473571
1231,0.1283002635607586
1232,0.1281699921658076
1233,0.1280399702836929
1234,0.1279101974365124
1235,0.1277806731472762
1236,0.1276513969399218
1237,0.1275223683392843
1238,0.1273935868711178
1239,0.1272650520620802
1240,0.1271367634397446
1241,0.1270087205325714
1242,0.1268809228699403
1243,0.1267533699821272
1244,0.1266260614003045
1245,0.1264989966565494
1246,0.1263721752838245
1247,0.1262455968160043
1248,0.1261192607878348
1249,0.1259931667349693
1250,0.1258673141939461
1251,0.1257417027021888
1252,0.1256163317980061
1253,0.1254912010205945
1254,0.1253663099100294
1255,0.1252416580072792
1256,0.1251172448541691
1257,0.1249930699934208
1258,0.1248691329686312
1259,0.1247454333242498
1260,0.1246219706056282
1261,0.1244987443589711
1262,0.124375754131357
1263,0.1242529994707317
1264,0.1241304799259044
1265,0.1240081950465533
1266,0.1238861443832091
1267,0.1237643274872842
1268,0.1236427439110234
1269,0.1235213932075513
1270,0.1234002749308323
1271,0.1232793886356965
1272,0.123158733877821
1273,0.1230383102137367
1274,0.1229181172008223
1275,0.1227981543973043
1276,0.122678421362257
1277,0.122558917655592
1278,0.1224396428380756
1279,0.1223205964713063
1280,0.1222017781177256
1281,0.1220831873406155
1282,0.1219648237040874
1283,0.121846686773099
1284,0.1217287761134206
1285,0.1216110912916816
1286,0.1214936318753233
1287,0.1213763974326188
1288,0.1212593875326694
1289,0.1211426017453989
1290,0.1210260396415616
1291,0.1209097007927287
1292,0.1207935847712914
1293,0.120677691150459
1294,0.1205620195042688
1295,0.120446569407558
1296,0.1203313404359887
1297,0.1202163321660379
1298,0.1201015441749818
1299,0.1199869760409158
1300,0.1198726273427388
1301,0.1197584976601657
1302,0.1196445865737023
1303,0.1195308936646678
1304,0.1194174185151791
1305,0.1193041607081551
1306,0.1191911198273112
1307,0.1190782954571621
1308,0.1189656871830242
1309,0.1188532945909961
1310,0.1187411172679732
1311,0.1186291548016515
1312,0.1185174067805021
1313,0.1184058727937973
1314,0.1182945524315869
1315,0.1181834452847092
1316,0.1180725509447894
1317,0.1179618690042295
1318,0.117851399056213
1319,0.1177411406947067
1320,0.1176310935144489
1321,0.1175212571109633
1322,0.1174116310805371
1323,0.1173022150202383
1324,0.1171930085279057
1325,0.1170840112021452
1326,0.1169752226423377
1327,0.11686664244862
1328,0.1167582702219103
1329,0.116650105563878
1330,0.1165421480769612
1331,0.1164343973643578
1332,0.1163268530300277
1333,0.1162195146786916
1334,0.1161123819158192
1335,0.1160054543476398
1336,0.11589873158114
1337,0.1157922132240573
1338,0.1156858988848801
1339,0.1155797881728456
1340,0.1154738806979414
1341,0.1153681760709002
1342,0.1152626739031977
1343,0.115157373807064
1344,0.1150522753954604
1345,0.1149473782821007
1346,0.1148426820814224
1347,0.114738186408618
1348,0.1146338908796087
1349,0.1145297951110519
1350,0.1144258987203408
1351,0.1143222013256032
1352,0.1142187025456922
1353,0.1141154020001953
1354,0.1140122993094325
1355,0.1139093940944401
1356,0.1138066859769883
1357,0.1137041745795739
1358,0.1136018595254073
1359,0.1134997404384346
1360,0.1133978169433053
1361,0.1132960886653995
1362,0.1131945552308111
1363,0.1130932162663517
1364,0.1129920713995455
1365,0.1128911202586331
1366,0.1127903624725639
1367,0.1126897976709998
1368,0.1125894254843098
1369,0.1124892455435739
1370,0.1123892574805796
1371,0.1122894609278138
1372,0.1121898555184737
1373,0.1120904408864553
1374,0.1119912166663591
1375,0.1118921824934782
1376,0.1117933380038139
1377,0.111694682834059
1378,0.1115962166216027
1379,0.1114979390045306
1380,0.1113998496216169
1381,0.1113019481123326
1382,0.1112042341168393
1383,0.1111067072759847
1384,0.1110093672313027
1385,0.1109122136250233
1386,0.1108152461000499
1387,0.1107184642999784
1388,0.1106218678690804
1389,0.110525456452316
1390,0.1104292296953218
1391,0.1103331872444093
1392,0.1102373287465781
1393,0.1101416538494908
1394,0.1100461622014956
1395,0.1099508534516075
1396,0.1098557272495149
1397,0.1097607832455807
1398,0.1096660210908352
1399,0.1095714404369766
1400,0.1094770409363714
1401,0.1093828222420481
1402,0.1092887840077061
1403,0.1091949258877017
1404,0.1091012475370612
1405,0.1090077486114606
1406,0.1089144287672475
1407,0.1088212876614196
1408,0.1087283249516299
1409,0.1086355402961959
1410,0.1085429333540841
1411,0.1084505037849096
1412,0.1083582512489509
1413,0.1082661754071305
1414,0.1081742759210179
1415,0.1080825524528321
1416,0.1079910046654434
1417,0.1078996322223637
1418,0.1078084347877516
1419,0.1077174120264056
1420,0.1076265636037734
1421,0.1075358891859328
1422,0.107445388439609
1423,0.1073550610321682
1424,0.1072649066316069
1425,0.1071749249065536
1426,0.1070851155262828
1427,0.1069954781606975
1428,0.1069060124803323
1429,0.1068167181563521
1430,0.1067275948605518
1431,0.1066386422653587
1432,0.106549860043822
1433,0.1064612478696204
1434,0.1063728054170572
1435,0.1062845323610591
1436,0.1061964283771776
1437,0.1061084931415867
1438,0.1060207263310654
1439,0.1059331276230341
1440,0.1058456966955195
1441,0.1057584332271655
1442,0.1056713368972296
1443,0.1055844073855907
1444,0.1054976443727332
1445,0.1054110475397589
1446,0.1053246165683783
1447,0.1052383511409142
1448,0.1051522509402892
1449,0.1050663156500413
1450,0.1049805449543153
1451,0.104894938537854
1452,0.1048094960860115
1453,0.1047242172847388
1454,0.1046391018205964
1455,0.1045541493807343
1456,0.1044693596529062
1457,0.1043847323254693
1458,0.1043002670873696
1459,0.1042159636281568
1460,0.1041318216379618
1461,0.1040478408075272
1462,0.1039640208281749
1463,0.103880361391822
1464,0.1037968621909739
1465,0.1037135229187302
1466,0.1036303432687745
1467,0.1035473229353733
1468,0.1034644616133855
1469,0.1033817589982528
1470,0.1032992147859946
1471,0.1032168286732205
1472,0.1031346003571189
1473,0.103052529535454
1474,0.1029706159065712
1475,0.1028888591693996
1476,0.1028072590234324
1477,0.1027258151687522
1478,0.1026445273060058
1479,0.1025633951364147
1480,0.1024824183617791
1481,0.1024015966844676
1482,0.1023209298074137
1483,0.1022404174341246
1484,0.1021600592686764
1485,0.1020798550157074
1486,0.1019998043804273
1487,0.1019199070685999
1488,0.1018401627865723
1489,0.1017605712412308
1490,0.1016811321400383
1491,0.1016018451910169
1492,0.1015227101027417
1493,0.1014437265843462
1494,0.1013648943455296
1495,0.1012862130965374
1496,0.1012076825481781
1497,0.1011293024118047
1498,0.1010510723993321
1499,0.1009729922232229
1500,0.100895061596488
