#Pareto aproximation (linear regression) vs Original set
#ParetoLr(x), ParetoLr(CDF) 
1e-08,0
1.020960662306048e-08,0
1.042360673976401e-08,0
1.064209244064725e-08,0
1.086515774652537e-08,0
1.109289864895223e-08,0
1.132541315152813e-08,0
1.156280131207375e-08,0
1.180516528568806e-08,0
1.205260936870841e-08,0
1.230524004359262e-08,0
1.256316602474122e-08,0
1.28264983052806e-08,0
1.309535020482668e-08,0
1.336983741824945e-08,0
1.365007806546014e-08,0
1.393619274224144e-08,0
1.422830457214352e-08,0
1.452653925946781e-08,0
1.483102514336103e-08,0
1.514189325304352e-08,0
1.545927736419478e-08,0
1.578331405652117e-08,0
1.61141427725302e-08,0
1.645190587753661e-08,0
1.679674872092653e-08,0
1.714881969870541e-08,0
1.750827031735723e-08,0
1.787525525904235e-08,0
1.824993244816151e-08,0
1.86324631193156e-08,0
1.902301188668946e-08,0
1.942174681489025e-08,0
1.982883949127072e-08,0
2.024446509976802e-08,0
2.066880249629082e-08,0
2.110203428568597e-08,0
2.154434690031882e-08,0
2.199593068030075e-08,0
2.245697995539776e-08,0
2.292769312865649e-08,0
2.340827276178294e-08,0
2.389892566231048e-08,0
2.43998629725955e-08,0
2.491130026067791e-08,0
2.543345761304648e-08,0
2.596655972934873e-08,0
2.651083601908536e-08,0
2.706652070033241e-08,0
2.763385290053173e-08,0
2.821307675939471e-08,0
2.880444153396298e-08,0
2.940820170587061e-08,0
3.002461709085549e-08,0
3.06539529505653e-08,0
3.12964801067075e-08,0
3.195247505759214e-08,0
3.262222009711667e-08,0
3.330600343624589e-08,0
3.40041193270371e-08,0
3.471686818926559e-08,0
3.544455673970436e-08,0
3.618749812411276e-08,0
3.694601205199302e-08,0
3.772042493417001e-08,0
3.851107002325569e-08,0
3.93182875570577e-08,0
4.014242490499318e-08,0
4.098383671757262e-08,0
4.184288507901584e-08,0
4.271993966306777e-08,0
4.361537789208006e-08,0
4.45295850994266e-08,0
4.546295469532399e-08,0
4.641588833612782e-08,0
4.738879609717651e-08,0
4.838209664925958e-08,0
4.939621743878326e-08,0
5.043159487171359e-08,0.002156289670578349
5.148867450137498e-08,0.007341442711739643
5.256791122018419e-08,0.01249965184196322
5.366976945540476e-08,0.01763105707145463
5.479472336900293e-08,0.02273579768287426
5.594325706169378e-08,0.02781401223512048
5.711586478126435e-08,0.03286583856709102
5.831305113526219e-08,0.03789141380142191
5.95353313081437e-08,0.04289087434821226
6.078323128297236e-08,0.04786435590872451
6.2057288067765e-08,0.05281199347906862
6.335804992658255e-08,0.0577339213538679
6.46860766154632e-08,0.06263027312990066
6.604193962330306e-08,0.06750118170973063
6.742622241778349e-08,0.07234677930531086
6.883952069645497e-08,0.07716719744157363
7.028244264308353e-08,0.08196256696000193
7.175560918936921e-08,0.08673301802217803
7.32596542821523e-08,0.09147868011331972
7.479522515621828e-08,0.09619968204579166
7.636298261282242e-08,0.1008961519626038
7.796360130405237e-08,0.1055682173408902
7.959777002314978e-08,0.1102160049953662
8.126619200091946e-08,0.1148396410817748
8.296958520834915e-08,0.1194392511003066
8.470868266557402e-08,0.1240149598990089
8.648423275731727e-08,0.1285668916771747
8.829699955494083e-08,0.1330951699887116
9.014776314524918e-08,0.1375999177454986
9.20373199661823e-08,0.142081257220719
9.396648314954691e-08,0.1465393100521811
9.593608287093146e-08,0.1509741972456211
9.794696670695386e-08,0.1553860391779839
1e-07,0.1597749556006947
1.020960662306048e-07,0.1641410656429062
1.042360673976401e-07,0.1684844878147334
1.064209244064725e-07,0.1728053400104713
1.086515774652537e-07,0.1771037395117927
1.109289864895223e-07,0.1813798029909341
1.132541315152813e-07,0.1856336465138604
1.156280131207375e-07,0.189865385543416
1.180516528568806e-07,0.1940751349424605
1.205260936870841e-07,0.198263008976983
1.230524004359261e-07,0.2024291213192074
1.256316602474121e-07,0.206573585050675
1.28264983052806e-07,0.2106965126653149
1.309535020482668e-07,0.2147980160724982
1.336983741824945e-07,0.218878206600074
1.365007806546014e-07,0.222937194997393
1.393619274224144e-07,0.226975091438312
1.422830457214352e-07,0.2309920055241846
1.452653925946781e-07,0.2349880462868379
1.483102514336103e-07,0.2389633221915289
1.514189325304352e-07,0.2429179411398923
1.545927736419479e-07,0.2468520104728654
1.578331405652117e-07,0.2507656369736042
1.61141427725302e-07,0.2546589268703819
1.645190587753661e-07,0.2585319858394707
1.679674872092653e-07,0.2623849190080116
1.714881969870541e-07,0.2662178309568671
1.750827031735723e-07,0.2700308257234598
1.787525525904236e-07,0.2738240068045977
1.824993244816151e-07,0.2775974771592808
1.86324631193156e-07,0.2813513392114989
1.902301188668946e-07,0.2850856948530089
1.942174681489024e-07,0.2888006454461017
1.982883949127071e-07,0.2924962918263546
2.024446509976802e-07,0.2961727343053657
2.066880249629082e-07,0.2998300726734794
2.110203428568597e-07,0.3034684062024929
2.154434690031882e-07,0.3070878336483515
2.199593068030075e-07,0.3106884532538303
2.245697995539772e-07,0.3142703627511986
2.292769312865649e-07,0.3178336593648748
2.340827276178294e-07,0.321378439814064
2.389892566231048e-07,0.324904800315383
2.43998629725955e-07,0.3284128365854744
2.491130026067786e-07,0.3319026438436007
2.543345761304648e-07,0.335374316814233
2.596655972934872e-07,0.3388279497296189
2.651083601908536e-07,0.3422636363323417
2.706652070033241e-07,0.3456814698778654
2.763385290053167e-07,0.349081543137064
2.82130767593947e-07,0.3524639483987423
2.880444153396298e-07,0.3558287774721384
2.940820170587061e-07,0.3591761216894165
3.002461709085549e-07,0.3625060719081475
3.065395295056524e-07,0.3658187185137726
3.12964801067075e-07,0.3691141514220586
3.195247505759214e-07,0.3723924600815375
3.262222009711673e-07,0.3756537334759348
3.330600343624589e-07,0.3788980601265841
3.400411932703703e-07,0.3821255280948317
3.471686818926559e-07,0.385336224984425
3.544455673970435e-07,0.3885302379438909
3.618749812411284e-07,0.3917076536689013
3.694601205199302e-07,0.3948685584046261
3.772042493416994e-07,0.3980130379480752
3.851107002325569e-07,0.4011411776504265
3.93182875570577e-07,0.4042530624193418
4.014242490499326e-07,0.407348776721273
4.098383671757261e-07,0.4104284045837534
4.184288507901585e-07,0.4134920295976803
4.271993966306776e-07,0.4165397349195814
4.361537789208006e-07,0.4195716032738749
4.45295850994266e-07,0.4225877169551118
4.5462954695324e-07,0.4255881578302118
4.641588833612782e-07,0.4285730073406852
4.738879609717651e-07,0.431542346504842
4.838209664925957e-07,0.4344962559199935
4.939621743878326e-07,0.4374348157646375
5.043159487171359e-07,0.4403581058006353
5.148867450137498e-07,0.4432662053753784
5.25679112201842e-07,0.4461591934239394
5.366976945540476e-07,0.4490371484712173
5.479472336900293e-07,0.4519001486340667
5.594325706169378e-07,0.454748271623419
5.711586478126435e-07,0.4575815947463927
5.831305113526218e-07,0.4604001949083898
5.95353313081437e-07,0.4632041486151853
6.078323128297237e-07,0.4659935319750022
6.205728806776501e-07,0.4687684207005774
6.335804992658255e-07,0.4715288901112188
6.468607661546321e-07,0.4742750151348468
6.604193962330305e-07,0.4770068703100305
6.742622241778349e-07,0.4797245297880094
6.883952069645496e-07,0.4824280673347064
7.028244264308353e-07,0.4851175563327311
7.175560918936921e-07,0.4877930697833699
7.32596542821523e-07,0.4904546803085691
7.479522515621828e-07,0.4931024601529049
7.636298261282241e-07,0.4957364811855447
7.796360130405236e-07,0.4983568149021989
7.959777002314978e-07,0.5009635324270593
8.126619200091945e-07,0.5035567045147321
8.296958520834915e-07,0.5061364015521567
8.470868266557403e-07,0.5087026935605165
8.648423275731727e-07,0.5112556501971404
8.829699955494083e-07,0.5137953407573924
9.014776314524917e-07,0.5163218341765534
9.20373199661823e-07,0.5188351990316917
9.396648314954691e-07,0.5213355035435243
9.593608287093148e-07,0.5238228155782695
9.794696670695385e-07,0.5262972026494879
1e-06,0.5287587319199161
1.020960662306047e-06,0.5312074702032886
1.042360673976401e-06,0.5336434839661517
1.064209244064725e-06,0.5360668393296686
1.086515774652537e-06,0.5384776020714118
1.109289864895223e-06,0.5408758376271517
1.132541315152813e-06,0.5432616110926298
1.156280131207375e-06,0.5456349872253271
1.180516528568805e-06,0.5479960304462219
1.205260936870841e-06,0.5503448048415376
1.230524004359262e-06,0.5526813741644832
1.256316602474121e-06,0.5550058018369824
1.28264983052806e-06,0.5573181509513965
1.309535020482668e-06,0.5596184842722363
1.336983741824945e-06,0.5619068642378653
1.365007806546014e-06,0.5641833529621958
1.393619274224143e-06,0.5664480122363728
1.422830457214352e-06,0.568700903530453
1.452653925946781e-06,0.5709420879950731
1.483102514336103e-06,0.5731716264631083
1.514189325304352e-06,0.5753895794513253
1.545927736419479e-06,0.5775960071620235
1.57833140565212e-06,0.5797909694846697
1.61141427725302e-06,0.5819745259975232
1.645190587753661e-06,0.5841467359692541
1.679674872092653e-06,0.5863076583605513
1.714881969870541e-06,0.588457351825722
1.750827031735727e-06,0.5905958747142853
1.787525525904235e-06,0.592723285072555
1.82499324481615e-06,0.5948396406452156
1.86324631193156e-06,0.5969449988768898
1.902301188668946e-06,0.5990394169136972
1.942174681489028e-06,0.6011229516048057
1.982883949127071e-06,0.6031956595039742
2.024446509976802e-06,0.6052575968710892
2.066880249629082e-06,0.6073088196736895
2.110203428568597e-06,0.6093493835884874
2.154434690031886e-06,0.6113793440028783
2.199593068030075e-06,0.6133987560164451
2.245697995539772e-06,0.6154076744424541
2.292769312865649e-06,0.6174061538093417
2.340827276178294e-06,0.6193942483621953
2.389892566231052e-06,0.621372012064225
2.43998629725955e-06,0.623339498598229
2.491130026067786e-06,0.6252967613680507
2.543345761304648e-06,0.627243853500028
2.596655972934872e-06,0.6291808278444349
2.651083601908542e-06,0.6311077369769167
2.706652070033241e-06,0.6330246331999168
2.763385290053167e-06,0.6349315685440964
2.821307675939471e-06,0.6368285947697472
2.880444153396298e-06,0.638715763368195
2.940820170587067e-06,0.6405931255631991
3.002461709085549e-06,0.642460732312341
3.065395295056524e-06,0.6443186343084092
3.129648010670751e-06,0.6461668819807739
3.195247505759214e-06,0.6480055254967563
3.262222009711673e-06,0.6498346147629901
3.330600343624589e-06,0.6516541994267762
3.400411932703702e-06,0.6534643288774309
3.47168681892656e-06,0.6552650522476257
3.544455673970436e-06,0.6570564184147207
3.618749812411284e-06,0.6588384760020924
3.694601205199302e-06,0.6606112733804522
3.772042493416993e-06,0.6623748586691605
3.851107002325569e-06,0.6641292797375321
3.93182875570577e-06,0.6658745842061358
4.014242490499326e-06,0.6676108194480865
4.098383671757261e-06,0.6693380325903316
4.184288507901576e-06,0.6710562705149306
4.271993966306777e-06,0.6727655798603263
4.361537789208005e-06,0.6744660070226117
4.45295850994266e-06,0.6761575981567893
4.5462954695324e-06,0.6778403991780231
4.641588833612773e-06,0.6795144557628863
4.738879609717651e-06,0.6811798133505997
4.838209664925957e-06,0.6828365171442659
4.939621743878326e-06,0.6844846121120959
5.043159487171359e-06,0.6861241429886296
5.148867450137487e-06,0.6877551542759504
5.25679112201842e-06,0.6893776902448934
5.366976945540476e-06,0.6909917949362459
5.479472336900293e-06,0.6925975121619435
5.594325706169378e-06,0.6941948855062599
5.711586478126423e-06,0.6957839583269887
5.831305113526219e-06,0.6973647737566215
5.95353313081437e-06,0.6989373747035177
6.078323128297237e-06,0.7005018038530693
6.205728806776501e-06,0.7020581036688598
6.335804992658241e-06,0.7036063163938171
6.468607661546321e-06,0.7051464840513595
6.604193962330305e-06,0.7066786484465366
6.742622241778349e-06,0.708202851167164
6.883952069645496e-06,0.7097191335849518
7.028244264308338e-06,0.7112275368566283
7.175560918936921e-06,0.7127281019250569
7.32596542821523e-06,0.7142208695203466
7.479522515621829e-06,0.7157058801609586
7.636298261282242e-06,0.7171831741548056
7.796360130405221e-06,0.7186527916003457
7.959777002314978e-06,0.7201147723876716
8.126619200091945e-06,0.7215691561995925
8.296958520834915e-06,0.7230159825127114
8.470868266557402e-06,0.7244552905984967
8.648423275731709e-06,0.7258871195243485
8.829699955494083e-06,0.7273115081546587
9.014776314524917e-06,0.7287284951518657
9.20373199661823e-06,0.730138118977504
9.396648314954691e-06,0.7315404178932483
9.593608287093147e-06,0.732935429961952
9.794696670695386e-06,0.7343231930486802
1e-05,0.7357037448217378
1.020960662306048e-05,0.7370771227536914
1.042360673976401e-05,0.7384433641223866
1.064209244064725e-05,0.7398025060119606
1.086515774652537e-05,0.7411545853138476
1.109289864895223e-05,0.742499638727781
1.132541315152813e-05,0.743837702762789
1.156280131207375e-05,0.745168813738186
1.180516528568806e-05,0.7464930077845582
1.205260936870841e-05,0.7478103208447442
1.230524004359262e-05,0.749120788674811
1.256316602474121e-05,0.7504244468450244
1.28264983052806e-05,0.7517213307408137
1.309535020482668e-05,0.7530114755637337
1.336983741824945e-05,0.7542949163324185
1.365007806546014e-05,0.7555716878835337
1.393619274224143e-05,0.7568418248727202
1.422830457214352e-05,0.7581053617755364
1.452653925946781e-05,0.7593623328883935
1.483102514336103e-05,0.7606127723294855
1.514189325304352e-05,0.7618567140397171
1.545927736419479e-05,0.7630941917836229
1.578331405652116e-05,0.7643252391502855
1.61141427725302e-05,0.7655498895542464
1.645190587753661e-05,0.7667681762364132
1.679674872092653e-05,0.7679801322649622
1.714881969870541e-05,0.7691857905362349
1.750827031735727e-05,0.7703851837756323
1.787525525904236e-05,0.7715783445385019
1.82499324481615e-05,0.7727653052110226
1.86324631193156e-05,0.7739460980110829
1.902301188668946e-05,0.7751207549891554
1.942174681489028e-05,0.7762893080291671
1.982883949127071e-05,0.7774517888493647
2.024446509976802e-05,0.7786082290031756
2.066880249629082e-05,0.7797586598800644
2.110203428568597e-05,0.7809031127063846
2.154434690031887e-05,0.7820416185462264
2.199593068030075e-05,0.7831742083022598
2.245697995539772e-05,0.7843009127165739
2.292769312865649e-05,0.7854217623715104
2.340827276178294e-05,0.7865367876904945
2.389892566231053e-05,0.7876460189388603
2.43998629725955e-05,0.7887494862246723
2.491130026067786e-05,0.789847219499543
2.543345761304648e-05,0.7909392485594452
2.596655972934872e-05,0.7920256030455215
2.651083601908542e-05,0.7931063124448885
2.706652070033241e-05,0.7941814060914367
2.763385290053167e-05,0.795250913166628
2.821307675939471e-05,0.7963148627002865
2.880444153396298e-05,0.7973732835713869
2.940820170587067e-05,0.7984262045088386
3.002461709085549e-05,0.7994736540922651
3.065395295056524e-05,0.8005156607527802
3.12964801067075e-05,0.8015522527737594
3.195247505759214e-05,0.8025834582916076
3.262222009711673e-05,0.8036093052965226
3.330600343624589e-05,0.8046298216332557
3.400411932703703e-05,0.8056450350018662
3.471686818926559e-05,0.8066549729584749
3.544455673970435e-05,0.8076596629160102
3.618749812411284e-05,0.8086591321449537
3.694601205199302e-05,0.8096534077740793
3.772042493416993e-05,0.8106425167911908
3.851107002325569e-05,0.8116264860438533
3.93182875570577e-05,0.8126053422401223
4.014242490499326e-05,0.8135791119492686
4.098383671757261e-05,0.8145478216024998
4.184288507901576e-05,0.8155114974936775
4.271993966306776e-05,0.8164701657800307
4.361537789208006e-05,0.8174238524828665
4.45295850994266e-05,0.8183725834882756
4.5462954695324e-05,0.8193163845478354
4.641588833612772e-05,0.8202552812793089
4.738879609717651e-05,0.8211892991673403
4.838209664925957e-05,0.822118463564146
4.939621743878326e-05,0.8230427996902036
5.043159487171359e-05,0.8239623326349357
5.148867450137487e-05,0.8248770873573916
5.256791122018419e-05,0.8257870886869245
5.366976945540476e-05,0.8266923613238651
5.479472336900293e-05,0.8275929298401926
5.594325706169377e-05,0.8284888186802011
5.711586478126424e-05,0.8293800521611636
5.831305113526218e-05,0.8302666544739919
5.95353313081437e-05,0.8311486496838932
6.078323128297237e-05,0.832026061731023
6.2057288067765e-05,0.8328989144311354
6.335804992658241e-05,0.8337672314762291
6.468607661546321e-05,0.8346310364351912
6.604193962330305e-05,0.8354903527544359
6.742622241778349e-05,0.8363452037585416
6.883952069645496e-05,0.8371956126508839
7.028244264308338e-05,0.8380416025142653
7.175560918936922e-05,0.838883196311542
7.32596542821523e-05,0.8397204168862465
7.479522515621829e-05,0.8405532869632089
7.636298261282242e-05,0.8413818291491718
7.79636013040522e-05,0.8422060659334063
7.959777002314978e-05,0.8430260196883206
8.126619200091945e-05,0.8438417126700678
8.296958520834916e-05,0.8446531670191502
8.470868266557403e-05,0.84546040476102
8.648423275731709e-05,0.8462634478066775
8.829699955494083e-05,0.8470623179532656
9.014776314524917e-05,0.8478570368846612
9.203731996618231e-05,0.848647626172064
9.39664831495469e-05,0.8494341072745824
9.593608287093147e-05,0.8502165015398151
9.794696670695385e-05,0.8509948302044315
0.0001,0.8517691143947475
0.0001020960662306048,0.8525393751272987
0.0001042360673976401,0.853305633309412
0.0001064209244064725,0.8540679097397719
0.0001086515774652537,0.8548262251089853
0.0001109289864895223,0.8555806000001438
0.0001132541315152813,0.8563310548893817
0.0001156280131207375,0.8570776101464316
0.0001180516528568806,0.8578202860351783
0.0001205260936870841,0.8585591027142079
0.0001230524004359262,0.8592940802373552
0.0001256316602474122,0.8600252385542481
0.000128264983052806,0.8607525975108492
0.0001309535020482668,0.8614761768499944
0.0001336983741824945,0.8621959962119288
0.0001365007806546014,0.8629120751348395
0.0001393619274224143,0.8636244330553864
0.0001422830457214352,0.8643330893092294
0.0001452653925946781,0.8650380631315537
0.0001483102514336103,0.8657393736575912
0.0001514189325304352,0.8664370399231407
0.0001545927736419478,0.8671310808650838
0.0001578331405652116,0.8678215153218993
0.000161141427725302,0.8685083620341751
0.0001645190587753661,0.8691916396451154
0.0001679674872092653,0.8698713667010484
0.0001714881969870541,0.8705475616519285
0.0001750827031735723,0.8712202428518376
0.0001787525525904235,0.8718894285594835
0.0001824993244816151,0.8725551369386948
0.000186324631193156,0.8732173860589147
0.0001902301188668946,0.8738761938956912
0.0001942174681489025,0.8745315783311641
0.0001982883949127071,0.8751835571545523
0.0002024446509976802,0.8758321480626348
0.0002066880249629082,0.8764773686602321
0.0002110203428568597,0.8771192364606837
0.0002154434690031882,0.8777577688863235
0.0002199593068030075,0.8783929832689528
0.0002245697995539772,0.8790248968503105
0.0002292769312865649,0.8796535267825414
0.0002340827276178294,0.8802788901286615
0.0002389892566231048,0.8809010038630213
0.000243998629725955,0.8815198848717667
0.0002491130026067791,0.8821355499532968
0.0002543345761304648,0.8827480158187204
0.0002596655972934873,0.8833572990923094
0.0002651083601908536,0.8839634163119501
0.0002706652070033241,0.8845663839295917
0.0002763385290053172,0.8851662183116936
0.0002821307675939471,0.8857629357396689
0.0002880444153396298,0.886356552410327
0.000294082017058706,0.8869470844363123
0.0003002461709085549,0.8875345478465428
0.000306539529505653,0.8881189585866441
0.000312964801067075,0.8887003325193827
0.0003195247505759214,0.8892786854250967
0.0003262222009711667,0.8898540330021234
0.0003330600343624589,0.8904263908672264
0.000340041193270371,0.890995774556019
0.000347168681892656,0.8915621995233856
0.0003544455673970436,0.8921256811439016
0.0003618749812411277,0.8926862347122506
0.0003694601205199302,0.8932438754436398
0.0003772042493417001,0.8937986184742125
0.0003851107002325569,0.894350478861459
0.000393182875570577,0.8948994715846259
0.0004014242490499318,0.895445611545122
0.0004098383671757261,0.8959889135669232
0.0004184288507901585,0.8965293923969746
0.0004271993966306776,0.8970670627055908
0.0004361537789208006,0.8976019390868545
0.0004452958509942651,0.8981340360590121
0.0004546295469532399,0.898663368064868
0.0004641588833612782,0.8991899494721769
0.0004738879609717651,0.8997137945740329
0.0004838209664925957,0.9002349175892587
0.0004939621743878316,0.9007533326627906
0.0005043159487171359,0.9012690538660627
0.0005148867450137498,0.9017820951973892
0.0005256791122018419,0.9022924705823435
0.0005366976945540476,0.9028001938741375
0.0005479472336900282,0.903305278853996
0.0005594325706169377,0.9038077392315323
0.0005711586478126435,0.9043075886451195
0.0005831305113526219,0.9048048406622605
0.000595353313081437,0.905299508779957
0.0006078323128297224,0.9057916064250752
0.0006205728806776501,0.9062811469547104
0.0006335804992658254,0.9067681436565501
0.0006468607661546321,0.9072526097492338
0.0006604193962330305,0.9077345583827126
0.0006742622241778335,0.908214002638605
0.0006883952069645496,0.9086909555305538
0.0007028244264308353,0.9091654300045773
0.0007175560918936921,0.9096374389394222
0.000732596542821523,0.9101069951469125
0.0007479522515621828,0.9105741113722974
0.0007636298261282241,0.9110388002945971
0.0007796360130405237,0.9115010745269471
0.0007959777002314978,0.9119609466169406
0.0008126619200091946,0.912418429046969
0.0008296958520834915,0.9128735342345609
0.0008470868266557402,0.9133262745327184
0.0008648423275731727,0.9137766622302539
0.0008829699955494083,0.9142247095521218
0.0009014776314524918,0.9146704286597518
0.000920373199661823,0.9151138316513785
0.000939664831495469,0.9155549305623693
0.0009593608287093146,0.915993737365552
0.0009794696670695387,0.9164302639715389
0.001,0.916864522229051
0.001020960662306047,0.9172965239252386
0.001042360673976401,0.9177262807860019
0.001064209244064725,0.9181538044763093
0.001086515774652537,0.9185791066005138
0.001109289864895223,0.9190021987026677
0.001132541315152813,0.9194230922668368
0.001156280131207375,0.9198417987174111
0.001180516528568806,0.9202583294194158
0.001205260936870841,0.9206726956788189
0.001230524004359262,0.921084908742839
0.001256316602474122,0.92149497980025
0.00128264983052806,0.9219029199816845
0.001309535020482668,0.922308740359937
0.001336983741824945,0.9227124519502634
0.001365007806546014,0.9231140657106806
0.001393619274224143,0.9235135925422634
0.001422830457214352,0.9239110432894411
0.001452653925946781,0.9243064287402911
0.001483102514336103,0.9246997596268325
0.001514189325304352,0.9250910466253167
0.001545927736419478,0.9254803003565174
0.001578331405652117,0.9258675313860193
0.00161141427725302,0.9262527502245042
0.001645190587753661,0.9266359673280368
0.001679674872092653,0.9270171930983483
0.001714881969870541,0.927396437883119
0.001750827031735723,0.9277737119762584
0.001787525525904235,0.9281490256181858
0.00182499324481615,0.9285223889961072
0.00186324631193156,0.9288938122442925
0.001902301188668946,0.92926330544435
0.001942174681489024,0.9296308786255005
0.001982883949127072,0.9299965417648497
0.002024446509976802,0.9303603047876581
0.002066880249629082,0.9307221775676113
0.002110203428568597,0.9310821699270879
0.002154434690031882,0.9314402916374255
0.002199593068030075,0.9317965524191866
0.002245697995539772,0.932150961942422
0.002292769312865649,0.9325035298269336
0.002340827276178294,0.9328542656425355
0.002389892566231048,0.9332031789093131
0.00243998629725955,0.9335502790978827
0.002491130026067791,0.9338955756296473
0.002543345761304648,0.9342390778770533
0.002596655972934872,0.9345807951638445
0.002651083601908536,0.9349207367653148
0.002706652070033241,0.9352589119085609
0.002763385290053173,0.9355953297727319
0.002821307675939471,0.9359299994892786
0.002880444153396298,0.9362629301422019
0.002940820170587061,0.9365941307682986
0.003002461709085549,0.9369236103574075
0.00306539529505653,0.9372513778526526
0.00312964801067075,0.9375774421506864
0.003195247505759214,0.9379018121019311
0.003262222009711667,0.9382244965108191
0.003330600343624588,0.9385455041360318
0.00340041193270371,0.938864843690737
0.003471686818926559,0.9391825238428263
0.003544455673970436,0.9394985532151496
0.003618749812411277,0.9398129403857493
0.003694601205199302,0.9401256938880931
0.003772042493417001,0.9404368222113063
0.003851107002325569,0.940746333800401
0.003931828755705771,0.9410542370565065
0.004014242490499318,0.9413605403370965
0.004098383671757262,0.9416652519562164
0.004184288507901585,0.941968380184709
0.004271993966306777,0.9422699332504385
0.004361537789208006,0.9425699193385145
0.004452958509942651,0.9428683465915135
0.0045462954695324,0.9431652231097007
0.004641588833612782,0.9434605569512491
0.004738879609717651,0.9437543561324585
0.004838209664925958,0.9440466286279735
0.004939621743878316,0.9443373823709991
0.005043159487171359,0.9446266252535169
0.005148867450137497,0.944914365126499
0.005256791122018419,0.9452006098001206
0.005366976945540477,0.9454853670439728
0.005479472336900281,0.9457686445872731
0.005594325706169377,0.946050450119075
0.005711586478126435,0.9463307912884772
0.005831305113526219,0.9466096757048307
0.00595353313081437,0.9468871109379458
0.006078323128297224,0.9471631045182971
0.0062057288067765,0.9474376639372286
0.006335804992658254,0.9477107966471562
0.006468607661546321,0.9479825100617704
0.006604193962330305,0.9482528115562375
0.006742622241778335,0.9485217084674002
0.006883952069645496,0.9487892080939759
0.007028244264308352,0.9490553176967554
0.007175560918936921,0.9493200444987999
0.00732596542821523,0.9495833956856368
0.007479522515621813,0.949845378405455
0.007636298261282242,0.950105999769299
0.007796360130405237,0.9503652668512617
0.007959777002314978,0.9506231866886763
0.008126619200091946,0.9508797662823079
0.008296958520834915,0.9511350125965425
0.008470868266557402,0.9513889325595772
0.008648423275731726,0.9516415330636077
0.008829699955494083,0.9518928209650149
0.009014776314524917,0.9521428030845521
0.00920373199661823,0.952391486207529
0.009396648314954691,0.9526388770839966
0.009593608287093146,0.9528849824289306
0.009794696670695385,0.9531298089224125
0.01,0.9533733632098125
0.01020960662306048,0.9536156519019684
0.01042360673976401,0.9538566815753662
0.01064209244064725,0.954096458772318
0.01086515774652537,0.9543349900011395
0.01109289864895223,0.9545722817363274
0.01132541315152813,0.9548083404187337
0.01156280131207375,0.9550431724557423
0.01180516528568806,0.9552767842214417
0.01205260936870841,0.9555091820567982
0.01230524004359262,0.9557403722698286
0.01256316602474121,0.9559703611357703
0.0128264983052806,0.9561991548972529
0.01309535020482668,0.956426759764467
0.01336983741824945,0.9566531819153326
0.01365007806546014,0.9568784274956672
0.01393619274224144,0.9571025026193523
0.01422830457214352,0.9573254133684996
0.01452653925946781,0.957547165793616
0.01483102514336103,0.9577677659137674
0.01514189325304352,0.9579872197167433
0.01545927736419479,0.9582055331592176
0.01578331405652117,0.9584227121669118
0.0161141427725302,0.9586387626347548
0.01645190587753661,0.9588536904270438
0.01679674872092653,0.9590675013776028
0.01714881969870541,0.959280201289941
0.01750827031735723,0.9594917959374105
0.01787525525904235,0.9597022910633635
0.0182499324481615,0.9599116923813069
0.0186324631193156,0.9601200055750589
0.01902301188668946,0.9603272362989022
0.01942174681489025,0.9605333901777376
0.01982883949127071,0.9607384728072375
0.02024446509976802,0.9609424897539965
0.02066880249629082,0.9611454465556839
0.02110203428568597,0.9613473487211925
0.02154434690031882,0.9615482017307897
0.02199593068030075,0.9617480110362649
0.02245697995539772,0.9619467820610783
0.02292769312865649,0.9621445202005078
0.02340827276178294,0.9623412308217956
0.02389892566231048,0.9625369192642934
0.0243998629725955,0.9627315908396085
0.02491130026067786,0.9629252508317464
0.02543345761304648,0.9631179044972553
0.02596655972934872,0.9633095570653688
0.02651083601908536,0.963500213738147
0.02706652070033241,0.9636898796906185
0.02763385290053173,0.9638785600709208
0.02821307675939471,0.9640662600004393
0.02880444153396298,0.9642529845739474
0.02940820170587061,0.964438738859744
0.03002461709085549,0.9646235278997911
0.0306539529505653,0.9648073567098514
0.03129648010670751,0.9649902302796233
0.03195247505759213,0.9651721535728773
0.03262222009711666,0.9653531315275904
0.03330600343624589,0.9655331690560798
0.0340041193270371,0.9657122710451369
0.03471686818926559,0.9658904423561592
0.03544455673970436,0.9660676878252831
0.03618749812411277,0.9662440122635143
0.03694601205199302,0.9664194204568589
0.03772042493417001,0.9665939171664535
0.03851107002325569,0.9667675071286936
0.0393182875570577,0.9669401950553631
0.04014242490499318,0.9671119856337617
0.04098383671757262,0.9672828835268321
0.04184288507901585,0.9674528933732868
0.04271993966306777,0.9676220197877338
0.04361537789208006,0.967790267360802
0.04452958509942651,0.9679576406592657
0.04546295469532399,0.9681241442261687
0.04641588833612782,0.9682897825809474
0.04738879609717651,0.9684545602195538
0.04838209664925957,0.968618481614577
0.04939621743878315,0.9687815512153652
0.05043159487171359,0.9689437734481461
0.05148867450137497,0.9691051527161471
0.05256791122018419,0.9692656933997148
0.05366976945540476,0.9694253998564342
0.05479472336900281,0.9695842764212464
0.05594325706169378,0.9697423274065671
0.05711586478126435,0.9698995571024024
0.05831305113526219,0.9700559697764666
0.0595353313081437,0.9702115696742972
0.06078323128297224,0.9703663610193703
0.062057288067765,0.9705203480132157
0.06335804992658255,0.97067353483553
0.0646860766154632,0.9708259256442908
0.06604193962330306,0.9709775245758696
0.06742622241778336,0.9711283357451436
0.06883952069645496,0.9712783632456076
0.07028244264308353,0.9714276111494853
0.07175560918936921,0.9715760835078394
0.0732596542821523,0.9717237843506822
0.07479522515621813,0.9718707176870843
0.07636298261282241,0.9720168875052839
0.07796360130405237,0.9721622977727949
0.07959777002314977,0.9723069524365144
0.08126619200091946,0.9724508554228303
0.08296958520834916,0.9725940106377271
0.08470868266557402,0.9727364219668929
0.08648423275731726,0.9728780932758243
0.08829699955494083,0.9730190284099312
0.09014776314524918,0.9731592311946413
0.09203731996618231,0.9732987054355045
0.09396648314954691,0.973437454918295
0.09593608287093147,0.9735754834091154
0.09794696670695385,0.9737127946544979
0.1,0.9738493923815066
0.1020960662306048,0.9739852802978382
0.1042360673976401,0.9741204620919229
0.1064209244064725,0.974254941433025
0.1086515774652537,0.9743887219713413
0.1109289864895223,0.9745218073381012
0.1132541315152813,0.9746542011456651
0.1156280131207375,0.9747859069876219
0.1180516528568806,0.9749169284388871
0.1205260936870841,0.9750472690557997
0.1230524004359262,0.9751769323762188
0.1256316602474122,0.9753059219196193
0.128264983052806,0.9754342411871877
0.1309535020482668,0.975561893661917
0.1336983741824945,0.9756888828087016
0.1365007806546014,0.9758152120744309
0.1393619274224144,0.9759408848880829
0.1422830457214352,0.9760659046608178
0.1452653925946781,0.9761902747860696
0.1483102514336103,0.9763139986396392
0.1514189325304352,0.9764370795797858
0.1545927736419478,0.9765595209473172
0.1578331405652116,0.9766813260656821
0.161141427725302,0.9768024982410586
0.1645190587753661,0.9769230407624451
0.1679674872092653,0.9770429569017489
0.1714881969870541,0.9771622499138757
0.1750827031735723,0.9772809230368172
0.1787525525904236,0.9773989794917396
0.182499324481615,0.9775164224830704
0.186324631193156,0.9776332551985861
0.1902301188668946,0.9777494808094983
0.1942174681489025,0.9778651024705397
0.1982883949127071,0.9779801233200501
0.2024446509976802,0.9780945464800611
0.2066880249629082,0.9782083750563815
0.2110203428568597,0.9783216121386805
0.2154434690031882,0.9784342608005732
0.2199593068030075,0.9785463240997023
0.2245697995539772,0.9786578050778224
0.2292769312865649,0.9787687067608819
0.2340827276178294,0.9788790321591051
0.2389892566231048,0.9789887842670743
0.243998629725955,0.9790979660638108
0.2491130026067786,0.979206580512856
0.2543345761304648,0.9793146305623516
0.2596655972934873,0.9794221191451196
0.2651083601908536,0.9795290491787418
0.2706652070033241,0.9796354235656398
0.2763385290053172,0.9797412451931528
0.2821307675939471,0.9798465169336161
0.2880444153396298,0.97995124164444
0.2940820170587061,0.9800554221681861
0.3002461709085549,0.9801590613326452
0.306539529505653,0.9802621619509139
0.312964801067075,0.980364726821471
0.3195247505759213,0.9804667587282533
0.3262222009711667,0.9805682604407314
0.3330600343624588,0.9806692347139846
0.340041193270371,0.9807696842887759
0.3471686818926559,0.9808696118916262
0.3544455673970436,0.9809690202348887
0.3618749812411277,0.981067912016822
0.3694601205199303,0.9811662899216635
0.3772042493417002,0.9812641566197027
0.3851107002325569,0.9813615147673528
0.393182875570577,0.9814583670072239
0.4014242490499318,0.9815547159681938
0.4098383671757261,0.9816505642654798
0.4184288507901585,0.9817459145007096
0.4271993966306777,0.9818407692619917
0.4361537789208006,0.9819351311239864
0.4452958509942651,0.9820290026479745
0.4546295469532399,0.9821223863819281
0.4641588833612782,0.9822152848605784
0.4738879609717651,0.9823077006054859
0.4838209664925957,0.9823996361251078
0.4939621743878316,0.9824910939148667
0.5043159487171359,0.9825820764572176
0.5148867450137498,0.9826725862217165
0.5256791122018419,0.9827626256650861
0.5366976945540476,0.9828521972312834
0.5479472336900282,0.9829413033515656
0.5594325706169377,0.9830299464445562
0.5711586478126435,0.9831181289163109
0.5831305113526218,0.9832058531603822
0.595353313081437,0.9832931215578855
0.6078323128297224,0.9833799364775625
0.62057288067765,0.9834663002758464
0.6335804992658254,0.9835522152969252
0.6468607661546321,0.983637683872806
0.6604193962330305,0.9837227083233779
0.6742622241778335,0.9838072909564748
0.6883952069645496,0.9838914340679387
0.7028244264308353,0.983975139941681
0.7175560918936921,0.9840584108497454
0.732596542821523,0.9841412490523694
0.7479522515621814,0.9842236567980454
0.7636298261282242,0.9843056363235815
0.7796360130405237,0.984387189854163
0.7959777002314977,0.984468319603412
0.8126619200091946,0.984549027773448
0.8296958520834898,0.9846293165549477
0.8470868266557402,0.9847091881272038
0.8648423275731727,0.9847886446581848
0.8829699955494082,0.9848676883045938
0.9014776314524917,0.9849463212119269
0.9203731996618231,0.9850245455145312
0.9396648314954691,0.9851023633356633
0.9593608287093147,0.9851797767875461
0.9794696670695385,0.9852567879714271
1,0.9853333989776349
1.020960662306048,0.9854096118856359
1.042360673976403,0.9854854287640906
1.064209244064722,0.9855608516709106
1.086515774652537,0.9856358826533133
1.109289864895223,0.9857105237478783
1.132541315152813,0.9857847769806023
1.156280131207378,0.9858586443669543
1.180516528568803,0.9859321279119301
1.205260936870841,0.9860052296101068
1.230524004359262,0.9860779514456973
1.256316602474121,0.9861502953926032
1.282649830528062,0.9862222634144696
1.309535020482665,0.9862938574647375
1.336983741824945,0.986365079486697
1.365007806546014,0.9864359314135406
1.393619274224144,0.9865064151684148
1.422830457214355,0.9865765326644729
1.452653925946778,0.9866462858049269
1.483102514336103,0.9867156764830989
1.514189325304352,0.9867847065824725
1.545927736419479,0.9868533779767443
1.57833140565212,0.9869216925298745
1.611414277253017,0.9869896520961372
1.645190587753661,0.9870572585201713
1.679674872092653,0.9871245136370301
1.714881969870541,0.9871914192722316
1.750827031735727,0.9872579772418075
1.787525525904232,0.9873241893523527
1.824993244816151,0.9873900574010747
1.86324631193156,0.9874555831758416
1.902301188668946,0.9875207684552316
1.942174681489028,0.9875856150085804
1.982883949127067,0.98765012459603
2.024446509976802,0.9877142989685754
2.066880249629082,0.9877781398681136
2.110203428568596,0.9878416490274894
2.154434690031886,0.9879048281705436
2.19959306803007,0.987967679012159
2.245697995539772,0.9880302032583075
2.292769312865649,0.9880924026060959
2.340827276178294,0.9881542787438125
2.389892566231053,0.9882158333509723
2.439986297259545,0.9882770680983634
2.491130026067786,0.9883379846480913
2.543345761304648,0.9883985846536253
2.596655972934872,0.9884588697598422
2.651083601908542,0.9885188416030715
2.706652070033236,0.9885785018111397
2.763385290053167,0.9886378520034149
2.821307675939471,0.9886968937908499
2.880444153396298,0.9887556287760266
2.940820170587067,0.9888140585531996
3.002461709085543,0.9888721847083386
3.065395295056524,0.9889300088191726
3.12964801067075,0.9889875324552316
3.195247505759214,0.9890447571778905
3.262222009711673,0.98910168454041
3.330600343624582,0.9891583160879799
3.400411932703703,0.9892146533577605
3.47168681892656,0.9892706978789245
3.544455673970436,0.9893264511726987
3.618749812411284,0.9893819147524046
3.694601205199295,0.9894370901235001
3.772042493416994,0.9894919787836206
3.851107002325569,0.9895465822226188
3.93182875570577,0.9896009019226057
4.014242490499326,0.9896549393579909
4.098383671757253,0.9897086959955219
4.184288507901576,0.9897621732943253
4.271993966306777,0.9898153727059449
4.361537789208006,0.9898682956743819
4.45295850994266,0.9899209436361341
4.54629546953239,0.9899733180202347
4.641588833612772,0.990025420248291
4.738879609717651,0.9900772517345233
4.838209664925957,0.9901288138858029
4.939621743878326,0.9901801081016907
5.043159487171349,0.9902311357744747
5.148867450137487,0.9902818982892087
5.256791122018419,0.9903323970237483
5.366976945540476,0.9903826333487902
5.479472336900293,0.9904326086279077
5.594325706169389,0.9904823242175893
5.711586478126423,0.9905317814672738
5.831305113526219,0.9905809817193886
5.95353313081437,0.9906299263093848
6.078323128297236,0.9906786165657746
6.205728806776513,0.9907270538101661
6.335804992658241,0.9907752393573005
6.46860766154632,0.9908231745150865
6.604193962330306,0.990870860584637
6.742622241778349,0.9909182988603036
6.883952069645511,0.990965490629712
7.028244264308339,0.9910124371737967
7.175560918936921,0.9910591397668366
7.32596542821523,0.9911055996764885
7.479522515621829,0.991151818163822
7.636298261282257,0.9911977964833542
7.796360130405221,0.9912435358830826
7.959777002314977,0.9912890376045201
8.126619200091946,0.9913343028827284
8.296958520834915,0.9913793329463508
8.470868266557419,0.9914241290176466
8.648423275731709,0.9914686923125239
8.829699955494084,0.991513024040572
9.014776314524918,0.991557125405095
9.203731996618231,0.9916009976031445
9.39664831495471,0.9916446418255511
9.593608287093128,0.9916880592569582
9.794696670695386,0.9917312510758529
10,0.9917742184545985
