#Weibull - Cost J(iterations) convergence
#iterations, J(iterations)
1,0.5409065072962996
2,0.5156348631402622
3,0.513136499555964
4,0.5122468349347752
5,0.5114720779810285
6,0.5107067948182383
7,0.5099435413485719
8,0.5091817895631877
9,0.5084214995936014
10,0.5076626660292861
11,0.506905285896265
12,0.5061493563979867
13,0.5053948747549983
14,0.50464183819379
15,0.5038902439472378
16,0.5031400892521835
17,0.502391371351284
18,0.5016440874934561
19,0.500898234930885
20,0.5001538109234127
21,0.4994108127340925
22,0.498669237632126
23,0.4979290828922191
24,0.4971903457928505
25,0.4964530236201034
26,0.4957171136629673
27,0.4949826132173321
28,0.494249519582746
29,0.4935178300654645
30,0.4927875419756039
31,0.492058652628961
32,0.4913311593467602
33,0.4906050594548453
34,0.4898803502846814
35,0.4891570291723168
36,0.4884350934591942
37,0.4877145404919193
38,0.4869953676222138
39,0.4862775722063127
40,0.4855611516062008
41,0.4848461031886745
42,0.484132424325755
43,0.4834201123935198
44,0.4827091647745547
45,0.4819995788557627
46,0.4812913520287965
47,0.4805844816903742
48,0.4798789652426115
49,0.4791748000925862
50,0.4784719836515047
51,0.4777705133370368
52,0.4770703865700306
53,0.4763716007774115
54,0.4756741533909091
55,0.4749780418469375
56,0.474283263586829
57,0.4735898160571569
58,0.4728976967092288
59,0.4722069029984172
60,0.4715174323864277
61,0.4708292823386522
62,0.4701424503263485
63,0.4694569338242364
64,0.4687727303135307
65,0.4680898372786753
66,0.467408252209846
67,0.4667279726022803
68,0.4660489959548571
69,0.4653713197729129
70,0.464694941565145
71,0.4640198588450996
72,0.4633460691317059
73,0.462673569949336
74,0.4620023588248049
75,0.4613324332921083
76,0.4606637908882407
77,0.4599964291557946
78,0.4593303456422116
79,0.4586655378988116
80,0.4580020034824791
81,0.4573397399539044
82,0.4566787448794324
83,0.4560190158289755
84,0.4553605503780884
85,0.4547033461062862
86,0.4540474005984243
87,0.4533927114430822
88,0.4527392762342543
89,0.4520870925699191
90,0.4514361580532522
91,0.4507864702918616
92,0.4501380268971674
93,0.4494908254860904
94,0.4488448636801818
95,0.4482001391049202
96,0.4475566493904922
97,0.4469143921718489
98,0.446273365088285
99,0.4456335657833486
100,0.4449949919067481
101,0.4443576411096294
102,0.4437215110503524
103,0.4430865993908223
104,0.4424529037973289
105,0.4418204219403952
106,0.4411891514959423
107,0.4405590901426954
108,0.4399302355658523
109,0.43930258545351
110,0.43867613749885
111,0.4380508893995004
112,0.4374268388568351
113,0.4368039835776455
114,0.4361823212723614
115,0.4355618496562194
116,0.4349425664486063
117,0.4343244693731784
118,0.433707556158435
119,0.4330918245366523
120,0.4324772722442756
121,0.4318638970230551
122,0.4312516966186781
123,0.4306406687802477
124,0.4300308112627373
125,0.4294221218240207
126,0.4288145982267614
127,0.4282082382389297
128,0.4276030396305735
129,0.4269990001778512
130,0.4263961176607733
131,0.4257943898632049
132,0.4251938145733727
133,0.4245943895839886
134,0.4239961126920911
135,0.4233989816984305
136,0.4228029944076788
137,0.4222081486302574
138,0.4216144421794447
139,0.4210218728728969
140,0.4204304385326162
141,0.4198401369845922
142,0.419250966059614
143,0.4186629235917709
144,0.4180760074201643
145,0.4174902153871704
146,0.4169055453396373
147,0.4163219951289387
148,0.4157395626099452
149,0.4151582456417192
150,0.4145780420880131
151,0.4139989498162407
152,0.4134209666977797
153,0.4128440906082421
154,0.4122683194271678
155,0.4116936510385975
156,0.4111200833300853
157,0.4105476141938092
158,0.4099762415252218
159,0.4094059632243591
160,0.4088367771950588
161,0.4082686813453676
162,0.4077016735874096
163,0.4071357518369226
164,0.4065709140139143
165,0.4060071580422171
166,0.4054444818498076
167,0.4048828833684949
168,0.4043223605340642
169,0.4037629112861714
170,0.403204533568835
171,0.4026472253299123
172,0.4020909845204224
173,0.4015358090962401
174,0.4009816970168331
175,0.4004286462453887
176,0.399876654748915
177,0.3993257204993589
178,0.3987758414707941
179,0.3982270156426642
180,0.3976792409974672
181,0.3971325155223244
182,0.3965868372070226
183,0.3960422040466717
184,0.3954986140387242
185,0.3949560651855834
186,0.3944145554933418
187,0.3938740829711435
188,0.3933346456327726
189,0.3927962414951795
190,0.3922588685799974
191,0.3917225249116794
192,0.3911872085188945
193,0.3906529174342079
194,0.3901196496937523
195,0.3895874033374112
196,0.3890561764092881
197,0.3885259669563067
198,0.387996773029903
199,0.3874685926849766
200,0.3869414239803234
201,0.386415264978154
202,0.3858901137445158
203,0.3853659683494696
204,0.3848428268661305
205,0.3843206873720207
206,0.3837995479474982
207,0.3832794066778102
208,0.3827602616506636
209,0.3822421109581419
210,0.3817249526954021
211,0.3812087849619514
212,0.3806936058608186
213,0.3801794134979092
214,0.3796662059836676
215,0.3791539814316486
216,0.3786427379589309
217,0.378132473686888
218,0.3776231867397908
219,0.3771148752456587
220,0.3766075373361086
221,0.3761011711465548
222,0.3755957748159179
223,0.375091346486749
224,0.3745878843047971
225,0.3740853864192103
226,0.3735838509833981
227,0.3730832761540934
228,0.3725836600910083
229,0.3720850009584691
230,0.3715872969225958
231,0.3710905461552352
232,0.3705947468294686
233,0.3700998971238538
234,0.3696059952189865
235,0.3691130392998487
236,0.3686210275544676
237,0.3681299581744431
238,0.3676398293544073
239,0.3671506392937353
240,0.366662386193577
241,0.3661750682598113
242,0.3656886837013397
243,0.3652032307299694
244,0.3647187075619618
245,0.3642351124157741
246,0.3637524435149546
247,0.3632706990843297
248,0.3627898773537471
249,0.3623099765561452
250,0.3618309949270376
251,0.3613529307064583
252,0.3608757821371732
253,0.3603995474652102
254,0.3599242249400852
255,0.3594498128148832
256,0.3589763093462804
257,0.3585037127934025
258,0.358032021419239
259,0.3575612334902369
260,0.3570913472757395
261,0.3566223610487743
262,0.3561542730858375
263,0.3556870816662376
264,0.3552207850725717
265,0.3547553815916547
266,0.354290869512065
267,0.3538272471270412
268,0.3533645127321917
269,0.3529026646267884
270,0.352441701113784
271,0.3519816204980353
272,0.3515224210887157
273,0.3510641011985456
274,0.3506066591430275
275,0.3501500932396762
276,0.3496944018116658
277,0.3492395831832728
278,0.3487856356830602
279,0.3483325576426658
280,0.3478803473965948
281,0.3474290032828893
282,0.346978523642437
283,0.3465289068195556
284,0.3460801511615293
285,0.3456322550194991
286,0.3451852167464866
287,0.3447390347000168
288,0.3442937072394947
289,0.343849232728635
290,0.3434056095333977
291,0.3429628360236309
292,0.3425209105713435
293,0.3420798315529491
294,0.3416395973464915
295,0.3412002063342987
296,0.3407616569014957
297,0.3403239474357627
298,0.3398870763287696
299,0.3394510419740718
300,0.3390158427698538
301,0.3385814771158077
302,0.3381479434161233
303,0.3377152400767782
304,0.3372833655075679
305,0.3368523181210765
306,0.3364220963330771
307,0.3359926985620377
308,0.3355641232297498
309,0.3351363687611641
310,0.3347094335840149
311,0.334283316128912
312,0.333858014829647
313,0.33343352812326
314,0.3330098544491421
315,0.3325869922507628
316,0.3321649399732535
317,0.3317436960655645
318,0.3313232589792276
319,0.330903627169258
320,0.3304847990928956
321,0.3300667732106903
322,0.3296495479866748
323,0.3292331218871442
324,0.3288174933813541
325,0.3284026609414233
326,0.3279886230433423
327,0.32757537816447
328,0.3271629247863682
329,0.3267512613931592
330,0.3263403864714284
331,0.325930298511196
332,0.3255209960051997
333,0.325112477448872
334,0.3247047413408157
335,0.3242977861821071
336,0.3238916104774106
337,0.3234862127336505
338,0.3230815914606914
339,0.3226777451711916
340,0.3222746723813257
341,0.3218723716092558
342,0.3214708413758844
343,0.321070080206099
344,0.3206700866263283
345,0.3202708591669098
346,0.3198723963601706
347,0.3194746967415479
348,0.3190777588491241
349,0.318681581224263
350,0.3182861624106706
351,0.3178915009550592
352,0.3174975954064037
353,0.3171044443174277
354,0.3167120462431239
355,0.3163203997404916
356,0.3159295033711869
357,0.3155393556971679
358,0.3151499552855133
359,0.314761300704324
360,0.3143733905252205
361,0.3139862233225541
362,0.3135997976731239
363,0.3132141121567367
364,0.3128291653558068
365,0.312444955855418
366,0.3120614822433726
367,0.3116787431101418
368,0.3112967370491615
369,0.3109154626559469
370,0.3105349185295838
371,0.3101551032709951
372,0.3097760154843173
373,0.3093976537762826
374,0.3090200167563875
375,0.3086431030360027
376,0.3082669112299994
377,0.3078914399562574
378,0.3075166878338522
379,0.3071426534861181
380,0.3067693355377509
381,0.3063967326169366
382,0.3060248433537734
383,0.3056536663818626
384,0.3052832003363084
385,0.3049134438564222
386,0.3045443955822587
387,0.3041760541576073
388,0.3038084182288532
389,0.3034414864444278
390,0.3030752574559549
391,0.3027097299168314
392,0.302344902484124
393,0.3019807738169881
394,0.3016173425761411
395,0.3012546074267188
396,0.3008925670353436
397,0.3005312200711472
398,0.3001705652055137
399,0.2998106011135747
400,0.2994513264722036
401,0.2990927399602473
402,0.2987348402604152
403,0.2983776260568356
404,0.2980210960366808
405,0.2976652488896018
406,0.2973100833075187
407,0.2969555979850121
408,0.2966017916191849
409,0.2962486629096786
410,0.2958962105586836
411,0.2955444332702143
412,0.2951933297519446
413,0.2948428987131009
414,0.2944931388655566
415,0.2941440489238559
416,0.2937956276050348
417,0.293447873628353
418,0.2931007857156403
419,0.2927543625909145
420,0.2924086029812127
421,0.2920635056157999
422,0.2917190692258308
423,0.2913752925456911
424,0.2910321743114131
425,0.2906897132623662
426,0.2903479081394347
427,0.2900067576863579
428,0.2896662606493889
429,0.2893264157769564
430,0.2889872218198293
431,0.2886486775314808
432,0.2883107816674012
433,0.2879735329859009
434,0.2876369302470317
435,0.2873009722140845
436,0.2869656576515172
437,0.2866309853273828
438,0.2862969540117859
439,0.2859635624766783
440,0.2856308094965792
441,0.2852986938485489
442,0.284967214311857
443,0.2846363696682414
444,0.2843061587015522
445,0.2839765801982139
446,0.2836476329467879
447,0.2833193157379292
448,0.2829916273656083
449,0.2826645666247498
450,0.2823381323134269
451,0.2820123232318359
452,0.2816871381825983
453,0.2813625759701335
454,0.2810386354018792
455,0.28071531528691
456,0.2803926144370063
457,0.2800705316661765
458,0.2797490657901915
459,0.2794282156278592
460,0.279107979999852
461,0.2787883577289131
462,0.2784693476403928
463,0.2781509485618948
464,0.2778331593228947
465,0.2775159787553612
466,0.2771994056938457
467,0.2768834389743406
468,0.2765680774357342
469,0.2762533199187093
470,0.2759391652666046
471,0.2756256123245521
472,0.2753126599402738
473,0.2750003069632861
474,0.2746885522456632
475,0.2743773946414124
476,0.2740668330070176
477,0.2737568662008749
478,0.2734474930839122
479,0.2731387125186293
480,0.2728305233704392
481,0.2725229245064603
482,0.272215914795986
483,0.2719094931109305
484,0.2716036583246723
485,0.2712984093133471
486,0.2709937449546326
487,0.2706896641291256
488,0.2703861657191348
489,0.2700832486090686
490,0.2697809116852551
491,0.2694791538368551
492,0.2691779739546111
493,0.2688773709315353
494,0.2685773436626464
495,0.2682778910453864
496,0.2679790119789852
497,0.2676807053648087
498,0.2673829701065205
499,0.267085805109927
500,0.2667892092823973
501,0.2664931815340186
502,0.2661977207770234
503,0.265902825924993
504,0.2656084958942213
505,0.2653147296028504
506,0.2650215259712035
507,0.2647288839216342
508,0.2644368023782835
509,0.2641452802677668
510,0.2638543165183995
511,0.2635639100610908
512,0.2632740598281242
513,0.2629847647546413
514,0.2626960237765676
515,0.2624078358331978
516,0.2621201998650986
517,0.2618331148150249
518,0.2615465796279395
519,0.2612605932505133
520,0.2609751546315909
521,0.2606902627220753
522,0.2604059164748417
523,0.2601221148448618
524,0.2598388567887965
525,0.2595561412657787
526,0.2592739672363981
527,0.2589923336636837
528,0.2587112395127946
529,0.2584306837497876
530,0.2581506653440543
531,0.2578711832663511
532,0.2575922364892251
533,0.2573138239876177
534,0.2570359447378665
535,0.2567585977190713
536,0.2564817819116041
537,0.2562054962977138
538,0.2559297398624249
539,0.2556545115919304
540,0.2553798104746328
541,0.2551056355011019
542,0.254831985662928
543,0.2545588599550916
544,0.2542862573732106
545,0.254014176915587
546,0.2537426175821003
547,0.2534715783745498
548,0.253201058296831
549,0.2529310563545762
550,0.2526615715553936
551,0.2523926029087915
552,0.2521241494261109
553,0.2518562101206374
554,0.2515887840076998
555,0.2513218701043619
556,0.25105546742935
557,0.2507895750036067
558,0.2505241918498475
559,0.2502593169928006
560,0.2499949494586786
561,0.249731088275727
562,0.2494677324744233
563,0.2492048810864697
564,0.2489425331461394
565,0.248680687688824
566,0.2484193437523291
567,0.2481585003757631
568,0.2478981566007904
569,0.2476383114701409
570,0.2473789640289658
571,0.2471201133240398
572,0.2468617584037217
573,0.246603898318716
574,0.2463465321209996
575,0.246089658864814
576,0.2458332776057689
577,0.2455773874017576
578,0.2453219873123386
579,0.2450670763982828
580,0.2448126537233075
581,0.2445587183518245
582,0.2443052693506174
583,0.2440523057880559
584,0.2437998267345991
585,0.2435478312619449
586,0.2432963184441304
587,0.2430452873564795
588,0.2427947370764444
589,0.2425446666831389
590,0.2422950752574229
591,0.2420459618818492
592,0.2417973256409052
593,0.241549165620432
594,0.2413014809088297
595,0.2410542705951284
596,0.240807533771214
597,0.2405612695297776
598,0.240315476966012
599,0.2400701551762809
600,0.2398253032590599
601,0.239580920314299
602,0.2393370054435936
603,0.2390935577506955
604,0.2388505763405322
605,0.2386080603204045
606,0.2383660087986992
607,0.2381244208856756
608,0.237883295693329
609,0.2376426323357856
610,0.2374024299281314
611,0.2371626875874017
612,0.2369234044326857
613,0.2366845795845854
614,0.2364462121649684
615,0.2362083012977175
616,0.2359708461086963
617,0.235733845724814
618,0.2354972992751445
619,0.2352612058902632
620,0.2350255647023624
621,0.2347903748452314
622,0.2345556354545577
623,0.2343213456675437
624,0.2340875046228496
625,0.2338541114613743
626,0.2336211653248375
627,0.233388665357281
628,0.2331566107041926
629,0.2329250005125529
630,0.2326938339308919
631,0.23246311010998
632,0.2322328282013894
633,0.2320029873590419
634,0.2317735867377448
635,0.231544625494692
636,0.2313161027881135
637,0.2310880177781065
638,0.2308603696265058
639,0.2306331574963907
640,0.2304063805527388
641,0.2301800379619936
642,0.2299541288920975
643,0.2297286525130544
644,0.2295036079956512
645,0.2292789945130441
646,0.2290548112397265
647,0.2288310573513055
648,0.2286077320257545
649,0.2283848344420602
650,0.2281623637811423
651,0.2279403192251211
652,0.2277186999579098
653,0.2274975051648557
654,0.2272767340332223
655,0.2270563857511542
656,0.226836459509152
657,0.2266169544983971
658,0.2263978699126709
659,0.2261792049462548
660,0.2259609587957422
661,0.2257431306588484
662,0.2255257197347663
663,0.2253087252246163
664,0.2250921463308664
665,0.2248759822572093
666,0.2246602322093597
667,0.2244448953943873
668,0.2242299710203777
669,0.2240154582978929
670,0.2238013564381976
671,0.2235876646543385
672,0.2233743821611975
673,0.2231615081744534
674,0.2229490419119405
675,0.2227369825924943
676,0.2225253294368865
677,0.2223140816671578
678,0.2221032385067198
679,0.2218927991807985
680,0.2216827629157118
681,0.2214731289397072
682,0.2212638964820808
683,0.2210550647739263
684,0.2208466330475812
685,0.2206386005369812
686,0.2204309664773182
687,0.2202237301057693
688,0.2200168906603631
689,0.2198104473809324
690,0.2196043995088576
691,0.2193987462864929
692,0.2191934869582193
693,0.2189886207693836
694,0.2187841469671789
695,0.2185800647998538
696,0.2183763735175166
697,0.2181730723714745
698,0.2179701606141345
699,0.2177676375000474
700,0.217565502284934
701,0.217363754225649
702,0.2171623925805145
703,0.2169614166096032
704,0.216760825574275
705,0.2165606187370476
706,0.2163607953622424
707,0.216161354715256
708,0.2159622960631328
709,0.2157636186742515
710,0.2155653218183422
711,0.2153674047664837
712,0.2151698667911461
713,0.2149727071665607
714,0.2147759251680412
715,0.214579520071888
716,0.2143834911566422
717,0.2141878377015208
718,0.2139925589876428
719,0.2137976542971713
720,0.2136031229136011
721,0.2134089641219619
722,0.2132151772086545
723,0.2130217614615697
724,0.2128287161694459
725,0.2126360406232145
726,0.2124437341140824
727,0.212251795935829
728,0.2120602253826556
729,0.2118690217504517
730,0.2116781843361782
731,0.2114877124392424
732,0.2112976053586295
733,0.2111078623961502
734,0.2109184828544303
735,0.2107294660369665
736,0.2105408112491425
737,0.2103525177979595
738,0.2101645849907964
739,0.2099770121373161
740,0.209789798547866
741,0.2096029435344401
742,0.2094164464100493
743,0.2092303064895952
744,0.209044523088627
745,0.2088590955243218
746,0.2086740231150155
747,0.2084893051807806
748,0.2083049410425463
749,0.2081209300225766
750,0.2079372714446215
751,0.2077539646337579
752,0.2075710089158056
753,0.2073884036189302
754,0.2072061480713668
755,0.2070242416036749
756,0.2068426835470407
757,0.2066614732341838
758,0.2064806099988341
759,0.2063000931766496
760,0.2061199221036518
761,0.2059400961180481
762,0.2057606145587659
763,0.2055814767661669
764,0.2054026820816391
765,0.2052242298479698
766,0.2050461194096442
767,0.2048683501114333
768,0.2046909213004807
769,0.2045138323242859
770,0.2043370825322131
771,0.2041606712743992
772,0.2039845979024942
773,0.2038088617695549
774,0.2036334622293307
775,0.2034583986373643
776,0.2032836703500276
777,0.2031092767250265
778,0.2029352171218066
779,0.2027614909000914
780,0.2025880974217975
781,0.2024150360492756
782,0.2022423061465706
783,0.2020699070786795
784,0.2018978382122601
785,0.2017260989147079
786,0.2015546885544788
787,0.201383606502077
788,0.2012128521282633
789,0.2010424248055083
790,0.2008723239077589
791,0.2007025488093069
792,0.200533098886346
793,0.2003639735160299
794,0.2001951720769071
795,0.2000266939483876
796,0.1998585385113174
797,0.1996907051473716
798,0.1995231932400097
799,0.1993560021731951
800,0.1991891313328024
801,0.1990225801052388
802,0.1988563478782448
803,0.1986904340411132
804,0.1985248379839027
805,0.198359559097958
806,0.1981945967757289
807,0.1980299504108665
808,0.1978656193984331
809,0.1977016031342801
810,0.1975379010153889
811,0.1973745124403421
812,0.1972114368083998
813,0.1970486735204733
814,0.1968862219776374
815,0.1967240815838208
816,0.1965622517422266
817,0.1964007318583507
818,0.1962395213385413
819,0.1960786195902343
820,0.1959180260219844
821,0.1957577400436092
822,0.1955977610658621
823,0.1954380885008185
824,0.195278721761712
825,0.195119660262601
826,0.1949609034187161
827,0.1948024506469548
828,0.1946443013644898
829,0.1944864549903884
830,0.1943289109443162
831,0.1941716686471411
832,0.1940147275210815
833,0.1938580869892047
834,0.1937017464758136
835,0.1935457054062081
836,0.1933899632068229
837,0.1932345193054179
838,0.1930793731304132
839,0.1929245241116531
840,0.1927699716801686
841,0.1926157152675803
842,0.1924617543072434
843,0.1923080882328837
844,0.1921547164801963
845,0.192001638484894
846,0.1918488536846471
847,0.191696361517908
848,0.191544161424197
849,0.1913922528440316
850,0.1912406352189472
851,0.1910893079918843
852,0.1909382706065439
853,0.1907875225078003
854,0.1906370631415385
855,0.1904868919546833
856,0.1903370083954465
857,0.1901874119128572
858,0.1900381019567282
859,0.1898890779788756
860,0.189740339431231
861,0.1895918857671865
862,0.189443716440812
863,0.1892958309078998
864,0.189148228624595
865,0.1890009090487027
866,0.1888538716383961
867,0.1887071158534457
868,0.1885606411544191
869,0.1884144470028321
870,0.1882685328614496
871,0.1881228981940332
872,0.1879775424650098
873,0.1878324651404581
874,0.1876876656871186
875,0.1875431435725039
876,0.1873988982654592
877,0.1872549292359497
878,0.1871112359548788
879,0.1869678178940361
880,0.1868246745261981
881,0.1866818053252391
882,0.1865392097660129
883,0.1863968873245862
884,0.1862548374776428
885,0.1861130597032413
886,0.1859715534802158
887,0.185830318288308
888,0.1856893536088755
889,0.1855486589230143
890,0.185408233714349
891,0.1852680774661005
892,0.185128189663615
893,0.1849885697926849
894,0.184849217339816
895,0.1847101317932983
896,0.1845713126415601
897,0.1844327593741788
898,0.1842944714823172
899,0.1841564484576274
900,0.1840186897925995
901,0.1838811949810421
902,0.1837439635174316
903,0.1836069948976199
904,0.1834702886180088
905,0.183333844176238
906,0.1831976610705945
907,0.1830617388007032
908,0.1829260768669723
909,0.1827906747707516
910,0.1826555320143403
911,0.1825206481010445
912,0.1823860225350028
913,0.1822516548214005
914,0.182117544466698
915,0.1819836909776359
916,0.1818500938622341
917,0.1817167526295009
918,0.1815836667893804
919,0.1814508358526341
920,0.1813182593311518
921,0.1811859367375941
922,0.181053867585586
923,0.180922051389774
924,0.1807904876654788
925,0.180659175929274
926,0.1805281156986228
927,0.1803973064913438
928,0.1802667478273637
929,0.1801364392263683
930,0.1800063802094682
931,0.1798765702984381
932,0.1797470090164679
933,0.1796176958873117
934,0.1794886304354433
935,0.1793598121867648
936,0.1792312406674957
937,0.1791029154053838
938,0.1789748359284957
939,0.1788470017663265
940,0.1787194124489756
941,0.1785920675070601
942,0.1784649664730768
943,0.1783381088795393
944,0.1782114942603649
945,0.1780851221499298
946,0.1779589920841391
947,0.1778331035988556
948,0.177707456231977
949,0.1775820495213764
950,0.177456883006074
951,0.1773319562260948
952,0.177207268722043
953,0.1770828200358988
954,0.1769586097101674
955,0.176834637288631
956,0.1767109023149315
957,0.1765874043348392
958,0.1764641428941761
959,0.1763411175399777
960,0.1762183278200151
961,0.1760957732831654
962,0.1759734534787469
963,0.175851367957195
964,0.1757295162697728
965,0.1756078979686048
966,0.1754865126067616
967,0.1753653597381394
968,0.1752444389172742
969,0.1751237496999058
970,0.1750032916422083
971,0.1748830643016749
972,0.1747630672362937
973,0.174643300004786
974,0.1745237621674053
975,0.1744044532843882
976,0.1742853729175644
977,0.1741665206287364
978,0.1740478959815669
979,0.1739294985398631
980,0.1738113278684141
981,0.1736933835329245
982,0.1735756650999076
983,0.1734581721366163
984,0.1733409042111082
985,0.1732238608925947
986,0.1731070417508423
987,0.1729904463563005
988,0.1728740742804626
989,0.1727579250957169
990,0.1726419983752747
991,0.1725262936926829
992,0.1724108106228497
993,0.1722955487414153
994,0.1721805076245468
995,0.1720656868494519
996,0.1719510859943599
997,0.1718367046376526
998,0.1717225423591065
999,0.1716085987391001
1000,0.1714948733587472
1001,0.1713813658001884
1002,0.1712680756463142
1003,0.1711550024805344
1004,0.1710421458870931
1005,0.1709295054515888
1006,0.1708170807597967
1007,0.1707048713983463
1008,0.170592876955043
1009,0.1704810970181182
1010,0.1703695311767519
1011,0.17025817902101
1012,0.1701470401412918
1013,0.1700361141295411
1014,0.16992540057768
1015,0.1698148990789743
1016,0.169704609227194
1017,0.1695945306168315
1018,0.1694846628436415
1019,0.1693750055034165
1020,0.1692655581933915
1021,0.1691563205112974
1022,0.1690472920553036
1023,0.1689384724250206
1024,0.1688298612203021
1025,0.1687214580419132
1026,0.1686132624915717
1027,0.1685052741715859
1028,0.1683974926848508
1029,0.168289917635379
1030,0.1681825486276568
1031,0.1680753852671426
1032,0.1679684271599686
1033,0.1678616739130384
1034,0.1677551251339199
1035,0.1676487804307088
1036,0.1675426394130079
1037,0.1674367016904523
1038,0.1673309668736278
1039,0.1672254345740227
1040,0.1671201044036509
1041,0.1670149759754807
1042,0.1669100489030462
1043,0.1668053228008103
1044,0.1667007972833691
1045,0.1665964719671412
1046,0.1664923464683521
1047,0.1663884204043542
1048,0.1662846933932089
1049,0.1661811650535837
1050,0.1660778350049293
1051,0.1659747028675232
1052,0.1658717682624459
1053,0.1657690308109845
1054,0.165666490135859
1055,0.1655641458600251
1056,0.165461997607238
1057,0.1653600450024892
1058,0.1652582876704926
1059,0.1651567252373795
1060,0.165055357330032
1061,0.1649541835758391
1062,0.1648532036027465
1063,0.1647524170398169
1064,0.1646518235166081
1065,0.1645514226630082
1066,0.1644512141105209
1067,0.1643511974904845
1068,0.1642513724354374
1069,0.1641517385782806
1070,0.1640522955529471
1071,0.1639530429938948
1072,0.1638539805364085
1073,0.1637551078162633
1074,0.1636564244701657
1075,0.1635579301353963
1076,0.1634596244496564
1077,0.1633615070519817
1078,0.1632635775815111
1079,0.1631658356785688
1080,0.1630682809835059
1081,0.1629709131382724
1082,0.1628737317843578
1083,0.1627767365650206
1084,0.1626799271236217
1085,0.1625833031042586
1086,0.1624868641518939
1087,0.1623906099122508
1088,0.1622945400311789
1089,0.1621986541555712
1090,0.1621029519333513
1091,0.1620074330124781
1092,0.1619120970419435
1093,0.1618169436715403
1094,0.1617219725510898
1095,0.1616271833318705
1096,0.1615325756651252
1097,0.1614381492038125
1098,0.1613439036001417
1099,0.1612498385080642
1100,0.1611559535816168
1101,0.1610622484761157
1102,0.1609687228468402
1103,0.1608753763499591
1104,0.1607822086426534
1105,0.160689219382362
1106,0.1605964082270579
1107,0.1605037748360419
1108,0.1604113188686814
1109,0.1603190399848189
1110,0.1602269378457875
1111,0.1601350121126702
1112,0.1600432624478395
1113,0.1599516885139982
1114,0.1598602899744544
1115,0.1597690664935717
1116,0.1596780177356718
1117,0.1595871433662126
1118,0.1594964430514146
1119,0.1594059164577572
1120,0.1593155632523452
1121,0.1592253831031367
1122,0.1591353756789571
1123,0.1590455406486612
1124,0.1589558776822058
1125,0.1588663864500501
1126,0.1587770666232055
1127,0.1586879178733088
1128,0.1585989398728954
1129,0.15851013229473
1130,0.158421494812524
1131,0.1583330271003937
1132,0.1582447288331798
1133,0.1581565996864253
1134,0.1580686393362417
1135,0.1579808474589411
1136,0.1578932237324219
1137,0.1578057678341904
1138,0.1577184794430336
1139,0.1576313582380809
1140,0.157544403898835
1141,0.1574576161060244
1142,0.1573709945406647
1143,0.1572845388841956
1144,0.1571982488188392
1145,0.157112124027748
1146,0.1570261641939007
1147,0.1569403690016429
1148,0.1568547381356421
1149,0.1567692712810352
1150,0.1566839681238959
1151,0.1565988283502318
1152,0.1565138516475863
1153,0.1564290377033501
1154,0.1563443862058894
1155,0.1562598968442618
1156,0.1561755693074734
1157,0.1560914032860669
1158,0.1560073984702814
1159,0.1559235545514647
1160,0.1558398712215777
1161,0.1557563481731786
1162,0.1556729850987324
1163,0.155589781692249
1164,0.1555067376478821
1165,0.1554238526603694
1166,0.1553411264250713
1167,0.1552585586377332
1168,0.1551761489952232
1169,0.1550938971940351
1170,0.1550118029326354
1171,0.1549298659089099
1172,0.1548480858217507
1173,0.1547664623703243
1174,0.1546849952548916
1175,0.1546036841759933
1176,0.1545225288345627
1177,0.1544415289326998
1178,0.1543606841722813
1179,0.1542799942563727
1180,0.1541994588883224
1181,0.1541190777722874
1182,0.1540388506126623
1183,0.1539587771145907
1184,0.1538788569837244
1185,0.1537990899263243
1186,0.1537194756493105
1187,0.1536400138599106
1188,0.1535607042660954
1189,0.1534815465764546
1190,0.1534025405000771
1191,0.1533236857462876
1192,0.153244982025679
1193,0.1531664290486091
1194,0.1530880265265258
1195,0.1530097741712102
1196,0.152931671695045
1197,0.1528537188108821
1198,0.1527759152324219
1199,0.1526982606733958
1200,0.1526207548488782
1201,0.1525433974732618
1202,0.1524661882628155
1203,0.152389126933521
1204,0.1523122132023165
1205,0.1522354467862544
1206,0.1521588274031709
1207,0.1520823547718221
1208,0.1520060286107874
1209,0.1519298486395211
1210,0.1518538145780967
1211,0.1517779261470577
1212,0.1517021830675121
1213,0.1516265850611248
1214,0.1515511318497686
1215,0.1514758231564234
1216,0.1514006587041015
1217,0.1513256382164327
1218,0.1512507614180169
1219,0.1511760280333433
1220,0.151101437787982
1221,0.1510269904074411
1222,0.150952685618514
1223,0.1508785231475848
1224,0.150804502722565
1225,0.150730624070937
1226,0.1506568869213596
1227,0.1505832910031153
1228,0.1505098360452036
1229,0.1504365217777703
1230,0.1503633479316752
1231,0.1502903142374557
1232,0.1502174204270667
1233,0.1501446662323565
1234,0.1500720513860777
1235,0.1499995756211876
1236,0.1499272386714186
1237,0.1498550402709152
1238,0.1497829801540783
1239,0.149711058056329
1240,0.1496392737132224
1241,0.1495676268608608
1242,0.1494961172358858
1243,0.1494247445756516
1244,0.1493535086174247
1245,0.1492824090997821
1246,0.1492114457613802
1247,0.1491406183411487
1248,0.1490699265788404
1249,0.1489993702147134
1250,0.1489289489892937
1251,0.1488586626438677
1252,0.1487885109200249
1253,0.1487184935599369
1254,0.1486486103062152
1255,0.1485788609021192
1256,0.1485092450912893
1257,0.1484397626175259
1258,0.1483704132259642
1259,0.1483011966612768
1260,0.1482321126693072
1261,0.1481631609960434
1262,0.1480943413881136
1263,0.1480256535922779
1264,0.1479570973565073
1265,0.1478886724286269
1266,0.1478203785569996
1267,0.1477522154907046
1268,0.1476841829794067
1269,0.1476162807728005
1270,0.1475485086214428
1271,0.1474808662761248
1272,0.1474133534883057
1273,0.1473459700097107
1274,0.1472787155928731
1275,0.1472115899906822
1276,0.1471445929559402
1277,0.1470777242428063
1278,0.1470109836054775
1279,0.1469443707985048
1280,0.1468778855769819
1281,0.1468115276967588
1282,0.1467452969137369
1283,0.1466791929847856
1284,0.1466132156665851
1285,0.1465473647166099
1286,0.1464816398933634
1287,0.1464160409547737
1288,0.1463505676598582
1289,0.1462852197678346
1290,0.1462199970387056
1291,0.1461548992327769
1292,0.1460899261105693
1293,0.1460250774336111
1294,0.1459603529631462
1295,0.1458957524614853
1296,0.1458312756911614
1297,0.1457669224151705
1298,0.1457026923971912
1299,0.1456385854006783
1300,0.1455746011905058
1301,0.1455107395310825
1302,0.1454470001881213
1303,0.1453833829267881
1304,0.1453198875137712
1305,0.1452565137153811
1306,0.1451932612987894
1307,0.1451301300316832
1308,0.1450671196815637
1309,0.1450042300173763
1310,0.1449414608074236
1311,0.1448788118215815
1312,0.1448162828290512
1313,0.1447538736003765
1314,0.1446915839060946
1315,0.1446294135169741
1316,0.1445673622048832
1317,0.1445054297415132
1318,0.1444436158994221
1319,0.1443819204510167
1320,0.1443203431700113
1321,0.1442588838298012
1322,0.1441975422048324
1323,0.1441363180691912
1324,0.1440752111978113
1325,0.1440142213666709
1326,0.1439533483509681
1327,0.1438925919274337
1328,0.1438319518725248
1329,0.1437714279633047
1330,0.1437110199773353
1331,0.1436507276929277
1332,0.1435905508878527
1333,0.1435304893414917
1334,0.1434705428327687
1335,0.143410711141597
1336,0.1433509940477993
1337,0.1432913913320744
1338,0.1432319027752375
1339,0.1431725281585504
1340,0.1431132672640089
1341,0.1430541198738407
1342,0.1429950857701701
1343,0.1429361647366293
1344,0.1428773565562098
1345,0.1428186610131685
1346,0.1427600778910644
1347,0.1427016069752705
1348,0.1426432480505879
1349,0.1425850009025789
1350,0.1425268653172924
1351,0.1424688410806418
1352,0.1424109279797376
1353,0.142353125801687
1354,0.142295434333714
1355,0.14223785336428
1356,0.1421803826812872
1357,0.1421230220736414
1358,0.1420657713304561
1359,0.1420086302415617
1360,0.1419515985966921
1361,0.1418946761862879
1362,0.1418378628010842
1363,0.1417811582325315
1364,0.1417245622718822
1365,0.1416680747111184
1366,0.1416116953427922
1367,0.1415554239596114
1368,0.1414992603548276
1369,0.1414432043219251
1370,0.1413872556547643
1371,0.1413314141478587
1372,0.1412756795958318
1373,0.141220051794235
1374,0.1411645305379429
1375,0.1411091156234789
1376,0.1410538068467924
1377,0.1409986040047039
1378,0.1409435068942805
1379,0.1408885153131151
1380,0.1408336290590123
1381,0.1407788479303224
1382,0.1407241717255325
1383,0.1406696002437988
1384,0.140615133284527
1385,0.1405607706475442
1386,0.1405065121328923
1387,0.1404523575414238
1388,0.1403983066738363
1389,0.1403443593314875
1390,0.1402905153161344
1391,0.1402367744298383
1392,0.1401831364754052
1393,0.1401296012552201
1394,0.1400761685725679
1395,0.1400228382314119
1396,0.1399696100354524
1397,0.1399164837889354
1398,0.139863459296987
1399,0.1398105363644281
1400,0.139757714796889
1401,0.1397049943999651
1402,0.1396523749800316
1403,0.1395998563438669
1404,0.1395474382980449
1405,0.1394951206503661
1406,0.1394429032081181
1407,0.1393907857797739
1408,0.1393387681733209
1409,0.1392868501979442
1410,0.1392350316626158
1411,0.1391833123768558
1412,0.1391316921506615
1413,0.1390801707943571
1414,0.1390287481184929
1415,0.1389774239339807
1416,0.1389261980524212
1417,0.1388750702852545
1418,0.1388240404448088
1419,0.1387731083431897
1420,0.1387222737935633
1421,0.1386715366089388
1422,0.138620896602849
1423,0.1385703535889611
1424,0.1385199073816872
1425,0.1384695577954383
1426,0.1384193046457877
1427,0.1383691477472551
1428,0.1383190869157633
1429,0.1382691219673306
1430,0.1382192527183803
1431,0.1381694789855485
1432,0.1381198005859711
1433,0.1380702173368016
1434,0.1380207290559733
1435,0.1379713355616916
1436,0.1379220366723518
1437,0.1378728322063998
1438,0.1378237219835556
1439,0.1377747058228243
1440,0.1377257835444712
1441,0.1376769549684224
1442,0.1376282199152001
1443,0.1375795782057309
1444,0.1375310296612489
1445,0.137482574103416
1446,0.1374342113538299
1447,0.1373859412349862
1448,0.1373377635695183
1449,0.137289678179873
1450,0.1372416848899386
1451,0.1371937835230156
1452,0.137145973903127
1453,0.1370982558543082
1454,0.1370506292014577
1455,0.1370030937694129
1456,0.1369556493833662
1457,0.1369082958690413
1458,0.136861033052517
1459,0.1368138607596915
1460,0.1367667788175733
1461,0.1367197870528506
1462,0.13667288529302
1463,0.1366260733655811
1464,0.136579351098375
1465,0.1365327183198903
1466,0.136486174858473
1467,0.1364397205432367
1468,0.1363933552034476
1469,0.1363470786685883
1470,0.1363008907686487
1471,0.1362547913336061
1472,0.1362087801945539
1473,0.1361628571819455
1474,0.1361170221270507
1475,0.1360712748614263
1476,0.1360256152170538
1477,0.1359800430260514
1478,0.1359345581208748
1479,0.1358891603340834
1480,0.1358438494992686
1481,0.1357986254496779
1482,0.135753488019121
1483,0.1357084370417506
1484,0.135663472351741
1485,0.1356185937842148
1486,0.1355738011738701
1487,0.135529094356061
1488,0.1354844731668498
1489,0.1354399374418731
1490,0.1353954870174806
1491,0.1353511217304496
1492,0.1353068414176223
1493,0.13526264591629
1494,0.1352185350637452
1495,0.1351745086983656
1496,0.1351305666579057
1497,0.1350867087810091
1498,0.1350429349064696
1499,0.1349992448734275
1500,0.1349556385213381
