#Weibull aproximation vs Original set
#W(x), W(CDF) 
1e-08,0.01512756136951454
1.020960662306048e-08,0.01523564643065911
1.042360673976401e-08,0.01534449771812674
1.064209244064725e-08,0.01545412057683893
1.086515774652537e-08,0.01556452038774481
1.109289864895223e-08,0.01567570256804629
1.132541315152813e-08,0.01578767257142322
1.156280131207375e-08,0.01590043588826018
1.180516528568806e-08,0.016013998045875
1.205260936870841e-08,0.01612836460874711
1.230524004359262e-08,0.01624354117874816
1.256316602474122e-08,0.01635953339537299
1.28264983052806e-08,0.01647634693597266
1.309535020482668e-08,0.01659398751598717
1.336983741824945e-08,0.01671246088918121
1.365007806546014e-08,0.01683177284787907
1.393619274224144e-08,0.01695192922320221
1.422830457214352e-08,0.01707293588530723
1.452653925946781e-08,0.01719479874362495
1.483102514336103e-08,0.01731752374710127
1.514189325304352e-08,0.01744111688443817
1.545927736419478e-08,0.01756558418433662
1.578331405652117e-08,0.01769093171574054
1.61141427725302e-08,0.01781716558808144
1.645190587753661e-08,0.01794429195152492
1.679674872092653e-08,0.01807231699721723
1.714881969870541e-08,0.01820124695753444
1.750827031735723e-08,0.01833108810633111
1.787525525904235e-08,0.01846184675919171
1.824993244816151e-08,0.01859352927368163
1.86324631193156e-08,0.01872614204960044
1.902301188668946e-08,0.01885969152923617
1.942174681489025e-08,0.01899418419761967
1.982883949127072e-08,0.01912962658278172
2.024446509976802e-08,0.01926602525600984
2.066880249629082e-08,0.01940338683210729
2.110203428568597e-08,0.01954171796965221
2.154434690031882e-08,0.01968102537125871
2.199593068030075e-08,0.0198213157838385
2.245697995539776e-08,0.0199625959988643
2.292769312865649e-08,0.02010487285263352
2.340827276178294e-08,0.02024815322653362
2.389892566231048e-08,0.02039244404730856
2.43998629725955e-08,0.02053775228732624
2.491130026067791e-08,0.02068408496484653
2.543345761304648e-08,0.02083144914429158
2.596655972934873e-08,0.0209798519365163
2.651083601908536e-08,0.0211293004990798
2.706652070033241e-08,0.02127980203651902
2.763385290053173e-08,0.02143136380062183
2.821307675939471e-08,0.02158399309070291
2.880444153396298e-08,0.02173769725387953
2.940820170587061e-08,0.02189248368534857
3.002461709085549e-08,0.02204835982866504
3.06539529505653e-08,0.02220533317602125
3.12964801067075e-08,0.02236341126852759
3.195247505759214e-08,0.02252260169649345
3.262222009711667e-08,0.02268291209970974
3.330600343624589e-08,0.02284435016773279
3.40041193270371e-08,0.02300692364016865
3.471686818926559e-08,0.0231706403069587
3.544455673970436e-08,0.02333550800866602
3.618749812411276e-08,0.02350153463676341
3.694601205199302e-08,0.02366872813392162
3.772042493417001e-08,0.0238370964942991
3.851107002325569e-08,0.02400664776383277
3.93182875570577e-08,0.02417739004052921
4.014242490499318e-08,0.0243493314747576
4.098383671757262e-08,0.02452248026954285
4.184288507901584e-08,0.02469684468086042
4.271993966306777e-08,0.02487243301793174
4.361537789208006e-08,0.02504925364352006
4.45295850994266e-08,0.02522731497422848
4.546295469532399e-08,0.02540662548079764
4.641588833612782e-08,0.02558719368840523
4.738879609717651e-08,0.02576902817696547
4.838209664925958e-08,0.02595213758143067
4.939621743878326e-08,0.02613653059209264
5.043159487171359e-08,0.0263222159548856
5.148867450137498e-08,0.02650920247168931
5.256791122018419e-08,0.02669749900063401
5.366976945540476e-08,0.02688711445640513
5.479472336900293e-08,0.02707805781054973
5.594325706169378e-08,0.02727033809178303
5.711586478126435e-08,0.02746396438629639
5.831305113526219e-08,0.02765894583806527
5.95353313081437e-08,0.0278552916491589
6.078323128297236e-08,0.02805301108004998
6.2057288067765e-08,0.02825211344992551
6.335804992658255e-08,0.02845260813699824
6.46860766154632e-08,0.02865450457881835
6.604193962330306e-08,0.02885781227258721
6.742622241778349e-08,0.0290625407754701
6.883952069645497e-08,0.02926869970491075
7.028244264308353e-08,0.02947629873894608
7.175560918936921e-08,0.02968534761652175
7.32596542821523e-08,0.02989585613780832
7.479522515621828e-08,0.03010783416451757
7.636298261282242e-08,0.03032129162022046
7.796360130405237e-08,0.03053623849066422
7.959777002314978e-08,0.03075268482409121
8.126619200091946e-08,0.03097064073155775
8.296958520834915e-08,0.03119011638725344
8.470868266557402e-08,0.03141112202882101
8.648423275731727e-08,0.03163366795767675
8.829699955494083e-08,0.03185776453933165
9.014776314524918e-08,0.03208342220371185
9.20373199661823e-08,0.03231065144548095
9.396648314954691e-08,0.03253946282436193
9.593608287093146e-08,0.03276986696545914
9.794696670695386e-08,0.03300187455958115
1e-07,0.03323549636356427
1.020960662306048e-07,0.03347074320059495
1.042360673976401e-07,0.03370762596053389
1.064209244064725e-07,0.03394615560023984
1.086515774652537e-07,0.03418634314389335
1.109289864895223e-07,0.03442819968332089
1.132541315152813e-07,0.03467173637831955
1.156280131207375e-07,0.034916964456981
1.180516528568806e-07,0.03516389521601671
1.205260936870841e-07,0.03541254002108152
1.230524004359261e-07,0.03566291030709967
1.256316602474121e-07,0.03591501757858828
1.28264983052806e-07,0.03616887340998243
1.309535020482668e-07,0.03642448944596011
1.336983741824945e-07,0.03668187740176621
1.365007806546014e-07,0.03694104906353735
1.393619274224144e-07,0.03720201628862596
1.422830457214352e-07,0.03746479100592426
1.452653925946781e-07,0.03772938521618829
1.483102514336103e-07,0.03799581099236171
1.514189325304352e-07,0.03826408047989904
1.545927736419479e-07,0.03853420589708823
1.578331405652117e-07,0.03880619953537412
1.61141427725302e-07,0.03908007375968037
1.645190587753661e-07,0.03935584100873113
1.679674872092653e-07,0.03963351379537294
1.714881969870541e-07,0.03991310470689491
1.750827031735723e-07,0.04019462640534988
1.787525525904236e-07,0.04047809162787352
1.824993244816151e-07,0.04076351318700389
1.86324631193156e-07,0.04105090397099964
1.902301188668946e-07,0.04134027694415798
1.942174681489024e-07,0.04163164514713147
1.982883949127071e-07,0.04192502169724432
2.024446509976802e-07,0.04222041978880764
2.066880249629082e-07,0.04251785269343411
2.110203428568597e-07,0.04281733376035146
2.154434690031882e-07,0.04311887641671452
2.199593068030075e-07,0.04342249416791755
2.245697995539772e-07,0.04372820059790394
2.292769312865649e-07,0.04403600936947583
2.340827276178294e-07,0.04434593422460231
2.389892566231048e-07,0.04465798898472573
2.43998629725955e-07,0.04497218755106802
2.491130026067786e-07,0.04528854390493453
2.543345761304648e-07,0.04560707210801662
2.596655972934872e-07,0.04592778630269367
2.651083601908536e-07,0.04625070071233228
2.706652070033241e-07,0.04657582964158535
2.763385290053167e-07,0.04690318747668776
2.82130767593947e-07,0.04723278868575254
2.880444153396298e-07,0.04756464781906311
2.940820170587061e-07,0.04789877950936539
3.002461709085549e-07,0.04823519847215718
3.065395295056524e-07,0.04857391950597578
3.12964801067075e-07,0.04891495749268393
3.195247505759214e-07,0.04925832739775315
3.262222009711673e-07,0.04960404427054521
3.330600343624589e-07,0.04995212324459175
3.400411932703703e-07,0.05030257953787121
3.471686818926559e-07,0.05065542845308357
3.544455673970435e-07,0.05101068537792253
3.618749812411284e-07,0.05136836578534554
3.694601205199302e-07,0.05172848523384121
3.772042493416994e-07,0.05209105936769376
3.851107002325569e-07,0.05245610391724564
3.93182875570577e-07,0.05282363469915596
4.014242490499326e-07,0.05319366761665756
4.098383671757261e-07,0.05356621865981015
4.184288507901585e-07,0.05394130390575136
4.271993966306776e-07,0.05431893951894351
4.361537789208006e-07,0.05469914175141832
4.45295850994266e-07,0.05508192694301783
4.5462954695324e-07,0.0554673115216322
4.641588833612782e-07,0.05585531200343374
4.738879609717651e-07,0.05624594499310809
4.838209664925957e-07,0.05663922718408132
4.939621743878326e-07,0.05703517535874314
5.043159487171359e-07,0.05743380638866724
5.148867450137498e-07,0.05783513723482669
5.25679112201842e-07,0.05823918494780633
5.366976945540476e-07,0.05864596666801047
5.479472336900293e-07,0.05905549962586676
5.594325706169378e-07,0.05946780114202554
5.711586478126435e-07,0.05988288862755542
5.831305113526218e-07,0.06030077958413371
5.95353313081437e-07,0.0607214916042329
6.078323128297237e-07,0.06114504237130214
6.205728806776501e-07,0.0615714496599441
6.335804992658255e-07,0.06200073133608697
6.468607661546321e-07,0.06243290535715151
6.604193962330305e-07,0.06286798977221331
6.742622241778349e-07,0.06330600272215892
6.883952069645496e-07,0.06374696243983802
7.028244264308353e-07,0.06419088725020938
7.175560918936921e-07,0.06463779557048122
7.32596542821523e-07,0.06508770591024648
7.479522515621828e-07,0.06554063687161171
7.636298261282241e-07,0.06599660714932065
7.796360130405236e-07,0.06645563553087175
7.959777002314978e-07,0.06691774089662894
8.126619200091945e-07,0.06738294221992702
8.296958520834915e-07,0.06785125856717034
8.470868266557403e-07,0.06832270909792426
8.648423275731727e-07,0.06879731306500203
8.829699955494083e-07,0.06927508981454189
9.014776314524917e-07,0.06975605878608049
9.20373199661823e-07,0.07024023951261682
9.396648314954691e-07,0.07072765162067007
9.593608287093148e-07,0.07121831483033048
9.794696670695385e-07,0.07171224895530182
1e-06,0.07220947390293719
1.020960662306047e-06,0.07271000967426655
1.042360673976401e-06,0.07321387636401633
1.064209244064725e-06,0.07372109416062189
1.086515774652537e-06,0.07423168334623043
1.109289864895223e-06,0.07474566429669693
1.132541315152813e-06,0.07526305748157069
1.156280131207375e-06,0.07578388346407394
1.180516528568805e-06,0.07630816290107101
1.205260936870841e-06,0.07683591654302913
1.230524004359262e-06,0.07736716523396969
1.256316602474121e-06,0.07790192991141087
1.28264983052806e-06,0.07844023160629987
1.309535020482668e-06,0.078982091442937
1.336983741824945e-06,0.07952753063888796
1.365007806546014e-06,0.08007657050488881
1.393619274224143e-06,0.08062923244473807
1.422830457214352e-06,0.08118553795518102
1.452653925946781e-06,0.08174550862578167
1.483102514336103e-06,0.08230916613878536
1.514189325304352e-06,0.08287653226896996
1.545927736419479e-06,0.08344762888348622
1.57833140565212e-06,0.08402247794168682
1.61141427725302e-06,0.08460110149494426
1.645190587753661e-06,0.08518352168645738
1.679674872092653e-06,0.08576976075104581
1.714881969870541e-06,0.08635984101493199
1.750827031735727e-06,0.08695378489551253
1.787525525904235e-06,0.08755161490111607
1.82499324481615e-06,0.0881533536307485
1.86324631193156e-06,0.08875902377382694
1.902301188668946e-06,0.08936864810989842
1.942174681489028e-06,0.08998224950834766
1.982883949127071e-06,0.09059985092809064
2.024446509976802e-06,0.09122147541725389
2.066880249629082e-06,0.09184714611284173
2.110203428568597e-06,0.09247688624038763
2.154434690031886e-06,0.09311071911359248
2.199593068030075e-06,0.09374866813394855
2.245697995539772e-06,0.09439075679034858
2.292769312865649e-06,0.09503700865867937
2.340827276178294e-06,0.09568744740140123
2.389892566231052e-06,0.09634209676711181
2.43998629725955e-06,0.09700098059009399
2.491130026067786e-06,0.09766412278984871
2.543345761304648e-06,0.09833154737061123
2.596655972934872e-06,0.09900327842085122
2.651083601908542e-06,0.09967934011275636
2.706652070033241e-06,0.1003597567016996
2.763385290053167e-06,0.101044552525689
2.821307675939471e-06,0.1017337520048004
2.880444153396298e-06,0.1024273796405927
2.940820170587067e-06,0.1031254600155054
3.002461709085549e-06,0.1038280177922384
3.065395295056524e-06,0.104535077713113
3.129648010670751e-06,0.105246664599415
3.195247505759214e-06,0.1059628033507185
3.262222009711673e-06,0.1066835189441914
3.330600343624589e-06,0.1074088364338803
3.400411932703702e-06,0.108138780949978
3.47168681892656e-06,0.1088733776980688
3.544455673970436e-06,0.1096126519583553
3.618749812411284e-06,0.1103566290848641
3.694601205199302e-06,0.111105334504631
3.772042493416993e-06,0.111858793716866
3.851107002325569e-06,0.1126170322920955
3.93182875570577e-06,0.1133800758712846
4.014242490499326e-06,0.1141479501649363
4.098383671757261e-06,0.11492068095217
4.184288507901576e-06,0.1156982940797765
4.271993966306777e-06,0.1164808154612507
4.361537789208005e-06,0.1172682710758014
4.45295850994266e-06,0.1180606869673382
4.5462954695324e-06,0.1188580892434337
4.641588833612773e-06,0.1196605040742635
4.738879609717651e-06,0.1204679576915209
4.838209664925957e-06,0.1212804763873067
4.939621743878326e-06,0.1220980865129959
5.043159487171359e-06,0.1229208144780777
5.148867450137487e-06,0.1237486867489709
5.25679112201842e-06,0.1245817298478137
5.366976945540476e-06,0.1254199703512264
5.479472336900293e-06,0.1262634348890495
5.594325706169378e-06,0.127112150143053
5.711586478126423e-06,0.1279661428456209
5.831305113526219e-06,0.1288254397784069
5.95353313081437e-06,0.1296900677709623
6.078323128297237e-06,0.1305600536993373
6.205728806776501e-06,0.1314354244846525
6.335804992658241e-06,0.1323162070916428
6.468607661546321e-06,0.133202428527172
6.604193962330305e-06,0.1340941158387171
6.742622241778349e-06,0.1349912961128248
6.883952069645496e-06,0.1358939964735363
7.028244264308338e-06,0.1368022440807831
7.175560918936921e-06,0.137716066128751
7.32596542821523e-06,0.1386354898442135
7.479522515621829e-06,0.1395605424848337
7.636298261282242e-06,0.1404912513374355
7.796360130405221e-06,0.1414276437162404
7.959777002314978e-06,0.1423697469610746
8.126619200091945e-06,0.1433175884355413
8.296958520834915e-06,0.1442711955251603
8.470868266557402e-06,0.1452305956354749
8.648423275731709e-06,0.1461958161901241
8.829699955494083e-06,0.1471668846288811
9.014776314524917e-06,0.1481438284056564
9.20373199661823e-06,0.1491266749864673
9.396648314954691e-06,0.1501154518473704
9.593608287093147e-06,0.1511101864723605
9.794696670695386e-06,0.1521109063512316
1e-05,0.1531176389774024
1.020960662306048e-05,0.1541304118457051
1.042360673976401e-05,0.1551492524501366
1.064209244064725e-05,0.1561741882815728
1.086515774652537e-05,0.1572052468254446
1.109289864895223e-05,0.1582424555593761
1.132541315152813e-05,0.1592858419507835
1.156280131207375e-05,0.1603354334544359
1.180516528568806e-05,0.1613912575099762
1.205260936870841e-05,0.1624533415394026
1.230524004359262e-05,0.16352171294451
1.256316602474121e-05,0.1645963991042907
1.28264983052806e-05,0.1656774273722947
1.309535020482668e-05,0.1667648250739492
1.336983741824945e-05,0.1678586195038346
1.365007806546014e-05,0.1689588379229221
1.393619274224143e-05,0.1700655075557653
1.422830457214352e-05,0.171178655587652
1.452653925946781e-05,0.1722983091617113
1.483102514336103e-05,0.1734244953759786
1.514189325304352e-05,0.1745572412804158
1.545927736419479e-05,0.1756965738738885
1.578331405652116e-05,0.1768425201010975
1.61141427725302e-05,0.177995106849467
1.645190587753661e-05,0.1791543609459864
1.679674872092653e-05,0.1803203091540079
1.714881969870541e-05,0.1814929781699965
1.750827031735727e-05,0.1826723946202359
1.787525525904236e-05,0.1838585850574858
1.82499324481615e-05,0.1850515759575944
1.86324631193156e-05,0.1862513937160623
1.902301188668946e-05,0.1874580646445584
1.942174681489028e-05,0.18867161496739
1.982883949127071e-05,0.1898920708179226
2.024446509976802e-05,0.1911194582349522
2.066880249629082e-05,0.1923538031590286
2.110203428568597e-05,0.1935951314287291
2.154434690031887e-05,0.1948434687768832
2.199593068030075e-05,0.1960988408267468
2.245697995539772e-05,0.1973612730881278
2.292769312865649e-05,0.198630790953459
2.340827276178294e-05,0.1999074196938222
2.389892566231053e-05,0.2011911844549199
2.43998629725955e-05,0.2024821102529965
2.491130026067786e-05,0.2037802219707077
2.543345761304648e-05,0.2050855443529384
2.596655972934872e-05,0.2063981020025666
2.651083601908542e-05,0.2077179193761777
2.706652070033241e-05,0.2090450207797232
2.763385290053167e-05,0.2103794303641294
2.821307675939471e-05,0.2117211721208502
2.880444153396298e-05,0.2130702698773674
2.940820170587067e-05,0.2144267472926382
3.002461709085549e-05,0.2157906278524875
3.065395295056524e-05,0.2171619348649468
3.12964801067075e-05,0.2185406914555389
3.195247505759214e-05,0.2199269205625063
3.262222009711673e-05,0.2213206449319876
3.330600343624589e-05,0.2227218871131365
3.400411932703703e-05,0.2241306694531876
3.471686818926559e-05,0.2255470140924654
3.544455673970435e-05,0.2269709429593378
3.618749812411284e-05,0.228402477765116
3.694601205199302e-05,0.2298416399988956
3.772042493416993e-05,0.2312884509223446
3.851107002325569e-05,0.2327429315644337
3.93182875570577e-05,0.2342051027161108
4.014242490499326e-05,0.2356749849249197
4.098383671757261e-05,0.2371525984895617
4.184288507901576e-05,0.2386379634544021
4.271993966306776e-05,0.240131099603919
4.361537789208006e-05,0.2416320264570958
4.45295850994266e-05,0.2431407632617578
4.5462954695324e-05,0.2446573289888515
4.641588833612772e-05,0.2461817423266682
4.738879609717651e-05,0.2477140216750101
4.838209664925957e-05,0.2492541851392999
4.939621743878326e-05,0.2508022505246349
5.043159487171359e-05,0.2523582353297833
5.148867450137487e-05,0.2539221567411255
5.256791122018419e-05,0.2554940316265377
5.366976945540476e-05,0.2570738765292196
5.479472336900293e-05,0.2586617076614669
5.594325706169377e-05,0.2602575408983863
5.711586478126424e-05,0.2618613917715568
5.831305113526218e-05,0.2634732754626324
5.95353313081437e-05,0.2650932067968923
6.078323128297237e-05,0.266721200236733
6.2057288067765e-05,0.2683572698751076
6.335804992658241e-05,0.2700014294289093
6.468607661546321e-05,0.2716536922323002
6.604193962330305e-05,0.2733140712299859
6.742622241778349e-05,0.274982578970436
6.883952069645496e-05,0.2766592275990511
7.028244264308338e-05,0.2783440288512774
7.175560918936922e-05,0.2800369940456661
7.32596542821523e-05,0.2817381340768814
7.479522515621829e-05,0.2834474594086578
7.636298261282242e-05,0.2851649800667025
7.79636013040522e-05,0.2868907056315504
7.959777002314978e-05,0.288624645231364
8.126619200091945e-05,0.2903668075346867
8.296958520834916e-05,0.2921172007431441
8.470868266557403e-05,0.2938758325840971
8.648423275731709e-05,0.2956427103032467
8.829699955494083e-05,0.2974178406571897
9.014776314524917e-05,0.2992012299059276
9.203731996618231e-05,0.3009928838053288
9.39664831495469e-05,0.3027928075995454
9.593608287093147e-05,0.3046010060133842
9.794696670695385e-05,0.3064174832446321
0.0001,0.3082422429563408
0.0001020960662306048,0.3100752882690651
0.0001042360673976401,0.3119166217530607
0.0001064209244064725,0.3137662454204427
0.0001086515774652537,0.3156241607173
0.0001109289864895223,0.3174903685157738
0.0001132541315152813,0.3193648691060953
0.0001156280131207375,0.3212476621885876
0.0001180516528568806,0.3231387468656313
0.0001205260936870841,0.3250381216335936
0.0001230524004359262,0.3269457843747248
0.0001256316602474122,0.3288617323490206
0.000128264983052806,0.3307859621860536
0.0001309535020482668,0.3327184698767741
0.0001336983741824945,0.3346592507652806
0.0001365007806546014,0.336608299540564
0.0001393619274224143,0.3385656102282236
0.0001422830457214352,0.3405311761821588
0.0001452653925946781,0.3425049900762366
0.0001483102514336103,0.3444870438959364
0.0001514189325304352,0.3464773289299752
0.0001545927736419478,0.3484758357619107
0.0001578331405652116,0.3504825542617296
0.000161141427725302,0.3524974735774186
0.0001645190587753661,0.354520582126519
0.0001679674872092653,0.3565518675876728
0.0001714881969870541,0.3585913168921521
0.0001750827031735723,0.3606389162153841
0.0001787525525904235,0.362694650968467
0.0001824993244816151,0.3647585057896778
0.000186324631193156,0.3668304645359814
0.0001902301188668946,0.3689105102745334
0.0001942174681489025,0.3709986252741854
0.0001982883949127071,0.3730947909969932
0.0002024446509976802,0.3751989880897277
0.0002066880249629082,0.3773111963753945
0.0002110203428568597,0.3794313948447596
0.0002154434690031882,0.3815595616478897
0.0002199593068030075,0.3836956740857033
0.0002245697995539772,0.3858397086015375
0.0002292769312865649,0.3879916407727358
0.0002340827276178294,0.3901514453022527
0.0002389892566231048,0.3923190960102834
0.000243998629725955,0.3944945658259202
0.0002491130026067791,0.3966778267788346
0.0002543345761304648,0.3988688499909917
0.0002596655972934873,0.4010676056683991
0.0002651083601908536,0.4032740630928894
0.0002706652070033241,0.4054881906139459
0.0002763385290053172,0.4077099556405656
0.0002821307675939471,0.4099393246331704
0.0002880444153396298,0.4121762630955665
0.000294082017058706,0.4144207355669512
0.0003002461709085549,0.4166727056139782
0.000306539529505653,0.4189321358228757
0.000312964801067075,0.4211989877916277
0.0003195247505759214,0.4234732221222186
0.0003262222009711667,0.4257547984129417
0.0003330600343624589,0.4280436752507821
0.000340041193270371,0.430339810203869
0.000347168681892656,0.4326431598140072
0.0003544455673970436,0.4349536795892899
0.0003618749812411277,0.4372713239967909
0.0003694601205199302,0.4395960464553512
0.0003772042493417001,0.4419277993284495
0.0003851107002325569,0.4442665339171733
0.000393182875570577,0.446612200453286
0.0004014242490499318,0.4489647480923955
0.0004098383671757261,0.4513241249072325
0.0004184288507901585,0.4536902778810349
0.0004271993966306776,0.4560631529010494
0.0004361537789208006,0.4584426947521504
0.0004452958509942651,0.4608288471105796
0.0004546295469532399,0.4632215525378151
0.0004641588833612782,0.4656207524745672
0.0004738879609717651,0.468026387234912
0.0004838209664925957,0.4704383960005627
0.0004939621743878316,0.4728567168152836
0.0005043159487171359,0.4752812865794533
0.0005148867450137498,0.4777120410447779
0.0005256791122018419,0.4801489148091618
0.0005366976945540476,0.4825918413117406
0.0005479472336900282,0.4850407528280763
0.0005594325706169377,0.4874955804655263
0.0005711586478126435,0.4899562541587839
0.0005831305113526219,0.4924227026655991
0.000595353313081437,0.4948948535626859
0.0006078323128297224,0.4973726332418136
0.0006205728806776501,0.4998559669060961
0.0006335804992658254,0.502344778566477
0.0006468607661546321,0.5048389910384179
0.0006604193962330305,0.5073385259387974
0.0006742622241778335,0.5098433036830186
0.0006883952069645496,0.5123532434823398
0.0007028244264308353,0.5148682633414231
0.0007175560918936921,0.5173882800561144
0.000732596542821523,0.5199132092114556
0.0007479522515621828,0.5224429651799333
0.0007636298261282241,0.524977461119972
0.0007796360130405237,0.5275166089746766
0.0007959777002314978,0.530060319470824
0.0008126619200091946,0.5326085021181193
0.0008296958520834915,0.5351610652087093
0.0008470868266557402,0.5377179158169695
0.0008648423275731727,0.5402789597995632
0.0008829699955494083,0.5428441017957784
0.0009014776314524918,0.5454132452281528
0.000920373199661823,0.5479862923033838
0.000939664831495469,0.5505631440135366
0.0009593608287093146,0.5531437001375514
0.0009794696670695387,0.5557278592430543
0.001,0.5583155186884809
0.001020960662306047,0.5609065746255135
0.001042360673976401,0.5635009220018397
0.001064209244064725,0.5660984545642377
0.001086515774652537,0.5686990648619905
0.001109289864895223,0.5713026442506393
0.001132541315152813,0.5739090828960742
0.001156280131207375,0.5765182697789755
0.001180516528568806,0.5791300926996034
0.001205260936870841,0.5817444382829441
0.001230524004359262,0.5843611919842204
0.001256316602474122,0.5869802380947639
0.00128264983052806,0.5896014597482619
0.001309535020482668,0.5922247389273805
0.001336983741824945,0.5948499564707648
0.001365007806546014,0.5974769920804299
0.001393619274224143,0.6001057243295378
0.001422830457214352,0.6027360306705716
0.001452653925946781,0.6053677874439092
0.001483102514336103,0.6080008698867991
0.001514189325304352,0.610635152142748
0.001545927736419478,0.6132705072713165
0.001578331405652117,0.6159068072583362
0.00161141427725302,0.6185439230265466
0.001645190587753661,0.6211817244466542
0.001679674872092653,0.6238200803488274
0.001714881969870541,0.6264588585346172
0.001750827031735723,0.6290979257893201
0.001787525525904235,0.6317371478947803
0.00182499324481615,0.6343763896426338
0.00186324631193156,0.6370155148480039
0.001902301188668946,0.6396543863636445
0.001942174681489024,0.6422928660945386
0.001982883949127072,0.644930815012956
0.002024446509976802,0.647568093173966
0.002066880249629082,0.6502045597314196
0.002110203428568597,0.6528400729543912
0.002154434690031882,0.655474490244092
0.002199593068030075,0.6581076681512534
0.002245697995539772,0.6607394623939804
0.002292769312865649,0.6633697278760823
0.002340827276178294,0.6659983187058778
0.002389892566231048,0.6686250882154787
0.00243998629725955,0.6712498889805537
0.002491130026067791,0.6738725728405703
0.002543345761304648,0.6764929909195208
0.002596655972934872,0.6791109936471305
0.002651083601908536,0.681726430780546
0.002706652070033241,0.6843391514265128
0.002763385290053173,0.6869490040640301
0.002821307675939471,0.6895558365674938
0.002880444153396298,0.6921594962303224
0.002940820170587061,0.6947598297890634
0.003002461709085549,0.6973566834479858
0.00306539529505653,0.6999499029041509
0.00312964801067075,0.7025393333729635
0.003195247505759214,0.7051248196142053
0.003262222009711667,0.7077062059585389
0.003330600343624588,0.7102833363344946
0.00340041193270371,0.7128560542959219
0.003471686818926559,0.7154242030499169
0.003544455673970436,0.7179876254852161
0.003618749812411277,0.7205461642010504
0.003694601205199302,0.7230996615364667
0.003772042493417001,0.725647959600099
0.003851107002325569,0.7281909003003992
0.003931828755705771,0.7307283253763137
0.004014242490499318,0.7332600764284025
0.004098383671757262,0.7357859949504018
0.004184288507901585,0.7383059223612163
0.004271993966306777,0.7408197000373424
0.004361537789208006,0.7433271693457141
0.004452958509942651,0.7458281716769624
0.0045462954695324,0.7483225484790883
0.004641588833612782,0.750810141291534
0.004738879609717651,0.7532907917796534
0.004838209664925958,0.755764341769569
0.004939621743878316,0.758230633283407
0.005043159487171359,0.7606895085749074
0.005148867450137497,0.7631408101653929
0.005256791122018419,0.7655843808800946
0.005366976945540477,0.7680200638848216
0.005479472336900281,0.770447702722963
0.005594325706169377,0.7728671413528181
0.005711586478126435,0.7752782241852365
0.005831305113526219,0.7776807961215637
0.00595353313081437,0.7800747025918796
0.006078323128297224,0.782459789593513
0.0062057288067765,0.7848359037298296
0.006335804992658254,0.7872028922492708
0.006468607661546321,0.789560603084639
0.006604193962330305,0.7919088848926129
0.006742622241778335,0.7942475870934756
0.006883952069645496,0.7965765599110506
0.007028244264308352,0.7988956544128213
0.007175560918936921,0.801204722550227
0.00732596542821523,0.8035036171991181
0.007479522515621813,0.805792192200352
0.007636298261282242,0.8080703024005196
0.007796360130405237,0.8103378036927812
0.007959777002314978,0.8125945530577989
0.008126619200091946,0.8148404086047479
0.008296958520834915,0.8170752296123868
0.008470868266557402,0.8192988765701732
0.008648423275731726,0.821511211219407
0.008829699955494083,0.8237120965943764
0.009014776314524917,0.8259013970634992
0.00920373199661823,0.8280789783704293
0.009396648314954691,0.8302447076751179
0.009593608287093146,0.8323984535948054
0.009794696670695385,0.834540086244924
0.01,0.8366694772798954
0.01020960662306048,0.8387864999337955
0.01042360673976401,0.8408910290608749
0.01064209244064725,0.842982941175906
0.01086515774652537,0.8450621144943401
0.01109289864895223,0.8471284289722523
0.01132541315152813,0.8491817663460505
0.01156280131207375,0.8512220101719303
0.01180516528568806,0.8532490458650508
0.01205260936870841,0.8552627607384076
0.01230524004359262,0.8572630440413865
0.01256316602474121,0.8592497869979679
0.0128264983052806,0.8612228828445635
0.01309535020482668,0.8631822268674618
0.01336983741824945,0.865127716439857
0.01365007806546014,0.8670592510584409
0.01393619274224144,0.8689767323795319
0.01422830457214352,0.8708800642547185
0.01452653925946781,0.8727691527659955
0.01483102514336103,0.8746439062603648
0.01514189325304352,0.876504235383882
0.01545927736419479,0.8783500531151209
0.01578331405652117,0.8801812747980359
0.0161141427725302,0.8819978181741956
0.01645190587753661,0.8837996034143647
0.01679674872092653,0.8855865531494111
0.01714881969870541,0.8873585925005143
0.01750827031735723,0.8891156491086505
0.01787525525904235,0.8908576531633338
0.0182499324481615,0.8925845374305853
0.0186324631193156,0.8942962372801135
0.01902301188668946,0.8959926907116754
0.01942174681489025,0.8976738383806024
0.01982883949127071,0.8993396236224649
0.02024446509976802,0.9009899924768515
0.02066880249629082,0.9026248937102468
0.02110203428568597,0.9042442788379781
0.02154434690031882,0.9058481021452159
0.02199593068030075,0.9074363207070043
0.02245697995539772,0.9090088944072989
0.02292769312865649,0.9105657859569962
0.02340827276178294,0.9121069609109289
0.02389892566231048,0.9136323876838118
0.0243998629725955,0.9151420375651178
0.02491130026067786,0.9166358847328628
0.02543345761304648,0.9181139062662858
0.02596655972934872,0.9195760821574019
0.02651083601908536,0.9210223953214147
0.02706652070033241,0.9224528316059685
0.02763385290053173,0.9238673797992262
0.02821307675939471,0.9252660316367568
0.02880444153396298,0.9266487818072177
0.02940820170587061,0.9280156279568169
0.03002461709085549,0.9293665706925444
0.0306539529505653,0.930701613584155
0.03129648010670751,0.9320207631648965
0.03195247505759213,0.9333240289309678
0.03262222009711666,0.9346114233396969
0.03330600343624589,0.935882961806432
0.0340041193270371,0.9371386627001327
0.03471686818926559,0.9383785473376561
0.03544455673970436,0.9396026399767309
0.03618749812411277,0.9408109678076102
0.03694601205199302,0.9420035609434017
0.03772042493417001,0.9431804524090668
0.03851107002325569,0.9443416781290884
0.0393182875570577,0.9454872769138042
0.04014242490499318,0.9466172904444001
0.04098383671757262,0.9477317632565703
0.04184288507901585,0.9488307427228371
0.04271993966306777,0.9499142790335372
0.04361537789208006,0.9509824251764745
0.04452958509942651,0.9520352369152422
0.04546295469532399,0.9530727727662224
0.04641588833612782,0.9540950939742635
0.04738879609717651,0.955102264487047
0.04838209664925957,0.9560943509281499
0.04939621743878315,0.9570714225688084
0.05043159487171359,0.9580335512983998
0.05148867450137497,0.9589808115936462
0.05256791122018419,0.9599132804865578
0.05366976945540476,0.960831037531126
0.05479472336900281,0.961734164768783
0.05594325706169378,0.9626227466926413
0.05711586478126435,0.9634968702105308
0.05831305113526219,0.9643566246068525
0.0595353313081437,0.9652021015032656
0.06078323128297224,0.9660333948182295
0.062057288067765,0.9668506007254216
0.06335804992658255,0.9676538176110523
0.0646860766154632,0.9684431460301015
0.06604193962330306,0.9692186886615016
0.06742622241778336,0.96998055026229
0.06883952069645496,0.9707288376207601
0.07028244264308353,0.9714636595086374
0.07175560918936921,0.9721851266323092
0.0732596542821523,0.9728933515831371
0.07479522515621813,0.9735884487868839
0.07636298261282241,0.9742705344522858
0.07796360130405237,0.9749397265188019
0.07959777002314977,0.9755961446035747
0.08126619200091946,0.9762399099476367
0.08296958520834916,0.9768711453613969
0.08470868266557402,0.9774899751694434
0.08648423275731726,0.9780965251547004
0.08829699955494083,0.9786909225019736
0.09014776314524918,0.979273295740927
0.09203731996618231,0.9798437746885256
0.09396648314954691,0.9804024903909864
0.09593608287093147,0.9809495750652772
0.09794696670695385,0.9814851620402038
0.1,0.9820093856971264
0.1020960662306048,0.9825223814103496
0.1042360673976401,0.9830242854872251
0.1064209244064725,0.9835152351080119
0.1086515774652537,0.9839953682655372
0.1109289864895223,0.9844648237047016
0.1132541315152813,0.9849237408618696
0.1156280131207375,0.9853722598041954
0.1180516528568806,0.9858105211689222
0.1205260936870841,0.9862386661027026
0.1230524004359262,0.9866568362009849
0.1256316602474122,0.987065173447508
0.128264983052806,0.9874638201539513
0.1309535020482668,0.9878529188997833
0.1336983741824945,0.9882326124723531
0.1365007806546014,0.9886030438072698
0.1393619274224144,0.9889643559291141
0.1422830457214352,0.9893166918925241
0.1452653925946781,0.9896601947237013
0.1483102514336103,0.9899950073623783
0.1514189325304352,0.990321272604292
0.1545927736419478,0.990639133044203
0.1578331405652116,0.9909487310195048
0.161141427725302,0.9912502085544633
0.1645190587753661,0.9915437073051266
0.1679674872092653,0.9918293685049456
0.1714881969870541,0.9921073329111443
0.1750827031735723,0.9923777407518783
0.1787525525904236,0.9926407316742201
0.182499324481615,0.9928964446930043
0.186324631193156,0.9931450181405743
0.1902301188668946,0.9933865896174594
0.1942174681489025,0.9936212959440197
0.1982883949127071,0.9938492731130912
0.2024446509976802,0.9940706562436606
0.2066880249629082,0.9942855795356036
0.2110203428568597,0.9944941762255118
0.2154434690031882,0.994696578543642
0.2199593068030075,0.9948929176720077
0.2245697995539772,0.9950833237036455
0.2292769312865649,0.9952679256030746
0.2340827276178294,0.9954468511679767
0.2389892566231048,0.9956202269921149
0.243998629725955,0.9957881784295137
0.2491130026067786,0.9959508295599168
0.2543345761304648,0.9961083031555416
0.2596655972934873,0.9962607206491454
0.2651083601908536,0.9964082021034175
0.2706652070033241,0.9965508661817096
0.2763385290053172,0.9966888301201163
0.2821307675939471,0.9968222097009151
0.2880444153396298,0.9969511192273735
0.2940820170587061,0.9970756714999303
0.3002461709085549,0.9971959777937566
0.306539529505653,0.9973121478376974
0.312964801067075,0.9974242897945995
0.3195247505759213,0.9975325102430221
0.3262222009711667,0.9976369141603317
0.3330600343624588,0.9977376049071769
0.340041193270371,0.9978346842133392
0.3471686818926559,0.9979282521649544
0.3544455673970436,0.9980184071930958
0.3618749812411277,0.9981052460637123
0.3694601205199303,0.99818886386891
0.3772042493417002,0.9982693540195644
0.3851107002325569,0.9983468082392525
0.393182875570577,0.9984213165594885
0.4014242490499318,0.9984929673162474
0.4098383671757261,0.9985618471477596
0.4184288507901585,0.9986280409935581
0.4271993966306777,0.9986916320947573
0.4361537789208006,0.9987527019955441
0.4452958509942651,0.9988113305458581
0.4546295469532399,0.9988675959052377
0.4641588833612782,0.9989215745478067
0.4738879609717651,0.9989733412683797
0.4838209664925957,0.9990229691896535
0.4939621743878316,0.999070529770464
0.5043159487171359,0.999116092815075
0.5148867450137498,0.9991597264834723
0.5256791122018419,0.9992014973026333
0.5366976945540476,0.9992414701787404
0.5479472336900282,0.9992797084103067
0.5594325706169377,0.9993162737021836
0.5711586478126435,0.9993512261804164
0.5831305113526218,0.9993846244079153
0.595353313081437,0.999416525400908
0.6078323128297224,0.9994469846461401
0.62057288067765,0.9994760561187903
0.6335804992658254,0.9995037923010633
0.6468607661546321,0.9995302442014282
0.6604193962330305,0.9995554613744656
0.6742622241778335,0.99957949194129
0.6883952069645496,0.9996023826105116
0.7028244264308353,0.999624178699701
0.7175560918936921,0.9996449241573255
0.732596542821523,0.9996646615851184
0.7479522515621814,0.9996834322608477
0.7636298261282242,0.9997012761614519
0.7796360130405237,0.9997182319865048
0.7959777002314977,0.9997343371819785
0.8126619200091946,0.9997496279642698
0.8296958520834898,0.9997641393444572
0.8470868266557402,0.9997779051527553
0.8648423275731727,0.9997909580631357
0.8829699955494082,0.9998033296180815
0.9014776314524917,0.9998150502534451
0.9203731996618231,0.9998261493233792
0.9396648314954691,0.9998366551253113
0.9593608287093147,0.999846594924931
0.9794696670695385,0.9998559949811658
1,0.9998648805711139
1.020960662306048,0.9998732760149089
1.042360673976403,0.9998812047004927
1.064209244064722,0.9998886891082679
1.086515774652537,0.9998957508356079
1.109289864895223,0.9999024106212023
1.132541315152813,0.9999086883692133
1.156280131207378,0.9999146031732223
1.180516528568803,0.9999201733399485
1.205260936870841,0.9999254164127168
1.230524004359262,0.9999303491946591
1.256316602474121,0.99993498777163
1.282649830528062,0.9999393475348226
1.309535020482665,0.9999434432030651
1.336983741824945,0.9999472888447875
1.365007806546014,0.9999508978996436
1.393619274224144,0.9999542831997744
1.422830457214355,0.9999574569907029
1.452653925946778,0.9999604309518494
1.483102514336103,0.999963216216657
1.514189325304352,0.9999658233923191
1.545927736419479,0.999968262579101
1.57833140565212,0.9999705433892482
1.611414277253017,0.9999726749654767
1.645190587753661,0.9999746659990381
1.679674872092653,0.9999765247473567
1.714881969870541,0.9999782590512357
1.750827031735727,0.9999798763516281
1.787525525904232,0.999981383705971
1.824993244816151,0.9999827878040835
1.86324631193156,0.9999840949836261
1.902301188668946,0.9999853112451234
1.942174681489028,0.9999864422665498
1.982883949127067,0.9999874934174811
2.024446509976802,0.9999884697728136
2.066880249629082,0.9999893761260541
2.110203428568596,0.9999902170021834
2.154434690031886,0.9999909966700991
2.19959306803007,0.99999171915464
2.245697995539772,0.9999923882481995
2.292769312865649,0.9999930075219309
2.340827276178294,0.9999935803365532
2.389892566231053,0.9999941098527618
2.439986297259545,0.9999945990412513
2.491130026067786,0.9999950506923575
2.543345761304648,0.999995467425326
2.596655972934872,0.9999958516972149
2.651083601908542,0.9999962058114393
2.706652070033236,0.9999965319259652
2.763385290053167,0.999996832061162
2.821307675939471,0.9999971081073218
2.880444153396298,0.9999973618318531
2.940820170587067,0.9999975948861582
3.002461709085543,0.9999978088122043
3.065395295056524,0.9999980050487937
3.12964801067075,0.9999981849375457
3.195247505759214,0.9999983497285972
3.262222009711673,0.9999985005860316
3.330600343624582,0.9999986385930425
3.400411932703703,0.9999987647568457
3.47168681892656,0.9999988800133439
3.544455673970436,0.9999989852315545
3.618749812411284,0.9999990812178101
3.694601205199295,0.9999991687197382
3.772042493416994,0.9999992484300302
3.851107002325569,0.9999993209900077
3.93182875570577,0.9999993869929928
4.014242490499326,0.999999446987493
4.098383671757253,0.9999995014802061
4.184288507901576,0.9999995509388542
4.271993966306777,0.9999995957948544
4.361537789208006,0.9999996364458323
4.45295850994266,0.9999996732579872
4.54629546953239,0.9999997065683141
4.641588833612772,0.9999997366866912
4.738879609717651,0.9999997638978378
4.838209664925957,0.9999997884631506
4.939621743878326,0.9999998106224225
5.043159487171349,0.9999998305954517
5.148867450137487,0.9999998485835468
5.256791122018419,0.9999998647709318
5.366976945540476,0.9999998793260585
5.479472336900293,0.9999998924028293
5.594325706169389,0.9999999041417376
5.711586478126423,0.9999999146709289
5.831305113526219,0.9999999241071875
5.95353313081437,0.9999999325568539
6.078323128297236,0.9999999401166758
6.205728806776513,0.9999999468745983
6.335804992658241,0.9999999529104948
6.46860766154632,0.9999999582968461
6.604193962330306,0.9999999630993653
6.742622241778349,0.9999999673775783
6.883952069645511,0.999999971185358
7.028244264308339,0.9999999745714172
7.175560918936921,0.9999999775797637
7.32596542821523,0.999999980250118
7.479522515621829,0.9999999826182989
7.636298261282257,0.9999999847165766
7.796360130405221,0.9999999865739971
7.959777002314977,0.9999999882166806
8.126619200091946,0.9999999896680932
8.296958520834915,0.9999999909492978
8.470868266557419,0.9999999920791812
8.648423275731709,0.9999999930746629
8.829699955494084,0.9999999939508859
9.014776314524918,0.9999999947213891
9.203731996618231,0.9999999953982665
9.39664831495471,0.9999999959923094
9.593608287093128,0.9999999965131384
9.794696670695386,0.9999999969693212
10,0.99999999736848
