#Cauchy - Cost J(iterations) convergence
#iterations, J(iterations)
1,160979.5502998149
2,160979.400129159
3,160979.2529466686
4,160979.108692879
5,160978.9673095092
6,160978.8287394378
7,160978.6929266802
8,160978.5598163658
9,160978.4293547159
10,160978.3014890222
11,160978.176167625
12,160978.053339893
13,160977.9329562021
14,160977.8149679159
15,160977.699327366
16,160977.5859878322
17,160977.4749035244
18,160977.3660295636
19,160977.2593219639
20,160977.1547376146
21,160977.0522342631
22,160976.9517704975
23,160976.8533057301
24,160976.7568001808
25,160976.6622148611
26,160976.5695115585
27,160976.4786528208
28,160976.3896019412
29,160976.3023229433
30,160976.2167805665
31,160976.1329402524
32,160976.0507681296
33,160975.9702310012
34,160975.8912963308
35,160975.8139322296
36,160975.7381074431
37,160975.6637913391
38,160975.5909538946
39,160975.5195656844
40,160975.4495978688
41,160975.3810221818
42,160975.3138109201
43,160975.2479369317
44,160975.1833736047
45,160975.1200948571
46,160975.0580751257
47,160974.997289356
48,160974.9377129923
49,160974.8793219673
50,160974.8220926928
51,160974.76600205
52,160974.7110273801
53,160974.6571464752
54,160974.6043375693
55,160974.5525793298
56,160974.5018508484
57,160974.4521316328
58,160974.4034015986
59,160974.3556410613
60,160974.3088307277
61,160974.2629516888
62,160974.2179854118
63,160974.1739137328
64,160974.1307188493
65,160974.0883833131
66,160974.046890023
67,160974.0062222185
68,160973.9663634724
69,160973.9272976843
70,160973.8890090745
71,160973.8514821771
72,160973.8147018339
73,160973.7786531886
74,160973.7433216805
75,160973.7086930384
76,160973.6747532752
77,160973.6414886824
78,160973.608885824
79,160973.5769315315
80,160973.5456128985
81,160973.5149172753
82,160973.484832264
83,160973.4553457136
84,160973.4264457144
85,160973.3981205942
86,160973.370358913
87,160973.3431494583
88,160973.3164812406
89,160973.2903434896
90,160973.2647256488
91,160973.239617372
92,160973.215008519
93,160973.1908891512
94,160973.1672495277
95,160973.1440801018
96,160973.1213715164
97,160973.0991146009
98,160973.077300367
99,160973.0559200054
100,160973.034964882
101,160973.0144265345
102,160972.9942966691
103,160972.9745671571
104,160972.9552300313
105,160972.9362774833
106,160972.9177018601
107,160972.8994956606
108,160972.8816515336
109,160972.8641622737
110,160972.847020819
111,160972.8302202483
112,160972.8137537779
113,160972.7976147593
114,160972.7817966761
115,160972.7662931417
116,160972.7510978967
117,160972.736204806
118,160972.7216078568
119,160972.7073011559
120,160972.6932789273
121,160972.67953551
122,160972.6660653557
123,160972.6528630265
124,160972.6399231926
125,160972.6272406303
126,160972.61481022
127,160972.6026269438
128,160972.5906858838
129,160972.5789822199
130,160972.5675112279
131,160972.5562682776
132,160972.5452488309
133,160972.5344484402
134,160972.5238627463
135,160972.5134874765
136,160972.5033184437
137,160972.4933515436
138,160972.4835827537
139,160972.4740081318
140,160972.4646238138
141,160972.4554260126
142,160972.4464110167
143,160972.4375751881
144,160972.4289149616
145,160972.4204268425
146,160972.4121074059
147,160972.4039532951
148,160972.39596122
149,160972.3881279561
150,160972.3804503432
151,160972.3729252838
152,160972.3655497419
153,160972.3583207423
154,160972.3512353688
155,160972.3442907632
156,160972.3374841242
157,160972.3308127062
158,160972.3242738184
159,160972.3178648234
160,160972.3115831364
161,160972.3054262239
162,160972.299391603
163,160972.2934768399
164,160972.2876795496
165,160972.2819973943
166,160972.2764280829
167,160972.2709693697
168,160972.2656190539
169,160972.2603749782
170,160972.2552350287
171,160972.250197133
172,160972.2452592605
173,160972.2404194206
174,160972.2356756625
175,160972.2310260741
176,160972.2264687814
177,160972.2220019478
178,160972.2176237731
179,160972.2133324931
180,160972.2091263785
181,160972.2050037346
182,160972.2009629002
183,160972.1970022473
184,160972.1931201804
185,160972.1893151356
186,160972.18558558
187,160972.1819300117
188,160972.1783469581
189,160972.1748349761
190,160972.1713926516
191,160972.1680185983
192,160972.1647114576
193,160972.1614698979
194,160972.1582926142
195,160972.1551783274
196,160972.1521257839
197,160972.1491337549
198,160972.1462010362
199,160972.1433264476
200,160972.1405088323
201,160972.1377470564
202,160972.1350400088
203,160972.1323866004
204,160972.1297857638
205,160972.1272364528
206,160972.124737642
207,160972.1222883265
208,160972.1198875213
209,160972.1175342611
210,160972.1152275997
211,160972.1129666098
212,160972.1107503825
213,160972.1085780272
214,160972.1064486706
215,160972.1043614572
216,160972.1023155482
217,160972.1003101218
218,160972.0983443723
219,160972.0964175102
220,160972.0945287616
221,160972.092677368
222,160972.0908625861
223,160972.0890836873
224,160972.0873399575
225,160972.0856306968
226,160972.0839552195
227,160972.082312853
228,160972.0807029386
229,160972.0791248304
230,160972.0775778956
231,160972.0760615137
232,160972.0745750767
233,160972.0731179887
234,160972.0716896657
235,160972.0702895353
236,160972.0689170365
237,160972.0675716192
238,160972.0662527448
239,160972.0649598849
240,160972.0636925218
241,160972.0624501483
242,160972.0612322669
243,160972.0600383902
244,160972.0588680407
245,160972.05772075
246,160972.0565960594
247,160972.0554935191
248,160972.0544126882
249,160972.0533531348
250,160972.0523144355
251,160972.0512961753
252,160972.0502979473
253,160972.049319353
254,160972.0483600018
255,160972.0474195105
256,160972.0464975039
257,160972.0455936142
258,160972.0447074809
259,160972.0438387506
260,160972.0429870768
261,160972.0421521204
262,160972.0413335486
263,160972.0405310352
264,160972.0397442608
265,160972.0389729122
266,160972.0382166823
267,160972.0374752704
268,160972.0367483815
269,160972.0360357266
270,160972.0353370225
271,160972.0346519916
272,160972.0339803617
273,160972.0333218662
274,160972.0326762436
275,160972.0320432379
276,160972.0314225979
277,160972.0308140777
278,160972.0302174359
279,160972.0296324362
280,160972.029058847
281,160972.0284964411
282,160972.0279449961
283,160972.0274042937
284,160972.0268741202
285,160972.0263542662
286,160972.0258445262
287,160972.0253446989
288,160972.0248545871
289,160972.0243739976
290,160972.0239027406
291,160972.0234406306
292,160972.0229874856
293,160972.0225431271
294,160972.0221073802
295,160972.0216800737
296,160972.0212610395
297,160972.020850113
298,160972.0204471328
299,160972.020051941
300,160972.0196643824
301,160972.0192843051
302,160972.0189115604
303,160972.0185460021
304,160972.0181874874
305,160972.0178358761
306,160972.0174910309
307,160972.0171528169
308,160972.0168211024
309,160972.0164957579
310,160972.0161766567
311,160972.0158636746
312,160972.0155566897
313,160972.0152555828
314,160972.0149602368
315,160972.0146705373
316,160972.0143863715
317,160972.0141076297
318,160972.0138342038
319,160972.013565988
320,160972.0133028786
321,160972.013044774
322,160972.0127915747
323,160972.0125431829
324,160972.0122995031
325,160972.0120604414
326,160972.0118259061
327,160972.0115958069
328,160972.0113700556
329,160972.0111485657
330,160972.0109312524
331,160972.0107180326
332,160972.0105088248
333,160972.0103035491
334,160972.0101021274
335,160972.0099044829
336,160972.0097105405
337,160972.0095202264
338,160972.0093334686
339,160972.0091501961
340,160972.0089703398
341,160972.0087938315
342,160972.0086206046
343,160972.0084505939
344,160972.0082837354
345,160972.0081199663
346,160972.0079592252
347,160972.0078014516
348,160972.0076465868
349,160972.0074945727
350,160972.0073453526
351,160972.0071988709
352,160972.0070550732
353,160972.0069139059
354,160972.0067753169
355,160972.0066392547
356,160972.006505669
357,160972.0063745107
358,160972.0062457313
359,160972.0061192837
360,160972.0059951212
361,160972.0058731985
362,160972.005753471
363,160972.005635895
364,160972.0055204278
365,160972.0054070272
366,160972.0052956523
367,160972.0051862627
368,160972.0050788188
369,160972.004973282
370,160972.0048696144
371,160972.0047677787
372,160972.0046677385
373,160972.0045694579
374,160972.0044729021
375,160972.0043780367
376,160972.0042848281
377,160972.0041932432
378,160972.0041032498
379,160972.0040148163
380,160972.0039279115
381,160972.003842505
382,160972.0037585671
383,160972.0036760684
384,160972.0035949804
385,160972.0035152751
386,160972.0034369247
387,160972.0033599026
388,160972.003284182
389,160972.0032097373
390,160972.0031365429
391,160972.0030645741
392,160972.0029938064
393,160972.0029242158
394,160972.0028557791
395,160972.0027884732
396,160972.0027222756
397,160972.0026571643
398,160972.0025931177
399,160972.0025301145
400,160972.002468134
401,160972.0024071558
402,160972.0023471601
403,160972.0022881272
404,160972.0022300381
405,160972.0021728737
406,160972.002116616
407,160972.0020612467
408,160972.0020067482
409,160972.0019531031
410,160972.0019002945
411,160972.0018483058
412,160972.0017971205
413,160972.0017467228
414,160972.0016970969
415,160972.0016482275
416,160972.0016000996
417,160972.0015526983
418,160972.0015060093
419,160972.0014600184
420,160972.0014147115
421,160972.0013700752
422,160972.0013260962
423,160972.0012827612
424,160972.0012400576
425,160972.0011979726
426,160972.0011564941
427,160972.00111561
428,160972.0010753084
429,160972.0010355778
430,160972.0009964067
431,160972.000957784
432,160972.0009196989
433,160972.0008821406
434,160972.0008450987
435,160972.0008085628
436,160972.000772523
437,160972.0007369693
438,160972.000701892
439,160972.0006672817
440,160972.0006331291
441,160972.0005994251
442,160972.0005661607
443,160972.0005333271
444,160972.000500916
445,160972.0004689188
446,160972.0004373272
447,160972.0004061332
448,160972.000375329
449,160972.0003449066
450,160972.0003148587
451,160972.0002851776
452,160972.0002558561
453,160972.000226887
454,160972.0001982634
455,160972.0001699783
456,160972.0001420251
457,160972.000114397
458,160972.0000870877
459,160972.0000600907
460,160972.0000334
461,160972.0000070093
462,160971.9999809127
463,160971.9999551044
464,160971.9999295786
465,160971.9999043298
466,160971.9998793523
467,160971.9998546407
468,160971.9998301899
469,160971.9998059947
470,160971.9997820498
471,160971.9997583503
472,160971.9997348915
473,160971.9997116684
474,160971.9996886763
475,160971.9996659108
476,160971.9996433672
477,160971.9996210412
478,160971.9995989284
479,160971.9995770246
480,160971.9995553256
481,160971.9995338274
482,160971.9995125258
483,160971.9994914171
484,160971.9994704975
485,160971.9994497631
486,160971.9994292102
487,160971.9994088353
488,160971.9993886348
489,160971.9993686052
490,160971.9993487431
491,160971.9993290452
492,160971.9993095083
493,160971.9992901291
494,160971.9992709044
495,160971.9992518313
496,160971.9992329066
497,160971.9992141275
498,160971.9991954911
499,160971.9991769944
500,160971.9991586347
501,160971.9991404094
502,160971.9991223157
503,160971.999104351
504,160971.9990865127
505,160971.9990687983
506,160971.9990512054
507,160971.9990337315
508,160971.9990163743
509,160971.9989991315
510,160971.9989820007
511,160971.9989649797
512,160971.9989480664
513,160971.9989312586
514,160971.9989145542
515,160971.9988979512
516,160971.9988814476
517,160971.9988650413
518,160971.9988487303
519,160971.998832513
520,160971.9988163873
521,160971.9988003514
522,160971.9987844035
523,160971.9987685421
524,160971.9987527652
525,160971.9987370711
526,160971.9987214583
527,160971.9987059252
528,160971.9986904701
529,160971.9986750915
530,160971.9986597878
531,160971.9986445576
532,160971.9986293995
533,160971.9986143119
534,160971.9985992936
535,160971.998584343
536,160971.9985694589
537,160971.9985546399
538,160971.9985398847
539,160971.9985251921
540,160971.9985105609
541,160971.9984959897
542,160971.9984814774
543,160971.9984670229
544,160971.9984526249
545,160971.9984382825
546,160971.9984239943
547,160971.9984097595
548,160971.9983955768
549,160971.9983814453
550,160971.998367364
551,160971.9983533318
552,160971.9983393478
553,160971.998325411
554,160971.9983115206
555,160971.9982976754
556,160971.9982838747
557,160971.9982701176
558,160971.9982564032
559,160971.9982427307
560,160971.9982290991
561,160971.9982155078
562,160971.9982019559
563,160971.9981884426
564,160971.9981749671
565,160971.9981615288
566,160971.9981481268
567,160971.9981347604
568,160971.998121429
569,160971.9981081318
570,160971.9980948682
571,160971.9980816375
572,160971.9980684389
573,160971.998055272
574,160971.998042136
575,160971.9980290304
576,160971.9980159545
577,160971.9980029078
578,160971.9979898896
579,160971.9979768994
580,160971.9979639367
581,160971.9979510008
582,160971.9979380914
583,160971.9979252077
584,160971.9979123494
585,160971.9978995159
586,160971.9978867068
587,160971.9978739214
588,160971.9978611594
589,160971.9978484203
590,160971.9978357037
591,160971.9978230091
592,160971.9978103361
593,160971.9977976841
594,160971.9977850529
595,160971.997772442
596,160971.997759851
597,160971.9977472794
598,160971.997734727
599,160971.9977221933
600,160971.997709678
601,160971.9976971807
602,160971.997684701
603,160971.9976722386
604,160971.9976597931
605,160971.9976473642
606,160971.9976349516
607,160971.9976225549
608,160971.9976101739
609,160971.9975978082
610,160971.9975854575
611,160971.9975731216
612,160971.9975608
613,160971.9975484926
614,160971.9975361991
615,160971.9975239191
616,160971.9975116524
617,160971.9974993988
618,160971.997487158
619,160971.9974749297
620,160971.9974627137
621,160971.9974505097
622,160971.9974383175
623,160971.9974261369
624,160971.9974139676
625,160971.9974018094
626,160971.9973896621
627,160971.9973775254
628,160971.9973653993
629,160971.9973532833
630,160971.9973411775
631,160971.9973290814
632,160971.9973169951
633,160971.9973049181
634,160971.9972928505
635,160971.9972807919
636,160971.9972687422
637,160971.9972567012
638,160971.9972446689
639,160971.9972326448
640,160971.997220629
641,160971.9972086213
642,160971.9971966215
643,160971.9971846293
644,160971.9971726448
645,160971.9971606677
646,160971.9971486979
647,160971.9971367352
648,160971.9971247794
649,160971.9971128307
650,160971.9971008885
651,160971.997088953
652,160971.9970770239
653,160971.9970651012
654,160971.9970531847
655,160971.9970412742
656,160971.9970293696
657,160971.997017471
658,160971.997005578
659,160971.9969936908
660,160971.9969818088
661,160971.9969699324
662,160971.9969580612
663,160971.9969461952
664,160971.9969343342
665,160971.9969224783
666,160971.9969106272
667,160971.9968987809
668,160971.9968869392
669,160971.9968751021
670,160971.9968632696
671,160971.9968514415
672,160971.9968396176
673,160971.996827798
674,160971.9968159825
675,160971.9968041712
676,160971.9967923638
677,160971.9967805603
678,160971.9967687606
679,160971.9967569647
680,160971.9967451724
681,160971.9967333838
682,160971.9967215987
683,160971.996709817
684,160971.9966980388
685,160971.9966862638
686,160971.9966744922
687,160971.9966627237
688,160971.9966509583
689,160971.9966391961
690,160971.9966274368
691,160971.9966156805
692,160971.9966039271
693,160971.9965921765
694,160971.9965804287
695,160971.9965686835
696,160971.9965569411
697,160971.9965452013
698,160971.996533464
699,160971.9965217292
700,160971.996509997
701,160971.996498267
702,160971.9964865395
703,160971.9964748143
704,160971.9964630913
705,160971.9964513707
706,160971.9964396521
707,160971.9964279357
708,160971.9964162215
709,160971.9964045092
710,160971.9963927989
711,160971.9963810907
712,160971.9963693843
713,160971.9963576799
714,160971.9963459773
715,160971.9963342765
716,160971.9963225776
717,160971.9963108803
718,160971.9962991849
719,160971.996287491
720,160971.9962757988
721,160971.9962641082
722,160971.9962524192
723,160971.9962407317
724,160971.9962290458
725,160971.9962173614
726,160971.9962056784
727,160971.9961939968
728,160971.9961823166
729,160971.9961706379
730,160971.9961589604
731,160971.9961472843
732,160971.9961356095
733,160971.9961239359
734,160971.9961122636
735,160971.9961005925
736,160971.9960889226
737,160971.9960772538
738,160971.9960655862
739,160971.9960539198
740,160971.9960422545
741,160971.9960305902
742,160971.9960189269
743,160971.9960072647
744,160971.9959956035
745,160971.9959839433
746,160971.9959722841
747,160971.9959606259
748,160971.9959489686
749,160971.9959373122
750,160971.9959256567
751,160971.9959140021
752,160971.9959023483
753,160971.9958906954
754,160971.9958790434
755,160971.995867392
756,160971.9958557416
757,160971.995844092
758,160971.9958324431
759,160971.9958207949
760,160971.9958091475
761,160971.9957975008
762,160971.9957858548
763,160971.9957742095
764,160971.9957625649
765,160971.995750921
766,160971.9957392776
767,160971.995727635
768,160971.9957159929
769,160971.9957043515
770,160971.9956927107
771,160971.9956810705
772,160971.9956694308
773,160971.9956577917
774,160971.9956461532
775,160971.9956345153
776,160971.9956228778
777,160971.9956112409
778,160971.9955996044
779,160971.9955879685
780,160971.9955763332
781,160971.9955646982
782,160971.9955530638
783,160971.9955414298
784,160971.9955297962
785,160971.9955181632
786,160971.9955065305
787,160971.9954948983
788,160971.9954832665
789,160971.9954716351
790,160971.9954600041
791,160971.9954483735
792,160971.9954367433
793,160971.9954251134
794,160971.995413484
795,160971.9954018548
796,160971.9953902261
797,160971.9953785977
798,160971.9953669697
799,160971.995355342
800,160971.9953437146
801,160971.9953320875
802,160971.9953204608
803,160971.9953088343
804,160971.9952972083
805,160971.9952855824
806,160971.9952739569
807,160971.9952623316
808,160971.9952507066
809,160971.995239082
810,160971.9952274575
811,160971.9952158334
812,160971.9952042095
813,160971.9951925858
814,160971.9951809624
815,160971.9951693393
816,160971.9951577164
817,160971.9951460937
818,160971.9951344712
819,160971.9951228491
820,160971.995111227
821,160971.9950996052
822,160971.9950879836
823,160971.9950763622
824,160971.9950647411
825,160971.9950531201
826,160971.9950414994
827,160971.9950298788
828,160971.9950182584
829,160971.9950066382
830,160971.9949950182
831,160971.9949833983
832,160971.9949717787
833,160971.9949601591
834,160971.9949485398
835,160971.9949369206
836,160971.9949253016
837,160971.9949136827
838,160971.994902064
839,160971.9948904455
840,160971.9948788271
841,160971.9948672088
842,160971.9948555907
843,160971.9948439727
844,160971.9948323549
845,160971.9948207371
846,160971.9948091196
847,160971.9947975021
848,160971.9947858848
849,160971.9947742676
850,160971.9947626505
851,160971.9947510335
852,160971.9947394167
853,160971.9947277999
854,160971.9947161833
855,160971.9947045668
856,160971.9946929504
857,160971.9946813341
858,160971.9946697179
859,160971.9946581018
860,160971.9946464857
861,160971.9946348699
862,160971.9946232541
863,160971.9946116383
864,160971.9946000227
865,160971.9945884072
866,160971.9945767917
867,160971.9945651764
868,160971.9945535611
869,160971.9945419459
870,160971.9945303308
871,160971.9945187157
872,160971.9945071007
873,160971.9944954859
874,160971.9944838711
875,160971.9944722563
876,160971.9944606417
877,160971.9944490271
878,160971.9944374125
879,160971.9944257981
880,160971.9944141837
881,160971.9944025693
882,160971.9943909551
883,160971.9943793409
884,160971.9943677268
885,160971.9943561127
886,160971.9943444987
887,160971.9943328847
888,160971.9943212708
889,160971.9943096569
890,160971.9942980431
891,160971.9942864294
892,160971.9942748157
893,160971.9942632021
894,160971.9942515885
895,160971.9942399749
896,160971.9942283614
897,160971.9942167479
898,160971.9942051346
899,160971.9941935212
900,160971.9941819079
901,160971.9941702946
902,160971.9941586814
903,160971.9941470682
904,160971.9941354551
905,160971.9941238419
906,160971.9941122289
907,160971.9941006158
908,160971.9940890029
909,160971.9940773899
910,160971.994065777
911,160971.9940541641
912,160971.9940425513
913,160971.9940309385
914,160971.9940193256
915,160971.9940077129
916,160971.9939961002
917,160971.9939844875
918,160971.9939728749
919,160971.9939612623
920,160971.9939496497
921,160971.9939380371
922,160971.9939264246
923,160971.9939148121
924,160971.9939031996
925,160971.9938915871
926,160971.9938799747
927,160971.9938683623
928,160971.99385675
929,160971.9938451376
930,160971.9938335253
931,160971.993821913
932,160971.9938103007
933,160971.9937986884
934,160971.9937870762
935,160971.993775464
936,160971.9937638518
937,160971.9937522396
938,160971.9937406275
939,160971.9937290153
940,160971.9937174032
941,160971.9937057911
942,160971.9936941791
943,160971.993682567
944,160971.993670955
945,160971.993659343
946,160971.9936477309
947,160971.993636119
948,160971.993624507
949,160971.9936128951
950,160971.9936012831
951,160971.9935896712
952,160971.9935780593
953,160971.9935664475
954,160971.9935548356
955,160971.9935432237
956,160971.9935316119
957,160971.99352
958,160971.9935083883
959,160971.9934967765
960,160971.9934851647
961,160971.9934735529
962,160971.9934619411
963,160971.9934503294
964,160971.9934387176
965,160971.9934271059
966,160971.9934154942
967,160971.9934038825
968,160971.9933922708
969,160971.9933806592
970,160971.9933690475
971,160971.9933574359
972,160971.9933458242
973,160971.9933342126
974,160971.9933226009
975,160971.9933109893
976,160971.9932993777
977,160971.9932877661
978,160971.9932761545
979,160971.993264543
980,160971.9932529314
981,160971.9932413198
982,160971.9932297083
983,160971.9932180968
984,160971.9932064852
985,160971.9931948737
986,160971.9931832622
987,160971.9931716507
988,160971.9931600392
989,160971.9931484277
990,160971.9931368162
991,160971.9931252047
992,160971.9931135932
993,160971.9931019818
994,160971.9930903703
995,160971.9930787589
996,160971.9930671474
997,160971.993055536
998,160971.9930439246
999,160971.9930323131
1000,160971.9930207017
1001,160971.9930090903
1002,160971.9929974789
1003,160971.9929858675
1004,160971.992974256
1005,160971.9929626447
1006,160971.9929510333
1007,160971.9929394219
1008,160971.9929278105
1009,160971.9929161992
1010,160971.9929045878
1011,160971.9928929764
1012,160971.9928813651
1013,160971.9928697537
1014,160971.9928581424
1015,160971.992846531
1016,160971.9928349197
1017,160971.9928233084
1018,160971.992811697
1019,160971.9928000857
1020,160971.9927884744
1021,160971.992776863
1022,160971.9927652517
1023,160971.9927536404
1024,160971.9927420291
1025,160971.9927304178
1026,160971.9927188065
1027,160971.9927071952
1028,160971.992695584
1029,160971.9926839726
1030,160971.9926723613
1031,160971.9926607501
1032,160971.9926491388
1033,160971.9926375275
1034,160971.9926259163
1035,160971.992614305
1036,160971.9926026937
1037,160971.9925910825
1038,160971.9925794712
1039,160971.9925678599
1040,160971.9925562487
1041,160971.9925446374
1042,160971.9925330261
1043,160971.9925214149
1044,160971.9925098037
1045,160971.9924981924
1046,160971.9924865812
1047,160971.9924749699
1048,160971.9924633587
1049,160971.9924517475
1050,160971.9924401363
1051,160971.992428525
1052,160971.9924169138
1053,160971.9924053026
1054,160971.9923936913
1055,160971.9923820801
1056,160971.9923704689
1057,160971.9923588577
1058,160971.9923472465
1059,160971.9923356353
1060,160971.9923240241
1061,160971.9923124129
1062,160971.9923008016
1063,160971.9922891904
1064,160971.9922775792
1065,160971.992265968
1066,160971.9922543568
1067,160971.9922427456
1068,160971.9922311344
1069,160971.9922195232
1070,160971.9922079121
1071,160971.9921963008
1072,160971.9921846896
1073,160971.9921730784
1074,160971.9921614673
1075,160971.9921498561
1076,160971.9921382449
1077,160971.9921266337
1078,160971.9921150226
1079,160971.9921034114
1080,160971.9920918002
1081,160971.992080189
1082,160971.9920685778
1083,160971.9920569667
1084,160971.9920453555
1085,160971.9920337443
1086,160971.9920221331
1087,160971.9920105219
1088,160971.9919989108
1089,160971.9919872996
1090,160971.9919756885
1091,160971.9919640773
1092,160971.9919524661
1093,160971.991940855
1094,160971.9919292438
1095,160971.9919176326
1096,160971.9919060215
1097,160971.9918944103
1098,160971.9918827991
1099,160971.991871188
1100,160971.9918595768
1101,160971.9918479657
1102,160971.9918363545
1103,160971.9918247434
1104,160971.9918131322
1105,160971.9918015211
1106,160971.9917899099
1107,160971.9917782987
1108,160971.9917666876
1109,160971.9917550765
1110,160971.9917434653
1111,160971.9917318542
1112,160971.991720243
1113,160971.9917086319
1114,160971.9916970207
1115,160971.9916854096
1116,160971.9916737984
1117,160971.9916621873
1118,160971.9916505761
1119,160971.9916389649
1120,160971.9916273538
1121,160971.9916157427
1122,160971.9916041315
1123,160971.9915925204
1124,160971.9915809093
1125,160971.9915692981
1126,160971.991557687
1127,160971.9915460758
1128,160971.9915344647
1129,160971.9915228536
1130,160971.9915112425
1131,160971.9914996313
1132,160971.9914880202
1133,160971.991476409
1134,160971.9914647979
1135,160971.9914531867
1136,160971.9914415756
1137,160971.9914299645
1138,160971.9914183534
1139,160971.9914067422
1140,160971.9913951311
1141,160971.9913835199
1142,160971.9913719089
1143,160971.9913602977
1144,160971.9913486865
1145,160971.9913370755
1146,160971.9913254643
1147,160971.9913138532
1148,160971.9913022421
1149,160971.9912906309
1150,160971.9912790197
1151,160971.9912674086
1152,160971.9912557975
1153,160971.9912441864
1154,160971.9912325753
1155,160971.9912209641
1156,160971.991209353
1157,160971.9911977419
1158,160971.9911861308
1159,160971.9911745196
1160,160971.9911629085
1161,160971.9911512974
1162,160971.9911396863
1163,160971.9911280751
1164,160971.991116464
1165,160971.9911048529
1166,160971.9910932418
1167,160971.9910816307
1168,160971.9910700195
1169,160971.9910584084
1170,160971.9910467973
1171,160971.9910351862
1172,160971.991023575
1173,160971.9910119639
1174,160971.9910003528
1175,160971.9909887417
1176,160971.9909771306
1177,160971.9909655195
1178,160971.9909539083
1179,160971.9909422972
1180,160971.9909306861
1181,160971.9909190749
1182,160971.9909074639
1183,160971.9908958527
1184,160971.9908842416
1185,160971.9908726305
1186,160971.9908610194
1187,160971.9908494083
1188,160971.9908377971
1189,160971.990826186
1190,160971.9908145749
1191,160971.9908029638
1192,160971.9907913526
1193,160971.9907797415
1194,160971.9907681304
1195,160971.9907565193
1196,160971.9907449082
1197,160971.9907332971
1198,160971.990721686
1199,160971.9907100748
1200,160971.9906984638
1201,160971.9906868526
1202,160971.9906752415
1203,160971.9906636304
1204,160971.9906520193
1205,160971.9906404082
1206,160971.9906287971
1207,160971.990617186
1208,160971.9906055748
1209,160971.9905939637
1210,160971.9905823526
1211,160971.9905707415
1212,160971.9905591304
1213,160971.9905475193
1214,160971.9905359082
1215,160971.9905242971
1216,160971.9905126859
1217,160971.9905010748
1218,160971.9904894637
1219,160971.9904778526
1220,160971.9904662415
1221,160971.9904546304
1222,160971.9904430193
1223,160971.9904314082
1224,160971.990419797
1225,160971.990408186
1226,160971.9903965749
1227,160971.9903849637
1228,160971.9903733526
1229,160971.9903617415
1230,160971.9903501304
1231,160971.9903385193
1232,160971.9903269082
1233,160971.9903152971
1234,160971.9903036859
1235,160971.9902920749
1236,160971.9902804637
1237,160971.9902688526
1238,160971.9902572415
1239,160971.9902456304
1240,160971.9902340194
1241,160971.9902224082
1242,160971.9902107971
1243,160971.990199186
1244,160971.9901875749
1245,160971.9901759638
1246,160971.9901643527
1247,160971.9901527416
1248,160971.9901411305
1249,160971.9901295194
1250,160971.9901179083
1251,160971.9901062972
1252,160971.990094686
1253,160971.9900830749
1254,160971.9900714638
1255,160971.9900598527
1256,160971.9900482416
1257,160971.9900366305
1258,160971.9900250194
1259,160971.9900134083
1260,160971.9900017972
1261,160971.9899901861
1262,160971.989978575
1263,160971.9899669639
1264,160971.9899553528
1265,160971.9899437417
1266,160971.9899321306
1267,160971.9899205194
1268,160971.9899089083
1269,160971.9898972973
1270,160971.9898856862
1271,160971.9898740751
1272,160971.9898624639
1273,160971.9898508528
1274,160971.9898392418
1275,160971.9898276306
1276,160971.9898160195
1277,160971.9898044084
1278,160971.9897927973
1279,160971.9897811862
1280,160971.9897695751
1281,160971.989757964
1282,160971.9897463529
1283,160971.9897347418
1284,160971.9897231307
1285,160971.9897115196
1286,160971.9896999085
1287,160971.9896882974
1288,160971.9896766863
1289,160971.9896650752
1290,160971.9896534641
1291,160971.989641853
1292,160971.9896302419
1293,160971.9896186309
1294,160971.9896070197
1295,160971.9895954086
1296,160971.9895837975
1297,160971.9895721864
1298,160971.9895605753
1299,160971.9895489642
1300,160971.9895373531
1301,160971.989525742
1302,160971.9895141309
1303,160971.9895025198
1304,160971.9894909087
1305,160971.9894792976
1306,160971.9894676865
1307,160971.9894560754
1308,160971.9894444643
1309,160971.9894328532
1310,160971.9894212421
1311,160971.989409631
1312,160971.9893980199
1313,160971.9893864089
1314,160971.9893747977
1315,160971.9893631866
1316,160971.9893515756
1317,160971.9893399644
1318,160971.9893283533
1319,160971.9893167423
1320,160971.9893051311
1321,160971.98929352
1322,160971.9892819089
1323,160971.9892702978
1324,160971.9892586867
1325,160971.9892470757
1326,160971.9892354646
1327,160971.9892238535
1328,160971.9892122424
1329,160971.9892006312
1330,160971.9891890202
1331,160971.989177409
1332,160971.989165798
1333,160971.9891541869
1334,160971.9891425758
1335,160971.9891309647
1336,160971.9891193536
1337,160971.9891077425
1338,160971.9890961314
1339,160971.9890845203
1340,160971.9890729092
1341,160971.9890612981
1342,160971.989049687
1343,160971.9890380759
1344,160971.9890264648
1345,160971.9890148537
1346,160971.9890032426
1347,160971.9889916315
1348,160971.9889800204
1349,160971.9889684093
1350,160971.9889567982
1351,160971.9889451872
1352,160971.988933576
1353,160971.988921965
1354,160971.9889103539
1355,160971.9888987428
1356,160971.9888871317
1357,160971.9888755206
1358,160971.9888639095
1359,160971.9888522984
1360,160971.9888406873
1361,160971.9888290762
1362,160971.9888174651
1363,160971.988805854
1364,160971.9887942429
1365,160971.9887826319
1366,160971.9887710207
1367,160971.9887594097
1368,160971.9887477986
1369,160971.9887361875
1370,160971.9887245764
1371,160971.9887129653
1372,160971.9887013542
1373,160971.9886897431
1374,160971.988678132
1375,160971.9886665209
1376,160971.9886549099
1377,160971.9886432988
1378,160971.9886316877
1379,160971.9886200765
1380,160971.9886084655
1381,160971.9885968544
1382,160971.9885852433
1383,160971.9885736322
1384,160971.9885620211
1385,160971.98855041
1386,160971.9885387989
1387,160971.9885271878
1388,160971.9885155767
1389,160971.9885039657
1390,160971.9884923545
1391,160971.9884807435
1392,160971.9884691324
1393,160971.9884575213
1394,160971.9884459102
1395,160971.9884342992
1396,160971.988422688
1397,160971.9884110769
1398,160971.9883994659
1399,160971.9883878548
1400,160971.9883762437
1401,160971.9883646326
1402,160971.9883530215
1403,160971.9883414104
1404,160971.9883297993
1405,160971.9883181883
1406,160971.9883065771
1407,160971.9882949661
1408,160971.988283355
1409,160971.9882717439
1410,160971.9882601328
1411,160971.9882485217
1412,160971.9882369106
1413,160971.9882252995
1414,160971.9882136885
1415,160971.9882020773
1416,160971.9881904663
1417,160971.9881788552
1418,160971.9881672441
1419,160971.988155633
1420,160971.9881440219
1421,160971.9881324109
1422,160971.9881207997
1423,160971.9881091886
1424,160971.9880975776
1425,160971.9880859665
1426,160971.9880743554
1427,160971.9880627443
1428,160971.9880511332
1429,160971.9880395221
1430,160971.9880279111
1431,160971.9880162999
1432,160971.9880046888
1433,160971.9879930778
1434,160971.9879814667
1435,160971.9879698556
1436,160971.9879582446
1437,160971.9879466335
1438,160971.9879350224
1439,160971.9879234113
1440,160971.9879118002
1441,160971.9879001891
1442,160971.987888578
1443,160971.9878769669
1444,160971.9878653559
1445,160971.9878537447
1446,160971.9878421337
1447,160971.9878305226
1448,160971.9878189115
1449,160971.9878073004
1450,160971.9877956893
1451,160971.9877840783
1452,160971.9877724672
1453,160971.9877608561
1454,160971.987749245
1455,160971.9877376339
1456,160971.9877260229
1457,160971.9877144118
1458,160971.9877028007
1459,160971.9876911896
1460,160971.9876795785
1461,160971.9876679674
1462,160971.9876563564
1463,160971.9876447453
1464,160971.9876331342
1465,160971.9876215231
1466,160971.987609912
1467,160971.9875983009
1468,160971.9875866899
1469,160971.9875750788
1470,160971.9875634677
1471,160971.9875518566
1472,160971.9875402455
1473,160971.9875286344
1474,160971.9875170233
1475,160971.9875054123
1476,160971.9874938012
1477,160971.9874821901
1478,160971.9874705791
1479,160971.987458968
1480,160971.9874473569
1481,160971.9874357458
1482,160971.9874241347
1483,160971.9874125236
1484,160971.9874009125
1485,160971.9873893014
1486,160971.9873776904
1487,160971.9873660793
1488,160971.9873544682
1489,160971.9873428571
1490,160971.9873312461
1491,160971.987319635
1492,160971.9873080239
1493,160971.9872964128
1494,160971.9872848018
1495,160971.9872731906
1496,160971.9872615795
1497,160971.9872499685
1498,160971.9872383574
1499,160971.9872267463
1500,160971.9872151353
