#Pareto aproximation (linear regression) vs Original set
#ParetoLr(x), ParetoLr(CDF) 
1e-08,0
1.020960662306048e-08,0
1.042360673976401e-08,0
1.064209244064725e-08,0
1.086515774652537e-08,0
1.109289864895223e-08,0
1.132541315152813e-08,0
1.156280131207375e-08,0
1.180516528568806e-08,0
1.205260936870841e-08,0
1.230524004359262e-08,0
1.256316602474122e-08,0
1.28264983052806e-08,0
1.309535020482668e-08,0
1.336983741824945e-08,0
1.365007806546014e-08,0
1.393619274224144e-08,0
1.422830457214352e-08,0
1.452653925946781e-08,0
1.483102514336103e-08,0
1.514189325304352e-08,0
1.545927736419478e-08,0
1.578331405652117e-08,0
1.61141427725302e-08,0
1.645190587753661e-08,0
1.679674872092653e-08,0
1.714881969870541e-08,0
1.750827031735723e-08,0
1.787525525904235e-08,0
1.824993244816151e-08,0
1.86324631193156e-08,0
1.902301188668946e-08,0
1.942174681489025e-08,0
1.982883949127072e-08,0
2.024446509976802e-08,0
2.066880249629082e-08,0
2.110203428568597e-08,0
2.154434690031882e-08,0
2.199593068030075e-08,0
2.245697995539776e-08,0
2.292769312865649e-08,0
2.340827276178294e-08,0
2.389892566231048e-08,0
2.43998629725955e-08,0
2.491130026067791e-08,0
2.543345761304648e-08,0
2.596655972934873e-08,0
2.651083601908536e-08,0
2.706652070033241e-08,0
2.763385290053173e-08,0
2.821307675939471e-08,0
2.880444153396298e-08,0
2.940820170587061e-08,0
3.002461709085549e-08,0
3.06539529505653e-08,0
3.12964801067075e-08,0
3.195247505759214e-08,0
3.262222009711667e-08,0
3.330600343624589e-08,0
3.40041193270371e-08,0
3.471686818926559e-08,0
3.544455673970436e-08,0
3.618749812411276e-08,0
3.694601205199302e-08,0
3.772042493417001e-08,0
3.851107002325569e-08,0
3.93182875570577e-08,0
4.014242490499318e-08,0
4.098383671757262e-08,0
4.184288507901584e-08,0
4.271993966306777e-08,0
4.361537789208006e-08,0
4.45295850994266e-08,0
4.546295469532399e-08,0
4.641588833612782e-08,0
4.738879609717651e-08,0
4.838209664925958e-08,0
4.939621743878326e-08,0
5.043159487171359e-08,0.00127775825200882
5.148867450137498e-08,0.004354954753853724
5.256791122018419e-08,0.007422670002638077
5.366976945540476e-08,0.01048093321136845
5.479472336900293e-08,0.01352977350304096
5.594325706169378e-08,0.01656921991092053
5.711586478126435e-08,0.01959930137881716
5.831305113526219e-08,0.0226200467613602
5.95353313081437e-08,0.0256314848242748
6.078323128297236e-08,0.02863364424465464
6.2057288067765e-08,0.03162655361123523
6.335804992658255e-08,0.03461024142466729
6.46860766154632e-08,0.03758473609778612
6.604193962330306e-08,0.04055006595588428
6.742622241778349e-08,0.04350625923697971
6.883952069645497e-08,0.04645334409208501
7.028244264308353e-08,0.04939134858547667
7.175560918936921e-08,0.0523203006949603
7.32596542821523e-08,0.05524022831213937
7.479522515621828e-08,0.05815115924267866
7.636298261282242e-08,0.06105312120656992
7.796360130405237e-08,0.06394614183839686
7.959777002314978e-08,0.06683024868759613
8.126619200091946e-08,0.06970546921872223
8.296958520834915e-08,0.07257183081170648
8.470868266557402e-08,0.07542936076211948
8.648423275731727e-08,0.07827808628143085
8.829699955494083e-08,0.08111803449726729
9.014776314524918e-08,0.08394923245367258
9.20373199661823e-08,0.08677170711136351
9.396648314954691e-08,0.08958548534798705
9.593608287093146e-08,0.0923905939583779
9.794696670695386e-08,0.09518705965481056
1e-07,0.09797490906725692
1.020960662306048e-07,0.1007541687436375
1.042360673976401e-07,0.1035248651500751
1.064209244064725e-07,0.1062870246711477
1.086515774652537e-07,0.1090406736101378
1.109289864895223e-07,0.1117858381892849
1.132541315152813e-07,0.1145225445500337
1.156280131207375e-07,0.1172508187532837
1.180516528568806e-07,0.1199706867796376
1.205260936870841e-07,0.1226821745296479
1.230524004359261e-07,0.1253853078240647
1.256316602474121e-07,0.1280801124040803
1.28264983052806e-07,0.1307666139315751
1.309535020482668e-07,0.1334448379893622
1.336983741824945e-07,0.1361148100814301
1.365007806546014e-07,0.1387765556331867
1.393619274224144e-07,0.1414300999917003
1.422830457214352e-07,0.1440754684259414
1.452653925946781e-07,0.1467126861270243
1.483102514336103e-07,0.149341778208445
1.514189325304352e-07,0.1519627697063225
1.545927736419479e-07,0.1545756855796354
1.578331405652117e-07,0.1571805507104604
1.61141427725302e-07,0.1597773899042101
1.645190587753661e-07,0.1623662278898669
1.679674872092653e-07,0.1649470893202213
1.714881969870541e-07,0.1675199987721044
1.750827031735723e-07,0.1700849807466227
1.787525525904236e-07,0.1726420596693924
1.824993244816151e-07,0.1751912598907701
1.86324631193156e-07,0.1777326056860865
1.902301188668946e-07,0.1802661212558764
1.942174681489024e-07,0.1827918307261091
1.982883949127071e-07,0.1853097581484197
2.024446509976802e-07,0.1878199275003356
2.066880249629082e-07,0.1903223626855077
2.110203428568597e-07,0.1928170875339356
2.154434690031882e-07,0.1953041258021952
2.199593068030075e-07,0.1977835011736666
2.245697995539772e-07,0.2002552372587565
2.292769312865649e-07,0.2027193575951265
2.340827276178294e-07,0.2051758856479142
2.389892566231048e-07,0.2076248448099584
2.43998629725955e-07,0.2100662584020219
2.491130026067786e-07,0.2125001496730121
2.543345761304648e-07,0.214926541800205
2.596655972934872e-07,0.2173454578894627
2.651083601908536e-07,0.2197569209754556
2.706652070033241e-07,0.2221609540218819
2.763385290053167e-07,0.2245575799216843
2.82130767593947e-07,0.2269468214972707
2.880444153396298e-07,0.2293287015007291
2.940820170587061e-07,0.2317032426140455
3.002461709085549e-07,0.23407046744932
3.065395295056524e-07,0.2364303985489813
3.12964801067075e-07,0.2387830583860024
3.195247505759214e-07,0.2411284693641138
3.262222009711673e-07,0.2434666538180169
3.330600343624589e-07,0.2457976340135971
3.400411932703703e-07,0.2481214321481359
3.471686818926559e-07,0.2504380703505219
3.544455673970435e-07,0.2527475706814613
3.618749812411284e-07,0.2550499551336886
3.694601205199302e-07,0.2573452456321754
3.772042493416994e-07,0.2596334640343401
3.851107002325569e-07,0.2619146321302555
3.93182875570577e-07,0.2641887716428557
4.014242490499326e-07,0.2664559042281438
4.098383671757261e-07,0.2687160514753977
4.184288507901585e-07,0.2709692349073765
4.271993966306776e-07,0.2732154759805238
4.361537789208006e-07,0.2754547960851742
4.45295850994266e-07,0.2776872165457549
4.5462954695324e-07,0.2799127586209899
4.641588833612782e-07,0.2821314435041025
4.738879609717651e-07,0.2843432923230165
4.838209664925957e-07,0.2865483261405584
4.939621743878326e-07,0.2887465659546564
5.043159487171359e-07,0.2909380326985418
5.148867450137498e-07,0.293122747240948
5.25679112201842e-07,0.2953007303863083
5.366976945540476e-07,0.297472002874956
5.479472336900293e-07,0.2996365853833196
5.594325706169378e-07,0.3017944985241208
5.711586478126435e-07,0.3039457628465716
5.831305113526218e-07,0.306090398836568
5.95353313081437e-07,0.3082284269168875
6.078323128297237e-07,0.3103598674473811
6.205728806776501e-07,0.3124847407251689
6.335804992658255e-07,0.3146030669848331
6.468607661546321e-07,0.31671486639861
6.604193962330305e-07,0.318820159076583
6.742622241778349e-07,0.3209189650668733
6.883952069645496e-07,0.323011304355831
7.028244264308353e-07,0.3250971968682264
7.175560918936921e-07,0.3271766624674378
7.32596542821523e-07,0.3292497209556429
7.479522515621828e-07,0.3313163920740053
7.636298261282241e-07,0.333376695502864
7.796360130405236e-07,0.3354306508619201
7.959777002314978e-07,0.3374782777104238
8.126619200091945e-07,0.3395195955473607
8.296958520834915e-07,0.3415546238116373
8.470868266557403e-07,0.3435833818822659
8.648423275731727e-07,0.3456058890785505
8.829699955494083e-07,0.3476221646602686
9.014776314524917e-07,0.3496322278278566
9.20373199661823e-07,0.3516360977225914
9.396648314954691e-07,0.3536337934267728
9.593608287093148e-07,0.3556253339639063
9.794696670695385e-07,0.3576107382988825
1e-06,0.3595900253381594
1.020960662306047e-06,0.3615632139299414
1.042360673976401e-06,0.3635303228643587
1.064209244064725e-06,0.3654913708736474
1.086515774652537e-06,0.367446376632326
1.109289864895223e-06,0.3693953587573757
1.132541315152813e-06,0.3713383358084151
1.156280131207375e-06,0.3732753262878786
1.180516528568805e-06,0.3752063486411922
1.205260936870841e-06,0.3771314212569488
1.230524004359262e-06,0.379050562467084
1.256316602474121e-06,0.3809637905470501
1.28264983052806e-06,0.3828711237159899
1.309535020482668e-06,0.3847725801369112
1.336983741824945e-06,0.3866681779168586
1.365007806546014e-06,0.3885579351070871
1.393619274224143e-06,0.3904418697032329
1.422830457214352e-06,0.3923199996454851
1.452653925946781e-06,0.3941923428187575
1.483102514336103e-06,0.3960589170528569
1.514189325304352e-06,0.3979197401226553
1.545927736419479e-06,0.3997748297482571
1.57833140565212e-06,0.401624203595169
1.61141427725302e-06,0.4034678792744677
1.645190587753661e-06,0.4053058743429682
1.679674872092653e-06,0.4071382063033906
1.714881969870541e-06,0.4089648926045265
1.750827031735727e-06,0.4107859506414054
1.787525525904235e-06,0.4126013977554605
1.82499324481615e-06,0.4144112512346938
1.86324631193156e-06,0.416215528313841
1.902301188668946e-06,0.4180142461745345
1.942174681489028e-06,0.4198074219454685
1.982883949127071e-06,0.4215950727025607
2.024446509976802e-06,0.4233772154691163
2.066880249629082e-06,0.4251538672159894
2.110203428568597e-06,0.4269250448617441
2.154434690031886e-06,0.4286907652728165
2.199593068030075e-06,0.4304510452636747
2.245697995539772e-06,0.4322059015969796
2.292769312865649e-06,0.4339553509837439
2.340827276178294e-06,0.4356994100834916
2.389892566231052e-06,0.4374380955044159
2.43998629725955e-06,0.4391714238035385
2.491130026067786e-06,0.4408994114868664
2.543345761304648e-06,0.4426220750095501
2.596655972934872e-06,0.4443394307760385
2.651083601908542e-06,0.446051495140237
2.706652070033241e-06,0.4477582844056619
2.763385290053167e-06,0.4494598148255966
2.821307675939471e-06,0.451156102603246
2.880444153396298e-06,0.4528471638918905
2.940820170587067e-06,0.45453301479504
3.002461709085549e-06,0.4562136713665876
3.065395295056524e-06,0.4578891496109622
3.129648010670751e-06,0.4595594654832807
3.195247505759214e-06,0.4612246348895006
3.262222009711673e-06,0.4628846736865705
3.330600343624589e-06,0.4645395976825817
3.400411932703702e-06,0.466189422636919
3.47168681892656e-06,0.4678341642604104
3.544455673970436e-06,0.4694738382154763
3.618749812411284e-06,0.4711084601162795
3.694601205199302e-06,0.4727380455288732
3.772042493416993e-06,0.4743626099713498
3.851107002325569e-06,0.4759821689139885
3.93182875570577e-06,0.477596737779402
4.014242490499326e-06,0.4792063319426841
4.098383671757261e-06,0.4808109667315559
4.184288507901576e-06,0.4824106574265118
4.271993966306777e-06,0.4840054192609652
4.361537789208005e-06,0.4855952674213927
4.45295850994266e-06,0.4871802170474798
4.5462954695324e-06,0.4887602832322644
4.641588833612773e-06,0.4903354810222809
4.738879609717651e-06,0.4919058254177033
4.838209664925957e-06,0.4934713313724881
4.939621743878326e-06,0.4950320137945163
5.043159487171359e-06,0.4965878875457361
5.148867450137487e-06,0.498138967442304
5.25679112201842e-06,0.499685268254726
5.366976945540476e-06,0.501226804707998
5.479472336900293e-06,0.5027635914817463
5.594325706169378e-06,0.5042956432103672
5.711586478126423e-06,0.5058229744831668
5.831305113526219e-06,0.5073455998444996
5.95353313081437e-06,0.5088635337939065
6.078323128297237e-06,0.5103767907862538
6.205728806776501e-06,0.51188538523187
6.335804992658241e-06,0.5133893314966842
6.468607661546321e-06,0.5148886439023617
6.604193962330305e-06,0.5163833367264408
6.742622241778349e-06,0.5178734242024688
6.883952069645496e-06,0.5193589205201377
7.028244264308338e-06,0.5208398398254188
7.175560918936921e-06,0.5223161962206984
7.32596542821523e-06,0.5237880037649111
7.479522515621829e-06,0.5252552764736739
7.636298261282242e-06,0.5267180283194198
7.796360130405221e-06,0.5281762732315314
7.959777002314978e-06,0.5296300250964725
8.126619200091945e-06,0.5310792977579211
8.296958520834915e-06,0.532524105016901
8.470868266557402e-06,0.5339644606319125
8.648423275731709e-06,0.5354003783190653
8.829699955494083e-06,0.5368318717522071
9.014776314524917e-06,0.5382589545630552
9.20373199661823e-06,0.5396816403413252
9.396648314954691e-06,0.5410999426348612
9.593608287093147e-06,0.5425138749497648
9.794696670695386e-06,0.5439234507505231
1e-05,0.5453286834601379
1.020960662306048e-05,0.5467295864602522
1.042360673976401e-05,0.5481261730912788
1.064209244064725e-05,0.5495184566525271
1.086515774652537e-05,0.5509064504023291
1.109289864895223e-05,0.5522901675581665
1.132541315152813e-05,0.553669621296796
1.156280131207375e-05,0.5550448247543746
1.180516528568806e-05,0.5564157910265857
1.205260936870841e-05,0.5577825331687628
1.230524004359262e-05,0.5591450641960143
1.256316602474121e-05,0.5605033970833472
1.28264983052806e-05,0.5618575447657905
1.309535020482668e-05,0.5632075201385196
1.336983741824945e-05,0.5645533360569769
1.365007806546014e-05,0.5658950053369964
1.393619274224143e-05,0.5672325407549245
1.422830457214352e-05,0.5685659550477415
1.452653925946781e-05,0.5698952609131845
1.483102514336103e-05,0.5712204710098659
1.514189325304352e-05,0.5725415979573962
1.545927736419479e-05,0.5738586543365027
1.578331405652116e-05,0.5751716526891498
1.61141427725302e-05,0.5764806055186588
1.645190587753661e-05,0.5777855252898259
1.679674872092653e-05,0.5790864244290426
1.714881969870541e-05,0.580383315324412
1.750827031735727e-05,0.5816762103258686
1.787525525904236e-05,0.5829651217452946
1.82499324481615e-05,0.5842500618566377
1.86324631193156e-05,0.5855310428960285
1.902301188668946e-05,0.5868080770618957
1.942174681489028e-05,0.5880811765150834
1.982883949127071e-05,0.5893503533789662
2.024446509976802e-05,0.5906156197395656
2.066880249629082e-05,0.5918769876456638
2.110203428568597e-05,0.5931344691089193
2.154434690031887e-05,0.5943880761039814
2.199593068030075e-05,0.5956378205686033
2.245697995539772e-05,0.5968837144037569
2.292769312865649e-05,0.5981257694737454
2.340827276178294e-05,0.5993639976063168
2.389892566231053e-05,0.6005984105927755
2.43998629725955e-05,0.601829020188096
2.491130026067786e-05,0.603055838111034
2.543345761304648e-05,0.6042788760442382
2.596655972934872e-05,0.6054981456343613
2.651083601908542e-05,0.6067136584921711
2.706652070033241e-05,0.607925426192661
2.763385290053167e-05,0.6091334602751608
2.821307675939471e-05,0.6103377722434459
2.880444153396298e-05,0.6115383735658465
2.940820170587067e-05,0.6127352756753579
3.002461709085549e-05,0.6139284899697487
3.065395295056524e-05,0.6151180278116692
3.12964801067075e-05,0.6163039005287605
3.195247505759214e-05,0.6174861194137609
3.262222009711673e-05,0.6186646957246149
3.330600343624589e-05,0.6198396406845792
3.400411932703703e-05,0.6210109654823307
3.471686818926559e-05,0.6221786812720724
3.544455673970435e-05,0.6233427991736396
3.618749812411284e-05,0.6245033302726055
3.694601205199302e-05,0.6256602856203878
3.772042493416993e-05,0.626813676234353
3.851107002325569e-05,0.627963513097922
3.93182875570577e-05,0.6291098071606736
4.014242490499326e-05,0.6302525693384502
4.098383671757261e-05,0.6313918105134604
4.184288507901576e-05,0.6325275415343836
4.271993966306776e-05,0.6336597732164734
4.361537789208006e-05,0.6347885163416593
4.45295850994266e-05,0.6359137816586509
4.5462954695324e-05,0.637035579883039
4.641588833612772e-05,0.6381539216973988
4.738879609717651e-05,0.6392688177513911
4.838209664925957e-05,0.6403802786618631
4.939621743878326e-05,0.6414883150129503
5.043159487171359e-05,0.6425929373561774
5.148867450137487e-05,0.6436941562105579
5.256791122018419e-05,0.6447919820626955
5.366976945540476e-05,0.6458864253668828
5.479472336900293e-05,0.6469774965452013
5.594325706169377e-05,0.6480652059876206
5.711586478126424e-05,0.649149564052098
5.831305113526218e-05,0.650230581064676
5.95353313081437e-05,0.6513082673195815
6.078323128297237e-05,0.6523826330793231
6.2057288067765e-05,0.6534536885747895
6.335804992658241e-05,0.6545214440053468
6.468607661546321e-05,0.6555859095389356
6.604193962330305e-05,0.6566470953121671
6.742622241778349e-05,0.6577050114304208
6.883952069645496e-05,0.6587596679679399
7.028244264308338e-05,0.6598110749679278
7.175560918936922e-05,0.6608592424426432
7.32596542821523e-05,0.6619041803734957
7.479522515621829e-05,0.662945898711141
7.636298261282242e-05,0.6639844073755753
7.79636013040522e-05,0.66501971625623
7.959777002314978e-05,0.6660518352120663
8.126619200091945e-05,0.667080774071668
8.296958520834916e-05,0.6681065426333359
8.470868266557403e-05,0.6691291506651809
8.648423275731709e-05,0.6701486079052175
8.829699955494083e-05,0.6711649240614554
9.014776314524917e-05,0.6721781088119934
9.203731996618231e-05,0.6731881718051098
9.39664831495469e-05,0.6741951226593559
9.593608287093147e-05,0.6751989709636471
9.794696670695385e-05,0.6761997262773536
0.0001,0.6771973981303925
0.0001020960662306048,0.6781919960233171
0.0001042360673976401,0.6791835294274091
0.0001064209244064725,0.6801720077847673
0.0001086515774652537,0.6811574405083984
0.0001109289864895223,0.6821398369823066
0.0001132541315152813,0.6831192065615822
0.0001156280131207375,0.6840955585724915
0.0001180516528568806,0.6850689023125653
0.0001205260936870841,0.6860392470506878
0.0001230524004359262,0.6870066020271838
0.0001256316602474122,0.6879709764539081
0.000128264983052806,0.6889323795143321
0.0001309535020482668,0.689890820363632
0.0001336983741824945,0.6908463081287757
0.0001365007806546014,0.6917988519086093
0.0001393619274224143,0.6927484607739446
0.0001422830457214352,0.6936951437676446
0.0001452653925946781,0.6946389099047106
0.0001483102514336103,0.6955797681723668
0.0001514189325304352,0.696517727530147
0.0001545927736419478,0.6974527969099795
0.0001578331405652116,0.6983849852162718
0.000161141427725302,0.6993143013259961
0.0001645190587753661,0.7002407540887732
0.0001679674872092653,0.7011643523269573
0.0001714881969870541,0.7020851048357195
0.0001750827031735723,0.7030030203831317
0.0001787525525904235,0.7039181077102508
0.0001824993244816151,0.7048303755312006
0.000186324631193156,0.7057398325332562
0.0001902301188668946,0.7066464873769254
0.0001942174681489025,0.7075503486960322
0.0001982883949127071,0.7084514250977985
0.0002024446509976802,0.7093497251629264
0.0002066880249629082,0.7102452574456795
0.0002110203428568597,0.7111380304739647
0.0002154434690031882,0.7120280527494132
0.0002199593068030075,0.7129153327474614
0.0002245697995539772,0.7137998789174321
0.0002292769312865649,0.7146816996826145
0.0002340827276178294,0.7155608034403443
0.0002389892566231048,0.7164371985620841
0.000243998629725955,0.7173108933935027
0.0002491130026067791,0.7181818962545552
0.0002543345761304648,0.7190502154395612
0.0002596655972934873,0.719915859217285
0.0002651083601908536,0.7207788358310132
0.0002706652070033241,0.7216391534986342
0.0002763385290053172,0.7224968204127158
0.0002821307675939471,0.7233518447405831
0.0002880444153396298,0.7242042346243972
0.000294082017058706,0.7250539981812316
0.0003002461709085549,0.7259011435031503
0.000306539529505653,0.7267456786572843
0.000312964801067075,0.7275876116859091
0.0003195247505759214,0.7284269506065205
0.0003262222009711667,0.7292637034119114
0.0003330600343624589,0.7300978780702481
0.000340041193270371,0.7309294825251454
0.000347168681892656,0.7317585246957433
0.0003544455673970436,0.7325850124767816
0.0003618749812411277,0.7334089537386757
0.0003694601205199302,0.7342303563275903
0.0003772042493417001,0.7350492280655161
0.0003851107002325569,0.7358655767503425
0.000393182875570577,0.7366794101559329
0.0004014242490499318,0.7374907360321983
0.0004098383671757261,0.738299562105171
0.0004184288507901585,0.7391058960770788
0.0004271993966306776,0.7399097456264173
0.0004361537789208006,0.7407111184080244
0.0004452958509942651,0.7415100220531514
0.0004546295469532399,0.7423064641695379
0.0004641588833612782,0.7431004523414821
0.0004738879609717651,0.7438919941299145
0.0004838209664925957,0.7446810970724689
0.0004939621743878316,0.745467768683555
0.0005043159487171359,0.7462520164544296
0.0005148867450137498,0.7470338478532679
0.0005256791122018419,0.7478132703252343
0.0005366976945540476,0.7485902912925541
0.0005479472336900282,0.7493649181545836
0.0005594325706169377,0.7501371582878809
0.0005711586478126435,0.7509070190462753
0.0005831305113526219,0.7516745077609387
0.000595353313081437,0.7524396317404543
0.0006078323128297224,0.7532023982708865
0.0006205728806776501,0.7539628146158508
0.0006335804992658254,0.7547208880165821
0.0006468607661546321,0.7554766256920042
0.0006604193962330305,0.7562300348387985
0.0006742622241778335,0.7569811226314724
0.0006883952069645496,0.7577298962224279
0.0007028244264308353,0.7584763627420291
0.0007175560918936921,0.7592205292986708
0.000732596542821523,0.7599624029788458
0.0007479522515621828,0.7607019908472125
0.0007636298261282241,0.7614392999466619
0.0007796360130405237,0.7621743372983854
0.0007959777002314978,0.7629071099019408
0.0008126619200091946,0.7636376247353194
0.0008296958520834915,0.7643658887550124
0.0008470868266557402,0.7650919088960771
0.0008648423275731727,0.7658156920722031
0.0008829699955494083,0.7665372451757778
0.0009014776314524918,0.7672565750779524
0.000920373199661823,0.7679736886287071
0.000939664831495469,0.7686885926569162
0.0009593608287093146,0.7694012939704137
0.0009794696670695387,0.7701117993560574
0.001,0.7708201155797944
0.001020960662306047,0.7715262493867243
0.001042360673976401,0.7722302075011646
0.001064209244064725,0.7729319966267143
0.001086515774652537,0.7736316234463174
0.001109289864895223,0.7743290946223275
0.001132541315152813,0.7750244167965697
0.001156280131207375,0.7757175965904055
0.001180516528568806,0.7764086406047948
0.001205260936870841,0.777097555420359
0.001230524004359262,0.7777843475974437
0.001256316602474122,0.7784690236761816
0.00128264983052806,0.779151590176554
0.001309535020482668,0.7798320535984532
0.001336983741824945,0.7805104204217448
0.001365007806546014,0.7811866971063287
0.001393619274224143,0.7818608900922014
0.001422830457214352,0.7825330057995166
0.001452653925946781,0.7832030506286467
0.001483102514336103,0.7838710309602437
0.001514189325304352,0.7845369531553
0.001545927736419478,0.7852008235552091
0.001578331405652117,0.7858626484818256
0.00161141427725302,0.7865224342375255
0.001645190587753661,0.7871801871052667
0.001679674872092653,0.7878359133486482
0.001714881969870541,0.7884896192119701
0.001750827031735723,0.7891413109202929
0.001787525525904235,0.7897909946794972
0.00182499324481615,0.7904386766763418
0.00186324631193156,0.7910843630785239
0.001902301188668946,0.7917280600347371
0.001942174681489024,0.7923697736747295
0.001982883949127072,0.7930095101093633
0.002024446509976802,0.793647275430672
0.002066880249629082,0.794283075711919
0.002110203428568597,0.7949169170076547
0.002154434690031882,0.7955488053537748
0.002199593068030075,0.7961787467675779
0.002245697995539772,0.7968067472478223
0.002292769312865649,0.7974328127747832
0.002340827276178294,0.7980569493103098
0.002389892566231048,0.7986791627978822
0.00243998629725955,0.7992994591626679
0.002491130026067791,0.7999178443115779
0.002543345761304648,0.8005343241333231
0.002596655972934872,0.8011489044984714
0.002651083601908536,0.8017615912595015
0.002706652070033241,0.8023723902508606
0.002763385290053173,0.8029813072890188
0.002821307675939471,0.8035883481725253
0.002880444153396298,0.8041935186820629
0.002940820170587061,0.8047968245805032
0.003002461709085549,0.805398271612962
0.00306539529505653,0.8059978655068533
0.00312964801067075,0.8065956119719444
0.003195247505759214,0.80719151670041
0.003262222009711667,0.8077855853668863
0.003330600343624588,0.8083778236285255
0.00340041193270371,0.808968237125049
0.003471686818926559,0.8095568314788015
0.003544455673970436,0.810143612294805
0.003618749812411277,0.810728585160811
0.003694601205199302,0.811311755647355
0.003772042493417001,0.8118931293078083
0.003851107002325569,0.812472711678432
0.003931828755705771,0.8130505082784294
0.004014242490499318,0.8136265246099975
0.004098383671757262,0.8142007661583814
0.004184288507901585,0.8147732383919248
0.004271993966306777,0.8153439467621226
0.004361537789208006,0.8159128967036735
0.004452958509942651,0.8164800936345307
0.0045462954695324,0.817045542955954
0.004641588833612782,0.8176092500525612
0.004738879609717651,0.8181712202923797
0.004838209664925958,0.8187314590268968
0.004939621743878316,0.8192899715911115
0.005043159487171359,0.8198467633035849
0.005148867450137497,0.8204018394664907
0.005256791122018419,0.8209552053656662
0.005366976945540477,0.8215068662706623
0.005479472336900281,0.8220568274347932
0.005594325706169377,0.8226050940951877
0.005711586478126435,0.8231516714728377
0.005831305113526219,0.8236965647726489
0.00595353313081437,0.8242397791834898
0.006078323128297224,0.8247813198782413
0.0062057288067765,0.8253211920138462
0.006335804992658254,0.8258594007313578
0.006468607661546321,0.8263959511559891
0.006604193962330305,0.8269308483971618
0.006742622241778335,0.8274640975485549
0.006883952069645496,0.8279957036881529
0.007028244264308352,0.8285256718782942
0.007175560918936921,0.8290540071657199
0.00732596542821523,0.829580714581621
0.007479522515621813,0.8301057991416869
0.007636298261282242,0.8306292658461532
0.007796360130405237,0.8311511196798486
0.007959777002314978,0.8316713656122433
0.008126619200091946,0.8321900085974959
0.008296958520834915,0.8327070535745004
0.008470868266557402,0.8332225054669333
0.008648423275731726,0.8337363691833009
0.008829699955494083,0.8342486496169855
0.009014776314524917,0.8347593516462924
0.00920373199661823,0.8352684801344963
0.009396648314954691,0.8357760399298868
0.009593608287093146,0.8362820358658164
0.009794696670695385,0.8367864727607444
0.01,0.8372893554182842
0.01020960662306048,0.8377906886272487
0.01042360673976401,0.8382904771616957
0.01064209244064725,0.8387887257809736
0.01086515774652537,0.8392854392297664
0.01109289864895223,0.8397806222381393
0.01132541315152813,0.8402742795215835
0.01156280131207375,0.8407664157810609
0.01180516528568806,0.8412570357030497
0.01205260936870841,0.8417461439595876
0.01230524004359262,0.8422337452083178
0.01256316602474121,0.8427198440925326
0.0128264983052806,0.8432044452412173
0.01309535020482668,0.8436875532690951
0.01336983741824945,0.8441691727766704
0.01365007806546014,0.8446493083502729
0.01393619274224144,0.8451279645621012
0.01422830457214352,0.8456051459702661
0.01452653925946781,0.846080857118835
0.01483102514336103,0.8465551025378735
0.01514189325304352,0.8470278867434901
0.01545927736419479,0.8474992142378782
0.01578331405652117,0.8479690895093595
0.0161141427725302,0.8484375170324266
0.01645190587753661,0.8489045012677856
0.01679674872092653,0.8493700466623986
0.01714881969870541,0.8498341576495259
0.01750827031735723,0.850296838648768
0.01787525525904235,0.850758094066109
0.0182499324481615,0.8512179282939566
0.0186324631193156,0.8516763457111853
0.01902301188668946,0.852133350683178
0.01942174681489025,0.8525889475618665
0.01982883949127071,0.8530431406857745
0.02024446509976802,0.8534959343800577
0.02066880249629082,0.8539473329565455
0.02110203428568597,0.8543973407137819
0.02154434690031882,0.8548459619370669
0.02199593068030075,0.8552932008984964
0.02245697995539772,0.8557390618570037
0.02292769312865649,0.8561835490583997
0.02340827276178294,0.8566266667354133
0.02389892566231048,0.857068419107732
0.0243998629725955,0.8575088103820417
0.02491130026067786,0.857947844752067
0.02543345761304648,0.8583855263986111
0.02596655972934872,0.8588218594895956
0.02651083601908536,0.8592568481801
0.02706652070033241,0.8596904966124016
0.02763385290053173,0.8601228089160149
0.02821307675939471,0.8605537892077306
0.02880444153396298,0.8609834415916551
0.02940820170587061,0.8614117701592496
0.03002461709085549,0.8618387789893688
0.0306539529505653,0.8622644721482999
0.03129648010670751,0.8626888536898016
0.03195247505759213,0.8631119276551421
0.03262222009711666,0.8635336980731381
0.03330600343624589,0.8639541689601927
0.0340041193270371,0.8643733443203345
0.03471686818926559,0.8647912281452546
0.03544455673970436,0.8652078244143453
0.03618749812411277,0.865623137094738
0.03694601205199302,0.866037170141341
0.03772042493417001,0.8664499274968763
0.03851107002325569,0.8668614130919187
0.0393182875570577,0.8672716308449319
0.04014242490499318,0.8676805846623062
0.04098383671757262,0.8680882784383962
0.04184288507901585,0.8684947160555572
0.04271993966306777,0.8688999013841824
0.04361537789208006,0.8693038382827399
0.04452958509942651,0.8697065305978093
0.04546295469532399,0.8701079821641187
0.04641588833612782,0.8705081968045802
0.04738879609717651,0.8709071783303277
0.04838209664925957,0.8713049305407521
0.04939621743878315,0.8717014572235378
0.05043159487171359,0.8720967621546991
0.05148867450137497,0.872490849098616
0.05256791122018419,0.8728837218080694
0.05366976945540476,0.8732753840242778
0.05479472336900281,0.8736658394769327
0.05594325706169378,0.8740550918842334
0.05711586478126435,0.8744431449529231
0.05831305113526219,0.8748300023783242
0.0595353313081437,0.8752156678443733
0.06078323128297224,0.8756001450236561
0.062057288067765,0.8759834375774429
0.06335804992658255,0.8763655491557228
0.0646860766154632,0.8767464833972388
0.06604193962330306,0.8771262439295229
0.06742622241778336,0.8775048343689296
0.06883952069645496,0.8778822583206712
0.07028244264308353,0.8782585193788521
0.07175560918936921,0.8786336211265022
0.0732596542821523,0.8790075671356123
0.07479522515621813,0.8793803609671669
0.07636298261282241,0.8797520061711788
0.07796360130405237,0.8801225062867227
0.07959777002314977,0.8804918648419691
0.08126619200091946,0.8808600853542174
0.08296958520834916,0.8812271713299302
0.08470868266557402,0.8815931262647657
0.08648423275731726,0.8819579536436121
0.08829699955494083,0.8823216569406196
0.09014776314524918,0.8826842396192345
0.09203731996618231,0.8830457051322315
0.09396648314954691,0.883406056921747
0.09593608287093147,0.8837652984193116
0.09794696670695385,0.8841234330458831
0.1,0.8844804642118788
0.1020960662306048,0.8848363953172077
0.1042360673976401,0.8851912297513036
0.1064209244064725,0.8855449708931571
0.1086515774652537,0.8858976221113474
0.1109289864895223,0.8862491867640746
0.1132541315152813,0.8865996681991921
0.1156280131207375,0.8869490697542378
0.1180516528568806,0.8872973947564664
0.1205260936870841,0.8876446465228807
0.1230524004359262,0.8879908283602634
0.1256316602474122,0.8883359435652087
0.128264983052806,0.8886799954241535
0.1309535020482668,0.8890229872134088
0.1336983741824945,0.8893649221991906
0.1365007806546014,0.8897058036376516
0.1393619274224144,0.8900456347749115
0.1422830457214352,0.8903844188470886
0.1452653925946781,0.89072215908033
0.1483102514336103,0.891058858690843
0.1514189325304352,0.8913945208849249
0.1545927736419478,0.8917291488589942
0.1578331405652116,0.8920627457996209
0.161141427725302,0.8923953148835564
0.1645190587753661,0.8927268592777644
0.1679674872092653,0.8930573821394507
0.1714881969870541,0.8933868866160934
0.1750827031735723,0.8937153758454728
0.1787525525904236,0.894042852955701
0.182499324481615,0.894369321065252
0.186324631193156,0.894694783282992
0.1902301188668946,0.8950192427082077
0.1942174681489025,0.8953427024306364
0.1982883949127071,0.8956651655304962
0.2024446509976802,0.8959866350785141
0.2066880249629082,0.8963071141359559
0.2110203428568597,0.8966266057546551
0.2154434690031882,0.8969451129770425
0.2199593068030075,0.8972626388361743
0.2245697995539772,0.8975791863557616
0.2292769312865649,0.8978947585501994
0.2340827276178294,0.8982093584245943
0.2389892566231048,0.8985229889747943
0.243998629725955,0.8988356531874165
0.2491130026067786,0.899147354039876
0.2543345761304648,0.899458094500414
0.2596655972934873,0.8997678775281261
0.2651083601908536,0.9000767060729907
0.2706652070033241,0.9003845830758967
0.2763385290053172,0.9006915114686721
0.2821307675939471,0.900997494174111
0.2880444153396298,0.9013025341060025
0.2940820170587061,0.9016066341691575
0.3002461709085549,0.9019097972594373
0.306539529505653,0.9022120262637802
0.312964801067075,0.9025133240602294
0.3195247505759213,0.902813693517961
0.3262222009711667,0.9031131374973104
0.3330600343624588,0.9034116588498
0.340041193270371,0.9037092604181661
0.3471686818926559,0.9040059450363865
0.3544455673970436,0.9043017155297071
0.3618749812411277,0.9045965747146684
0.3694601205199303,0.9048905253991332
0.3772042493417002,0.9051835703823128
0.3851107002325569,0.9054757124547935
0.393182875570577,0.905766954398564
0.4014242490499318,0.9060572989870408
0.4098383671757261,0.9063467489850953
0.4184288507901585,0.90663530714908
0.4271993966306777,0.9069229762268546
0.4361537789208006,0.9072097589578125
0.4452958509942651,0.9074956580729063
0.4546295469532399,0.9077806762946747
0.4641588833612782,0.9080648163372674
0.4738879609717651,0.9083480809064717
0.4838209664925957,0.9086304726997377
0.4939621743878316,0.9089119944062048
0.5043159487171359,0.9091926487067266
0.5148867450137498,0.9094724382738963
0.5256791122018419,0.9097513657720729
0.5366976945540476,0.9100294338574061
0.5479472336900282,0.9103066451778613
0.5594325706169377,0.9105830023732456
0.5711586478126435,0.9108585080752324
0.5831305113526218,0.9111331649073862
0.595353313081437,0.9114069754851886
0.6078323128297224,0.9116799424160618
0.62057288067765,0.9119520682993948
0.6335804992658254,0.9122233557265673
0.6468607661546321,0.9124938072809746
0.6604193962330305,0.9127634255380522
0.6742622241778335,0.9130322130653005
0.6883952069645496,0.9133001724223088
0.7028244264308353,0.9135673061607801
0.7175560918936921,0.9138336168245553
0.732596542821523,0.9140991069496376
0.7479522515621814,0.9143637790642161
0.7636298261282242,0.9146276356886901
0.7796360130405237,0.9148906793356937
0.7959777002314977,0.9151529125101189
0.8126619200091946,0.9154143377091398
0.8296958520834898,0.9156749574222365
0.8470868266557402,0.9159347741312186
0.8648423275731727,0.9161937903102491
0.8829699955494082,0.9164520084258672
0.9014776314524917,0.9167094309370132
0.9203731996618231,0.9169660602950505
0.9396648314954691,0.9172218989437895
0.9593608287093147,0.9174769493195113
0.9794696670695385,0.9177312138509901
1,0.9179846949595171
1.020960662306048,0.9182373950589227
1.042360673976403,0.9184893165556003
1.064209244064722,0.9187404618485289
1.086515774652537,0.9189908333292957
1.109289864895223,0.9192404333821194
1.132541315152813,0.9194892643838722
1.156280131207378,0.9197373287041034
1.180516528568803,0.9199846287050607
1.205260936870841,0.9202311667417141
1.230524004359262,0.9204769451617771
1.256316602474121,0.92072196630573
1.282649830528062,0.9209662325068413
1.309535020482665,0.9212097460911907
1.336983741824945,0.921452509377691
1.365007806546014,0.9216945246781099
1.393619274224144,0.9219357942970923
1.422830457214355,0.9221763205321823
1.452653925946778,0.9224161056738448
1.483102514336103,0.9226551520054876
1.514189325304352,0.922893461803483
1.545927736419479,0.9231310373371894
1.57833140565212,0.923367880868973
1.611414277253017,0.9236039946542294
1.645190587753661,0.9238393809414052
1.679674872092653,0.9240740419720189
1.714881969870541,0.9243079799806829
1.750827031735727,0.9245411971951242
1.787525525904232,0.9247736958362059
1.824993244816151,0.9250054781179486
1.86324631193156,0.925236546247551
1.902301188668946,0.9254669024254111
1.942174681489028,0.9256965488451472
1.982883949127067,0.9259254876936187
2.024446509976802,0.9261537211509472
2.066880249629082,0.926381251390537
2.110203428568596,0.9266080805790957
2.154434690031886,0.9268342108766552
2.19959306803007,0.9270596444365917
2.245697995539772,0.927284383405647
2.292769312865649,0.9275084299239482
2.340827276178294,0.9277317861250286
2.389892566231053,0.9279544541358475
2.439986297259545,0.928176436076811
2.491130026067786,0.9283977340617919
2.543345761304648,0.9286183501981499
2.596655972934872,0.9288382865867515
2.651083601908542,0.9290575453219904
2.706652070033236,0.9292761284918067
2.763385290053167,0.929494038177708
2.821307675939471,0.929711276454788
2.880444153396298,0.9299278453917468
2.940820170587067,0.9301437470509107
3.002461709085543,0.9303589834882515
3.065395295056524,0.9305735567534066
3.12964801067075,0.930787468889698
3.195247505759214,0.9310007219341517
3.262222009711673,0.9312133179175178
3.330600343624582,0.9314252588642892
3.400411932703703,0.931636546792721
3.47168681892656,0.93184718371485
3.544455673970436,0.9320571716365132
3.618749812411284,0.9322665125573679
3.694601205199295,0.9324752084709098
3.772042493416994,0.9326832613644925
3.851107002325569,0.9328906732193465
3.93182875570577,0.9330974460105974
4.014242490499326,0.9333035817072856
4.098383671757253,0.9335090822723843
4.184288507901576,0.9337139496628188
4.271993966306777,0.9339181858294848
4.361537789208006,0.9341217927172669
4.45295850994266,0.9343247722650574
4.54629546953239,0.9345271264057743
4.641588833612772,0.9347288570663804
4.738879609717651,0.9349299661679012
4.838209664925957,0.9351304556254432
4.939621743878326,0.9353303273482119
5.043159487171349,0.9355295832395308
5.148867450137487,0.9357282251968587
5.256791122018419,0.9359262551118084
5.366976945540476,0.9361236748701637
5.479472336900293,0.9363204863518988
5.594325706169389,0.9365166914311951
5.711586478126423,0.9367122919764593
5.831305113526219,0.9369072898503417
5.95353313081437,0.9371016869097529
6.078323128297236,0.9372954850058828
6.205728806776513,0.9374886859842169
6.335804992658241,0.9376812916845549
6.46860766154632,0.937873303941028
6.604193962330306,0.9380647245821155
6.742622241778349,0.9382555554306637
6.883952069645511,0.9384457983039021
7.028244264308339,0.9386354550134608
7.175560918936921,0.9388245273653886
7.32596542821523,0.9390130171601692
7.479522515621829,0.939200926192739
7.636298261282257,0.9393882562525038
7.796360130405221,0.9395750091233561
7.959777002314977,0.939761186583692
8.126619200091946,0.939946790406428
8.296958520834915,0.9401318223590183
8.470868266557419,0.9403162842034709
8.648423275731709,0.9405001776963651
8.829699955494084,0.940683504588868
9.014776314524918,0.9408662666267509
9.203731996618231,0.9410484655504062
9.39664831495471,0.9412301030948642
9.593608287093128,0.941411180989809
9.794696670695386,0.9415917009595954
10,0.9417716647232653
