#Cauchy - Cost J(iterations) convergence
#iterations, J(iterations)
1,121589.9992886929
2,121589.4204069822
3,121588.8425046619
4,121588.2655634571
5,121587.689565714
6,121587.1144941707
7,121586.540331946
8,121585.9670622169
9,121585.3946697217
10,121584.823137837
11,121584.2524506344
12,121583.6825935732
13,121583.1135515297
14,121582.5453092646
15,121581.9778524235
16,121581.4111678425
17,121580.845241055
18,121580.2800587284
19,121579.715607957
20,121579.151874224
21,121578.5888457583
22,121578.0265105277
23,121577.4648559701
24,121576.903869412
25,121576.3435402294
26,121575.7838559039
27,121575.2248057042
28,121574.6663786113
29,121574.1085630671
30,121573.5513485259
31,121572.9947257673
32,121572.438682865
33,121571.8832113198
34,121571.3283002994
35,121570.773940701
36,121570.2201230674
37,121569.666837633
38,121569.1140756576
39,121568.5618280285
40,121568.0100867927
41,121567.4588429994
42,121566.9080871658
43,121566.3578130656
44,121565.8080117697
45,121565.2586756615
46,121564.7097962144
47,121564.1613660318
48,121563.6133791479
49,121563.0658266088
50,121562.5187017004
51,121561.9719976143
52,121561.4257073737
53,121560.8798246293
54,121560.3343424594
55,121559.7892545675
56,121559.2445554228
57,121558.7002369617
58,121558.1562948045
59,121557.6127219453
60,121557.0695132303
61,121556.5266628013
62,121555.9841653333
63,121555.4420138875
64,121554.900205016
65,121554.35873281
66,121553.817591389
67,121553.2767765515
68,121552.7362826234
69,121552.1961052777
70,121551.6562395246
71,121551.1166810154
72,121550.577424754
73,121550.0384668818
74,121549.4998017549
75,121548.9614261785
76,121548.423335385
77,121547.8855257227
78,121547.3479921647
79,121546.810732157
80,121546.2737407218
81,121545.7370144845
82,121545.2005491411
83,121544.6643415538
84,121544.1283880479
85,121543.5926854806
86,121543.0572297417
87,121542.5220174641
88,121541.9870456724
89,121541.4523110183
90,121540.9178098312
91,121540.3835393253
92,121539.8494976861
93,121539.3156796076
94,121538.7820836811
95,121538.2487062683
96,121537.7155453183
97,121537.1825972085
98,121536.6498599474
99,121536.1173295295
100,121535.5850051792
101,121535.0528837774
102,121534.5209620897
103,121533.9892383736
104,121533.4577093621
105,121532.926374166
106,121532.3952285353
107,121531.8642720515
108,121531.3335019708
109,121530.8029153958
110,121530.2725098089
111,121529.7422847888
112,121529.2122375156
113,121528.6823653321
114,121528.1526666659
115,121527.6231410547
116,121527.0937831709
117,121526.5645943688
118,121526.0355722974
119,121525.5067133334
120,121524.9780173462
121,121524.4494828454
122,121523.9211068833
123,121523.3928888592
124,121522.8648265229
125,121522.3369182551
126,121521.8091637917
127,121521.2815590905
128,121520.7541048899
129,121520.2267991775
130,121519.6996399795
131,121519.1726267685
132,121518.6457571127
133,121518.1190305312
134,121517.5924451403
135,121517.0659994419
136,121516.5396930243
137,121516.0135248847
138,121515.4874923848
139,121514.9615951522
140,121514.4358313581
141,121513.9102010872
142,121513.3847021866
143,121512.8593340345
144,121512.3340952354
145,121511.8089852846
146,121511.2840020233
147,121510.7591455829
148,121510.2344145085
149,121509.7098077762
150,121509.1853250523
151,121508.660964212
152,121508.1367250114
153,121507.6126060945
154,121507.088607613
155,121506.5647270845
156,121506.040965509
157,121505.5173208049
158,121504.9937929869
159,121504.4703799583
160,121503.9470820599
161,121503.4238983953
162,121502.900828014
163,121502.3778693354
164,121501.8550229708
165,121501.3322872894
166,121500.8096623453
167,121500.2871478022
168,121499.7647412207
169,121499.2424436583
170,121498.720252302
171,121498.1981690764
172,121497.6761929041
173,121497.1543216253
174,121496.6325554655
175,121496.1108949578
176,121495.5893374719
177,121495.0678839171
178,121494.5465335331
179,121494.0252851389
180,121493.504138186
181,121492.9830936733
182,121492.4621494441
183,121491.9413050491
184,121491.4205614785
185,121490.8999166349
186,121490.3793705421
187,121489.858922954
188,121489.3385735388
189,121488.8183213693
190,121488.2981667115
191,121487.7781087202
192,121487.2581462271
193,121486.7382799561
194,121486.2185097719
195,121485.6988338971
196,121485.1792520027
197,121484.659765126
198,121484.1403724077
199,121483.6210730236
200,121483.1018664427
201,121482.5827536181
202,121482.0637325448
203,121481.5448035017
204,121481.0259652439
205,121480.5072197126
206,121479.9885653753
207,121479.4700008155
208,121478.9515281885
209,121478.4331446819
210,121477.9148514902
211,121477.3966476716
212,121476.8785338917
213,121476.3605089841
214,121475.8425727435
215,121475.3247240461
216,121474.8069647777
217,121474.289292969
218,121473.7717088286
219,121473.2542125045
220,121472.7368032263
221,121472.2194815115
222,121471.7022459553
223,121471.1850963818
224,121470.6680338592
225,121470.1510579709
226,121469.6341668502
227,121469.1173621971
228,121468.6006423289
229,121468.0840083159
230,121467.5674587845
231,121467.0509953924
232,121466.5346147589
233,121466.0183193259
234,121465.5021082188
235,121464.9859816956
236,121464.4699379825
237,121463.9539791247
238,121463.4381036258
239,121462.9223112263
240,121462.4066019569
241,121461.890976375
242,121461.3754336412
243,121460.859972905
244,121460.3445946319
245,121459.8292994495
246,121459.3140865765
247,121458.7989556377
248,121458.2839067021
249,121457.7689389749
250,121457.2540537227
251,121456.7392499231
252,121456.2245274677
253,121455.7098866982
254,121455.1953266138
255,121454.6808479698
256,121454.1664497386
257,121453.6521327452
258,121453.1378964618
259,121452.6237407008
260,121452.1096647988
261,121451.5956699359
262,121451.081755082
263,121450.5679208674
264,121450.0541658176
265,121449.5404912569
266,121449.026896352
267,121448.5133809654
268,121447.9999455153
269,121447.4865893552
270,121446.9733129675
271,121446.460115681
272,121445.9469975965
273,121445.4339587274
274,121444.9209977779
275,121444.4081173829
276,121443.8953151832
277,121443.3825915087
278,121442.8699467696
279,121442.3573812436
280,121441.8448933212
281,121441.3324847031
282,121440.8201543258
283,121440.3079017702
284,121439.7957275345
285,121439.2836314586
286,121438.7716140475
287,121438.2596739944
288,121437.7478121726
289,121437.2360276755
290,121436.7243218101
291,121436.2126930767
292,121435.7011425158
293,121435.1896690126
294,121434.6782736503
295,121434.1669551089
296,121433.6557143871
297,121433.1445511808
298,121432.6334653718
299,121432.1224559237
300,121431.611524443
301,121431.1006700356
302,121430.5898925466
303,121430.0791917794
304,121429.5685678777
305,121429.0580220387
306,121428.5475519994
307,121428.0371588166
308,121427.5268418987
309,121427.0166035624
310,121426.5064402439
311,121425.9963544784
312,121425.4863448343
313,121424.9764115455
314,121424.4665543696
315,121423.9567740664
316,121423.447070405
317,121422.9374423193
318,121422.4278912661
319,121421.9184166096
320,121421.4090174971
321,121420.8996950874
322,121420.3904486332
323,121419.8812775687
324,121419.3721838653
325,121418.8631648693
326,121418.3542220673
327,121417.8453561108
328,121417.336565142
329,121416.8278504293
330,121416.3192114432
331,121415.8106477548
332,121415.3021604811
333,121414.7937485424
334,121414.2854126484
335,121413.7771523821
336,121413.2689673195
337,121412.7608573115
338,121412.2528238327
339,121411.7448656977
340,121411.2369835079
341,121410.7291760585
342,121410.2214439418
343,121409.7137871177
344,121409.2062060975
345,121408.6987003189
346,121408.1912700178
347,121407.6839144147
348,121407.176634084
349,121406.6694292817
350,121406.1622997335
351,121405.6552450667
352,121405.148265858
353,121404.6413614789
354,121404.1345326269
355,121403.6277780797
356,121403.1210986782
357,121402.6144944803
358,121402.1079656266
359,121401.6015109175
360,121401.0951317566
361,121400.5888275052
362,121400.0825968731
363,121399.5764422465
364,121399.0703629004
365,121398.5643574628
366,121398.0584268583
367,121397.5525717851
368,121397.0467911594
369,121396.5410842533
370,121396.0354526451
371,121395.5298963519
372,121395.0244139597
373,121394.5190062826
374,121394.0136733361
375,121393.5084144252
376,121393.0032312381
377,121392.4981213915
378,121391.9930864785
379,121391.4881262667
380,121390.9832406809
381,121390.4784290168
382,121389.9736922249
383,121389.4690292292
384,121388.9644412634
385,121388.4599276068
386,121387.9554887161
387,121387.45112302
388,121386.9468319234
389,121386.442615545
390,121385.9384734703
391,121385.4344056262
392,121384.9304121029
393,121384.4264924662
394,121383.9226471111
395,121383.4188757665
396,121382.91517919
397,121382.4115559905
398,121381.908007
399,121381.4045331943
400,121380.9011326451
401,121380.3978063844
402,121379.8945540755
403,121379.3913755066
404,121378.8882722616
405,121378.3852413388
406,121377.8822856193
407,121377.3794034692
408,121376.8765952256
409,121376.3738604822
410,121375.8712009497
411,121375.3686145807
412,121374.8661016922
413,121374.363663576
414,121373.861298475
415,121373.3590080654
416,121372.8567909397
417,121372.3546474927
418,121371.8525781345
419,121371.3505824593
420,121370.8486612757
421,121370.3468133289
422,121369.8450392138
423,121369.3433381209
424,121368.8417118093
425,121368.3401590389
426,121367.8386790046
427,121367.3372730739
428,121366.83594184
429,121366.3346825817
430,121365.8334986915
431,121365.3323873797
432,121364.8313496734
433,121364.3303860126
434,121363.8294951827
435,121363.328678829
436,121362.8279359599
437,121362.3272665683
438,121361.8266696613
439,121361.3261471748
440,121360.8256985285
441,121360.3253229609
442,121359.8250209221
443,121359.324792047
444,121358.8246368297
445,121358.3245548247
446,121357.8245471771
447,121357.3246113431
448,121356.8247494002
449,121356.324961916
450,121355.8252472504
451,121355.3256058619
452,121354.8260375268
453,121354.3265429897
454,121353.8271218355
455,121353.3277733318
456,121352.8284985113
457,121352.3292966438
458,121351.8301687685
459,121351.3311135172
460,121350.8321321198
461,121350.3332226886
462,121349.8343877141
463,121349.3356256053
464,121348.8369367492
465,121348.3383202469
466,121347.8397780283
467,121347.3413089486
468,121346.8429118115
469,121346.3445884414
470,121345.8463389648
471,121345.3481618059
472,121344.850057759
473,121344.3520273334
474,121343.8540692082
475,121343.3561853239
476,121342.8583731356
477,121342.3606344265
478,121341.8629694546
479,121341.3653762737
480,121340.8678570275
481,121340.3704101796
482,121339.8730366838
483,121339.3757362617
484,121338.8785086036
485,121338.3813534567
486,121337.8842717458
487,121337.3872627884
488,121336.8903268104
489,121336.3934632819
490,121335.8966729331
491,121335.399955079
492,121334.9033114996
493,121334.4067397603
494,121333.9102408222
495,121333.4138149092
496,121332.917461121
497,121332.4211812068
498,121331.9249735489
499,121331.4288379488
500,121330.9327761569
501,121330.4367865618
502,121329.9408703119
503,121329.4450262973
504,121328.9492549863
505,121328.453556302
506,121327.9579311166
507,121327.4623779732
508,121326.9668973029
509,121326.4714894911
510,121325.9761541251
511,121325.4808915627
512,121324.9857022397
513,121324.4905850372
514,121323.9955401365
515,121323.5005679
516,121323.005668492
517,121322.5108417138
518,121322.0160867545
519,121321.5214052255
520,121321.0267963907
521,121320.5322593567
522,121320.0377957262
523,121319.543403737
524,121319.0490847278
525,121318.5548375631
526,121318.06066366
527,121317.5665615075
528,121317.072532255
529,121316.578574587
530,121316.0846908076
531,121315.5908781771
532,121315.0971389941
533,121314.6034715298
534,121314.1098762534
535,121313.6163540919
536,121313.1229044511
537,121312.6295259221
538,121312.136220664
539,121311.642987523
540,121311.1498261252
541,121310.6567376241
542,121310.1637217635
543,121309.6707780496
544,121309.1779058
545,121308.6851062676
546,121308.1923793599
547,121307.6997245661
548,121307.2071415663
549,121306.714630929
550,121306.222192808
551,121305.7298265337
552,121305.2375328512
553,121304.7453106872
554,121304.2531610732
555,121303.7610839454
556,121303.2690787886
557,121302.7771451514
558,121302.2852843677
559,121301.7934947202
560,121301.3017786109
561,121300.8101337826
562,121300.3185605202
563,121299.8270599758
564,121299.3356315089
565,121298.8442748715
566,121298.3529908312
567,121297.861778506
568,121297.3706377876
569,121296.8795688997
570,121296.3885724169
571,121295.8976479484
572,121295.4067958912
573,121294.9160146395
574,121294.425306125
575,121293.9346695938
576,121293.4441045175
577,121292.9536115863
578,121292.4631913386
579,121291.972841982
580,121291.4825647814
581,121290.9923592601
582,121290.5022260027
583,121290.0121639213
584,121289.5221744911
585,121289.0322567709
586,121288.5424102207
587,121288.05263606
588,121287.5629334406
589,121287.0733027969
590,121286.5837440816
591,121286.0942560506
592,121285.6048417658
593,121285.1154974715
594,121284.6262257412
595,121284.1370254227
596,121283.6478964479
597,121283.1588395653
598,121282.6698548593
599,121282.1809417292
600,121281.6920993552
601,121281.2033295893
602,121280.7146314285
603,121280.2260042771
604,121279.7374488033
605,121279.2489651728
606,121278.7605533688
607,121278.2722132718
608,121277.7839442529
609,121277.2957466269
610,121276.8076217079
611,121276.3195669652
612,121275.8315842245
613,121275.343673896
614,121274.8558340435
615,121274.3680652606
616,121273.8803691551
617,121273.3927439612
618,121272.905190651
619,121272.4177086311
620,121271.9302978436
621,121271.4429588604
622,121270.9556911139
623,121270.4684943111
624,121269.9813694644
625,121269.4943161198
626,121269.007333956
627,121268.5204235541
628,121268.0335833765
629,121267.54681593
630,121267.0601190029
631,121266.5734939551
632,121266.0869394879
633,121265.6004572573
634,121265.114045804
635,121264.6277057286
636,121264.1414374549
637,121263.6552394783
638,121263.1691131957
639,121262.6830585249
640,121262.1970745595
641,121261.7111623293
642,121261.2253207023
643,121260.7395511216
644,121260.253851803
645,121259.7682239756
646,121259.2826678171
647,121258.7971829838
648,121258.3117682959
649,121257.8264256405
650,121257.3411544369
651,121256.8559527115
652,121256.3708228286
653,121255.8857641391
654,121255.4007779556
655,121254.9158610794
656,121254.4310164246
657,121253.9462424507
658,121253.4615390367
659,121252.9769066999
660,121252.4923461066
661,121252.0078557945
662,121251.5234369691
663,121251.0390890185
664,121250.5548115566
665,121250.0706060348
666,121249.5864709422
667,121249.1024073542
668,121248.6184139952
669,121248.1344925125
670,121247.6506406056
671,121247.1668607479
672,121246.683151513
673,121246.1995127501
674,121245.7159457105
675,121245.2324493746
676,121244.7490226634
677,121244.2656678877
678,121243.7823829138
679,121243.2991704068
680,121242.8160275593
681,121242.3329559143
682,121241.8499557215
683,121241.3670258148
684,121240.8841664804
685,121240.401377924
686,121239.918660238
687,121239.4360133134
688,121238.95343718
689,121238.4709318077
690,121237.9884975702
691,121237.5061332176
692,121237.0238400205
693,121236.5416176301
694,121236.0594655274
695,121235.5773840264
696,121235.0953731597
697,121234.6134333454
698,121234.1315642016
699,121233.6497654057
700,121233.1680376256
701,121232.6863796847
702,121232.2047934699
703,121231.7232774256
704,121231.2418310214
705,121230.76045625
706,121230.2791519399
707,121229.7979180508
708,121229.3167544574
709,121228.8356613062
710,121228.3546396468
711,121227.873687455
712,121227.3928061927
713,121226.9119951753
714,121226.4312548878
715,121225.9505847492
716,121225.4699851788
717,121224.9894561557
718,121224.5089972536
719,121224.0286096097
720,121223.5482914122
721,121223.0680440259
722,121222.5878670685
723,121222.1077606904
724,121221.6277249535
725,121221.1477585986
726,121220.6678625801
727,121220.1880378177
728,121219.7082825263
729,121219.2285981562
730,121218.7489839721
731,121218.2694405735
732,121217.789966338
733,121217.3105635182
734,121216.8312301595
735,121216.351967569
736,121215.8727748309
737,121215.3936528506
738,121214.914600384
739,121214.4356186667
740,121213.9567070142
741,121213.4778655077
742,121212.9990937384
743,121212.5203933109
744,121212.0417617468
745,121211.5632018406
746,121211.0847107649
747,121210.6062901165
748,121210.1279400618
749,121209.6496593949
750,121209.171448655
751,121208.6933086982
752,121208.2152391336
753,121207.7372393355
754,121207.2593091491
755,121206.7814494198
756,121206.3036598826
757,121205.8259401038
758,121205.3482900877
759,121204.8707109294
760,121204.3932010286
761,121203.9157615294
762,121203.4383919701
763,121202.9610921091
764,121202.4838625293
765,121202.0067023092
766,121201.5296122913
767,121201.0525927858
768,121200.5756426908
769,121200.0987623849
770,121199.6219519487
771,121199.1452122622
772,121198.6685413369
773,121198.1919409669
774,121197.7154105691
775,121197.2389494805
776,121196.7625584141
777,121196.2862369215
778,121195.8099863218
779,121195.3338041181
780,121194.8576924808
781,121194.3816504196
782,121193.9056783866
783,121193.4297756847
784,121192.9539434203
785,121192.4781803222
786,121192.0024871547
787,121191.5268633059
788,121191.0513095256
789,121190.5758247603
790,121190.1004113389
791,121189.6250662543
792,121189.1497914932
793,121188.6745859042
794,121188.1994501879
795,121187.7243842187
796,121187.2493881881
797,121186.7744616496
798,121186.2996039823
799,121185.8248166099
800,121185.350099146
801,121184.8754497391
802,121184.4008708645
803,121183.9263618407
804,121183.451922061
805,121182.9775514074
806,121182.5032513813
807,121182.0290202586
808,121181.5548582757
809,121181.0807664094
810,121180.6067439833
811,121180.1327905132
812,121179.6589071675
813,121179.1850926136
814,121178.7113480715
815,121178.237672609
816,121177.7640672145
817,121177.2905305056
818,121176.8170631745
819,121176.3436661642
820,121175.8703374635
821,121175.3970787975
822,121174.923888969
823,121174.4507687988
824,121173.9777178793
825,121173.5047368092
826,121173.0318247017
827,121172.5589817715
828,121172.0862076174
829,121171.6135039159
830,121171.1408690527
831,121170.6683029599
832,121170.1958070211
833,121169.7233793675
834,121169.2510219082
835,121168.7787329672
836,121168.3065136474
837,121167.8343637769
838,121167.3622824384
839,121166.890270356
840,121166.418327564
841,121165.9464548237
842,121165.4746508423
843,121165.0029155142
844,121164.5312493486
845,121164.0596524627
846,121163.5881246963
847,121163.1166661055
848,121162.6452767788
849,121162.1739564778
850,121161.7027049197
851,121161.231522765
852,121160.7604096728
853,121160.289365027
854,121159.8183902395
855,121159.3474842095
856,121158.8766468629
857,121158.405878452
858,121157.9351795829
859,121157.4645497631
860,121156.9939891225
861,121156.5234969384
862,121156.0530743917
863,121155.5827194955
864,121155.1124341602
865,121154.6422184501
866,121154.1720706117
867,121153.7019925359
868,121153.2319825115
869,121152.7620423264
870,121152.2921699525
871,121151.8223679217
872,121151.3526332393
873,121150.882968592
874,121150.4133723211
875,121149.9438445123
876,121149.4743860748
877,121149.0049960242
878,121148.5356750939
879,121148.0664230154
880,121147.597239062
881,121147.1281248102
882,121146.6590784896
883,121146.1901012543
884,121145.7211931697
885,121145.2523528626
886,121144.7835825088
887,121144.3148799856
888,121143.8462461587
889,121143.377681581
890,121142.9091848252
891,121142.4407574501
892,121141.9723990023
893,121141.5041083676
894,121141.0358864429
895,121140.5677340352
896,121140.099649366
897,121139.6316333959
898,121139.1636865733
899,121138.6958077369
900,121138.2279982831
901,121137.7602566125
902,121137.2925840318
903,121136.8249794239
904,121136.3574438741
905,121135.8899767248
906,121135.4225777653
907,121134.9552478016
908,121134.487985984
909,121134.0207926105
910,121133.5536683301
911,121133.0866116403
912,121132.6196233739
913,121132.1527048348
914,121131.6858535749
915,121131.219071365
916,121130.7523567491
917,121130.2857116293
918,121129.8191344887
919,121129.3526252454
920,121128.8861849984
921,121128.4198127553
922,121127.9535094005
923,121127.4872731245
924,121127.0211065728
925,121126.5550081191
926,121126.0889775201
927,121125.6230148468
928,121125.1571210406
929,121124.6912959046
930,121124.2255384401
931,121123.759849764
932,121123.2942291616
933,121122.8286756857
934,121122.3631922359
935,121121.897775578
936,121121.4324281755
937,121120.9671495387
938,121120.5019378604
939,121120.0367942447
940,121119.571719274
941,121119.1067124277
942,121118.6417738414
943,121118.1769031641
944,121117.712100876
945,121117.2473669117
946,121116.7827000527
947,121116.3181022361
948,121115.8535725713
949,121115.3891105694
950,121114.9247162059
951,121114.4603914337
952,121113.9961333218
953,121113.5319444589
954,121113.0678226824
955,121112.6037694292
956,121112.1397836322
957,121111.6758659446
958,121111.2120169351
959,121110.7482347536
960,121110.2845215595
961,121109.8208764141
962,121109.3572978871
963,121108.8937886973
964,121108.4303475878
965,121107.9669731696
966,121107.5036675077
967,121107.0404289711
968,121106.5772599754
969,121106.1141578365
970,121105.6511224911
971,121105.1881564906
972,121104.7252582328
973,121104.2624265993
974,121103.7996640699
975,121103.336969599
976,121102.8743422496
977,121102.4117826133
978,121101.9492913938
979,121101.4868673798
980,121101.0245111667
981,121100.5622232861
982,121100.1000029519
983,121099.637849976
984,121099.1757647974
985,121098.7137472675
986,121098.2517978627
987,121097.7899164125
988,121097.3281020475
989,121096.8663557794
990,121096.4046772735
991,121095.9430655064
992,121095.4815225106
993,121095.020046835
994,121094.5586387958
995,121094.0972981168
996,121093.6360252902
997,121093.1748198244
998,121092.7136824771
999,121092.2526122687
1000,121091.7916094154
1001,121091.3306744648
1002,121090.8698078102
1003,121090.4090073978
1004,121089.9482745953
1005,121089.4876111426
1006,121089.0270132275
1007,121088.5664837491
1008,121088.1060213174
1009,121087.6456266568
1010,121087.1852996368
1011,121086.7250398279
1012,121086.2648475402
1013,121085.804723064
1014,121085.344665638
1015,121084.8846752178
1016,121084.424752959
1017,121083.9648976282
1018,121083.5051100791
1019,121083.0453892813
1020,121082.585737016
1021,121082.1261511221
1022,121081.6666333681
1023,121081.2071822891
1024,121080.7477990604
1025,121080.2884821934
1026,121079.8292336431
1027,121079.3700522981
1028,121078.9109381754
1029,121078.4518910163
1030,121077.9929115382
1031,121077.5339991451
1032,121077.0751543209
1033,121076.6163756545
1034,121076.1576652248
1035,121075.6990223933
1036,121075.24044575
1037,121074.7819376826
1038,121074.3234952902
1039,121073.8651212219
1040,121073.4068133728
1041,121072.9485730693
1042,121072.4904007499
1043,121072.0322943326
1044,121071.5742557789
1045,121071.1162846457
1046,121070.6583798958
1047,121070.2005427937
1048,121069.7427725081
1049,121069.2850695597
1050,121068.8274335553
1051,121068.3698643704
1052,121067.912363035
1053,121067.4549282897
1054,121066.9975604112
1055,121066.5402595423
1056,121066.0830258379
1057,121065.6258595048
1058,121065.168759765
1059,121064.71172702
1060,121064.2547617444
1061,121063.797862483
1062,121063.3410305519
1063,121062.8842666421
1064,121062.4275692423
1065,121061.9709380225
1066,121061.5143739711
1067,121061.0578765254
1068,121060.6014465271
1069,121060.1450829652
1070,121059.6887871022
1071,121059.2325579886
1072,121058.7763953036
1073,121058.3203001424
1074,121057.8642710991
1075,121057.4083093279
1076,121056.9524140553
1077,121056.4965854429
1078,121056.04082357
1079,121055.5851291629
1080,121055.1295016046
1081,121054.6739397634
1082,121054.2184456009
1083,121053.7630182572
1084,121053.3076572847
1085,121052.852363261
1086,121052.3971358005
1087,121051.9419755979
1088,121051.4868812843
1089,121051.0318548264
1090,121050.5768937113
1091,121050.1220001931
1092,121049.6671729936
1093,121049.2124120858
1094,121048.7577185384
1095,121048.3030912851
1096,121047.8485309341
1097,121047.3940371432
1098,121046.9396094082
1099,121046.4852489674
1100,121046.0309545804
1101,121045.5767275908
1102,121045.1225664488
1103,121044.6684722503
1104,121044.214444084
1105,121043.7604829759
1106,121043.3065885449
1107,121042.8527605161
1108,121042.3989989097
1109,121041.9453040282
1110,121041.4916745746
1111,121041.0381125213
1112,121040.5846171529
1113,121040.1311882318
1114,121039.6778255327
1115,121039.224528762
1116,121038.7712986888
1117,121038.318135325
1118,121037.8650383754
1119,121037.4120080268
1120,121036.95904395
1121,121036.5061462839
1122,121036.0533151842
1123,121035.6005498926
1124,121035.1478515399
1125,121034.6952195593
1126,121034.242652743
1127,121033.7901536282
1128,121033.3377201191
1129,121032.8853525327
1130,121032.4330527883
1131,121031.9808177087
1132,121031.528650213
1133,121031.0765486474
1134,121030.6245129676
1135,121030.1725434162
1136,121029.7206411851
1137,121029.268804369
1138,121028.817033162
1139,121028.3653285902
1140,121027.9136906428
1141,121027.4621188442
1142,121027.0106135523
1143,121026.5591735572
1144,121026.1077999925
1145,121025.6564930747
1146,121025.205251771
1147,121024.7540773154
1148,121024.3029682436
1149,121023.8519258317
1150,121023.4009486827
1151,121022.9500384025
1152,121022.499193993
1153,121022.0484163367
1154,121021.5977032604
1155,121021.1470577262
1156,121020.6964778653
1157,121020.2459635192
1158,121019.7955158757
1159,121019.3451335275
1160,121018.8948175821
1161,121018.4445674464
1162,121017.9943839625
1163,121017.5442657194
1164,121017.0942142446
1165,121016.6442274208
1166,121016.1943075677
1167,121015.7444529793
1168,121015.2946651908
1169,121014.8449425229
1170,121014.3952863359
1171,121013.9456961602
1172,121013.4961717651
1173,121013.0467126103
1174,121012.5973202293
1175,121012.1479932168
1176,121011.6987321774
1177,121011.2495376141
1178,121010.8004076617
1179,121010.3513438072
1180,121009.9023464925
1181,121009.4534151205
1182,121009.0045485892
1183,121008.5557482999
1184,121008.1070141527
1185,121007.6583448598
1186,121007.2097420145
1187,121006.7612046758
1188,121006.312733619
1189,121005.8643276895
1190,121005.4159879135
1191,121004.9677138738
1192,121004.5195047942
1193,121004.071362275
1194,121003.6232851153
1195,121003.1752733979
1196,121002.7273277687
1197,121002.2794468799
1198,121001.8316322588
1199,121001.3838841146
1200,121000.9362003071
1201,121000.4885822198
1202,121000.0410310473
1203,120999.5935443109
1204,120999.1461239868
1205,120998.6987684254
1206,120998.2514786297
1207,120997.8042547537
1208,120997.3570956529
1209,120996.9100028028
1210,120996.4629754664
1211,120996.0160130856
1212,120995.5691169494
1213,120995.1222859339
1214,120994.6755201553
1215,120994.2288202288
1216,120993.7821860626
1217,120993.3356164224
1218,120992.8891135603
1219,120992.4426752799
1220,120991.9963025265
1221,120991.5499949027
1222,120991.1037538826
1223,120990.6575766052
1224,120990.211465496
1225,120989.7654197504
1226,120989.3194395478
1227,120988.8735250654
1228,120988.4276754818
1229,120987.9818910096
1230,120987.5361724619
1231,120987.0905186556
1232,120986.6449305692
1233,120986.1994077964
1234,120985.7539503603
1235,120985.3085583582
1236,120984.8632309812
1237,120984.4179697458
1238,120983.9727728118
1239,120983.5276408655
1240,120983.0825754891
1241,120982.6375749089
1242,120982.1926389697
1243,120981.7477689538
1244,120981.302963703
1245,120980.8582237971
1246,120980.4135494058
1247,120979.9689397951
1248,120979.5243954237
1249,120979.0799161811
1250,120978.6355024616
1251,120978.1911535811
1252,120977.7468696229
1253,120977.3026506443
1254,120976.8584974885
1255,120976.4144091414
1256,120975.9703855635
1257,120975.5264274894
1258,120975.0825334961
1259,120974.6387056671
1260,120974.1949429773
1261,120973.7512449391
1262,120973.3076117727
1263,120972.8640441937
1264,120972.4205404792
1265,120971.9771028407
1266,120971.5337302057
1267,120971.0904222194
1268,120970.6471796344
1269,120970.2040014433
1270,120969.7608882431
1271,120969.3178396669
1272,120968.8748574168
1273,120968.4319390387
1274,120967.9890854492
1275,120967.5462974324
1276,120967.1035738087
1277,120966.6609151866
1278,120966.2183214533
1279,120965.7757926311
1280,120965.3333294521
1281,120964.8909291918
1282,120964.4485949496
1283,120964.0063260317
1284,120963.5641215714
1285,120963.1219823952
1286,120962.6799065875
1287,120962.2378964406
1288,120961.7959505459
1289,120961.354070289
1290,120960.9122545809
1291,120960.4705033548
1292,120960.0288171933
1293,120959.5871954488
1294,120959.1456387484
1295,120958.7041463579
1296,120958.2627185491
1297,120957.821356576
1298,120957.3800582968
1299,120956.9388246669
1300,120956.4976557417
1301,120956.0565521502
1302,120955.6155130174
1303,120955.1745380729
1304,120954.7336277633
1305,120954.2927824532
1306,120953.8520019028
1307,120953.4112858679
1308,120952.9706340813
1309,120952.5300465316
1310,120952.089524634
1311,120951.6490669921
1312,120951.2086733923
1313,120950.7683444861
1314,120950.3280801967
1315,120949.8878808023
1316,120949.4477457567
1317,120949.0076749911
1318,120948.567669134
1319,120948.1277270313
1320,120947.6878498999
1321,120947.2480368127
1322,120946.8082889238
1323,120946.3686053748
1324,120945.92898562
1325,120945.4894308561
1326,120945.0499404176
1327,120944.6105147843
1328,120944.1711526357
1329,120943.7318557061
1330,120943.2926230471
1331,120942.853454455
1332,120942.4143499929
1333,120941.9753107845
1334,120941.5363348895
1335,120941.0974241062
1336,120940.6585771108
1337,120940.2197948378
1338,120939.7810773987
1339,120939.3424230702
1340,120938.9038340606
1341,120938.465308586
1342,120938.0268481372
1343,120937.5884513182
1344,120937.1501186539
1345,120936.7118505696
1346,120936.2736466691
1347,120935.8355077036
1348,120935.3974316248
1349,120934.9594209277
1350,120934.5214734147
1351,120934.0835903528
1352,120933.6457718924
1353,120933.2080180417
1354,120932.7703273871
1355,120932.3327011697
1356,120931.8951392915
1357,120931.4576417712
1358,120931.0202074337
1359,120930.5828378203
1360,120930.1455324521
1361,120929.7082914061
1362,120929.271113981
1363,120928.834001571
1364,120928.3969513297
1365,120927.9599660838
1366,120927.5230451066
1367,120927.0861882793
1368,120926.6493955145
1369,120926.2126660637
1370,120925.776001753
1371,120925.3394002601
1372,120924.9028635431
1373,120924.4663904997
1374,120924.0299813495
1375,120923.593636598
1376,120923.1573551501
1377,120922.7211385004
1378,120922.2849854586
1379,120921.8488959586
1380,120921.4128708544
1381,120920.9769092736
1382,120920.5410116311
1383,120920.1051779781
1384,120919.6694085787
1385,120919.2337024659
1386,120918.7980605678
1387,120918.3624819948
1388,120917.9269683376
1389,120917.4915181284
1390,120917.0561310238
1391,120916.6208080467
1392,120916.1855494707
1393,120915.7503546048
1394,120915.3152227589
1395,120914.8801546515
1396,120914.4451518079
1397,120914.010210807
1398,120913.5753347198
1399,120913.1405226012
1400,120912.7057733791
1401,120912.2710887335
1402,120911.8364669863
1403,120911.4019088126
1404,120910.967414858
1405,120910.5329847048
1406,120910.0986176566
1407,120909.6643152089
1408,120909.2300761619
1409,120908.7959001959
1410,120908.3617877984
1411,120907.9277393438
1412,120907.4937548468
1413,120907.0598336265
1414,120906.6259758638
1415,120906.1921817428
1416,120905.7584518619
1417,120905.3247853675
1418,120904.8911814739
1419,120904.4576420446
1420,120904.0241658894
1421,120903.5907525743
1422,120903.157403667
1423,120902.7241184766
1424,120902.2908963209
1425,120901.8577377109
1426,120901.4246429929
1427,120900.9916113277
1428,120900.5586424288
1429,120900.125738458
1430,120899.692897207
1431,120899.2601195373
1432,120898.827404642
1433,120898.3947539242
1434,120897.9621665238
1435,120897.5296425004
1436,120897.0971815544
1437,120896.6647850881
1438,120896.2324498218
1439,120895.8001802407
1440,120895.3679732024
1441,120894.9358292637
1442,120894.5037486461
1443,120894.0717311639
1444,120893.6397773565
1445,120893.2078869776
1446,120892.7760596543
1447,120892.3442963783
1448,120891.9125953574
1449,120891.4809579885
1450,120891.0493836665
1451,120890.617872805
1452,120890.1864253442
1453,120889.7550415583
1454,120889.3237198144
1455,120888.8924618526
1456,120888.4612674326
1457,120888.030136458
1458,120887.59906806
1459,120887.1680629342
1460,120886.7371200587
1461,120886.3062421921
1462,120885.8754263746
1463,120885.4446736123
1464,120885.0139846263
1465,120884.5833581716
1466,120884.1527953182
1467,120883.7222956622
1468,120883.2918589755
1469,120882.8614849225
1470,120882.4311739391
1471,120882.0009265027
1472,120881.5707421618
1473,120881.1406206101
1474,120880.7105622892
1475,120880.2805669614
1476,120879.8506343017
1477,120879.4207648357
1478,120878.9909588673
1479,120878.561214967
1480,120878.1315348531
1481,120877.7019176669
1482,120877.2723631532
1483,120876.8428718189
1484,120876.4134432319
1485,120875.984078095
1486,120875.5547747063
1487,120875.1255348714
1488,120874.6963586505
1489,120874.2672450323
1490,120873.8381941147
1491,120873.4092057248
1492,120872.9802803244
1493,120872.5514178685
1494,120872.1226184117
1495,120871.6938823544
1496,120871.2652079713
1497,120870.8365978574
1498,120870.4080491335
1499,120869.9795641791
1500,120869.5511417082
