#Exponential aproximation (mean) vs Original set
#ExpMe(x), ExpMe(CDF) 
1e-08,5.877470192761081e-07
1.020960662306048e-08,6.000665824235085e-07
1.042360673976401e-08,6.126443715670504e-07
1.064209244064725e-08,6.254857992660234e-07
1.086515774652537e-08,6.385963917665549e-07
1.109289864895223e-08,6.519817906669445e-07
1.132541315152813e-08,6.656477562483332e-07
1.156280131207375e-08,6.796001693620823e-07
1.180516528568806e-08,6.938450340943092e-07
1.205260936870841e-08,7.083884804304219e-07
1.230524004359262e-08,7.232367666976103e-07
1.256316602474122e-08,7.383962827844925e-07
1.28264983052806e-08,7.538735520284945e-07
1.309535020482668e-08,7.696752348795854e-07
1.336983741824945e-08,7.858081312317466e-07
1.365007806546014e-08,8.022791835315957e-07
1.393619274224144e-08,8.190954796649663e-07
1.422830457214352e-08,8.362642562875777e-07
1.452653925946781e-08,8.537929014895695e-07
1.483102514336103e-08,8.716889583482157e-07
1.514189325304352e-08,8.899601281475711e-07
1.545927736419478e-08,9.086142733760738e-07
1.578331405652117e-08,9.276594215013034e-07
1.61141427725302e-08,9.471037680786054e-07
1.645190587753661e-08,9.669556807478941e-07
1.679674872092653e-08,9.872237022312547e-07
1.714881969870541e-08,1.007916554440769e-06
1.750827031735723e-08,1.02904314214225e-06
1.787525525904235e-08,1.050612556618979e-06
1.824993244816151e-08,1.072634079779533e-06
1.86324631193156e-08,1.095117188265604e-06
1.902301188668946e-08,1.118071557004718e-06
1.942174681489025e-08,1.141507063873171e-06
1.982883949127072e-08,1.165433794025894e-06
2.024446509976802e-08,1.189862043671219e-06
2.066880249629082e-08,1.214802325066877e-06
2.110203428568597e-08,1.240265370627824e-06
2.154434690031882e-08,1.266262137700203e-06
2.199593068030075e-08,1.292803813668364e-06
2.245697995539776e-08,1.319901819951674e-06
2.292769312865649e-08,1.347567817555628e-06
2.340827276178294e-08,1.375813712067853e-06
2.389892566231048e-08,1.404651658432066e-06
2.43998629725955e-08,1.43409406638817e-06
2.491130026067791e-08,1.464153605912344e-06
2.543345761304648e-08,1.494843212213048e-06
2.596655972934873e-08,1.526176092059295e-06
2.651083601908536e-08,1.558165728887673e-06
2.706652070033241e-08,1.590825888575509e-06
2.763385290053173e-08,1.624170625658117e-06
2.821307675939471e-08,1.658214289435023e-06
2.880444153396298e-08,1.692971529854148e-06
2.940820170587061e-08,1.728457303729058e-06
3.002461709085549e-08,1.764686881622346e-06
3.06539529505653e-08,1.801675854062879e-06
3.12964801067075e-08,1.839440138429183e-06
3.195247505759214e-08,1.877995985832825e-06
3.262222009711667e-08,1.917359987779754e-06
3.330600343624589e-08,1.957549083719812e-06
3.40041193270371e-08,1.998580567930119e-06
3.471686818926559e-08,2.040472097619705e-06
3.544455673970436e-08,2.083241699590843e-06
3.618749812411276e-08,2.126907779009812e-06
3.694601205199302e-08,2.171489126290282e-06
3.772042493417001e-08,2.217004926086119e-06
3.851107002325569e-08,2.263474765062945e-06
3.93182875570577e-08,2.310918640446857e-06
4.014242490499318e-08,2.359356968573145e-06
4.098383671757262e-08,2.408810593657051e-06
4.184288507901584e-08,2.459300797008623e-06
4.271993966306777e-08,2.510849305803475e-06
4.361537789208006e-08,2.563478302741728e-06
4.45295850994266e-08,2.617210435484907e-06
4.546295469532399e-08,2.672068826314877e-06
4.641588833612782e-08,2.728077082236879e-06
4.738879609717651e-08,2.785259305082555e-06
4.838209664925958e-08,2.843640101723999e-06
4.939621743878326e-08,2.903244595175991e-06
5.043159487171359e-08,2.964098434476981e-06
5.148867450137498e-08,3.026227806790516e-06
5.256791122018419e-08,3.089659447952364e-06
5.366976945540476e-08,3.154420654127854e-06
5.479472336900293e-08,3.220539293802283e-06
5.594325706169378e-08,3.288043819327235e-06
5.711586478126435e-08,3.356963279799174e-06
5.831305113526219e-08,3.427327332938823e-06
5.95353313081437e-08,3.499166258080777e-06
6.078323128297236e-08,3.572510969385156e-06
6.2057288067765e-08,3.647393028827217e-06
6.335804992658255e-08,3.723844660075137e-06
6.46860766154632e-08,3.801898762034739e-06
6.604193962330306e-08,3.881588923504431e-06
6.742622241778349e-08,3.962949436830954e-06
6.883952069645497e-08,4.046015313674545e-06
7.028244264308353e-08,4.130822299219794e-06
7.175560918936921e-08,4.217406887940811e-06
7.32596542821523e-08,4.305806339144347e-06
7.479522515621828e-08,4.396058693401095e-06
7.636298261282242e-08,4.48820278842188e-06
7.796360130405237e-08,4.582278275822027e-06
7.959777002314978e-08,4.678325638773906e-06
8.126619200091946e-08,4.776386208438232e-06
8.296958520834915e-08,4.876502182615816e-06
8.470868266557402e-08,4.978716643733172e-06
8.648423275731727e-08,5.083073576717112e-06
8.829699955494083e-08,5.189617888978759e-06
9.014776314524918e-08,5.298395428954272e-06
9.20373199661823e-08,5.409453005866816e-06
9.396648314954691e-08,5.522838410487729e-06
9.593608287093146e-08,5.638600435009522e-06
9.794696670695386e-08,5.756788894362153e-06
1e-07,5.877454647751357e-06
1.020960662306048e-07,6.000649620307996e-06
1.042360673976401e-07,6.126426825292519e-06
1.064209244064725e-07,6.254840387520666e-06
1.086515774652537e-07,6.385945566012019e-06
1.109289864895223e-07,6.519798778192865e-06
1.132541315152813e-07,6.65645762387701e-06
1.156280131207375e-07,6.79598091013478e-06
1.180516528568806e-07,6.938428676828146e-06
1.205260936870841e-07,7.083862222145854e-06
1.230524004359261e-07,7.232344129137758e-06
1.256316602474121e-07,7.38393829236017e-06
1.28264983052806e-07,7.538709946075528e-06
1.309535020482668e-07,7.696725691341832e-06
1.336983741824945e-07,7.858053525544584e-06
1.365007806546014e-07,8.022762871151556e-06
1.393619274224144e-07,8.190924605799843e-06
1.422830457214352e-07,8.362611092493921e-06
1.452653925946781e-07,8.537896211358031e-06
1.483102514336103e-07,8.7168553906114e-06
1.514189325304352e-07,8.899565639763907e-06
1.545927736419479e-07,9.086105582367665e-06
1.578331405652117e-07,9.276555489767802e-06
1.61141427725302e-07,9.470997315963459e-06
1.645190587753661e-07,9.669514732690843e-06
1.679674872092653e-07,9.872193165172405e-06
1.714881969870541e-07,1.007911982953136e-05
1.750827031735723e-07,1.029038376965108e-05
1.787525525904236e-07,1.050607589569985e-05
1.824993244816151e-07,1.072628902376582e-05
1.86324631193156e-07,1.095111791471481e-05
1.902301188668946e-07,1.11806593159347e-05
1.942174681489024e-07,1.141501200263573e-05
1.982883949127071e-07,1.165427682014997e-05
2.024446509976802e-07,1.189855672767415e-05
2.066880249629082e-07,1.214795684234549e-05
2.110203428568597e-07,1.240258448442777e-05
2.154434690031882e-07,1.266254922360766e-05
2.199593068030075e-07,1.292796292617915e-05
2.245697995539772e-07,1.319893980300524e-05
2.292769312865649e-07,1.347559645892282e-05
2.340827276178294e-07,1.375805194270274e-05
2.389892566231048e-07,1.404642779812004e-05
2.43998629725955e-07,1.434084811657854e-05
2.491130026067786e-07,1.464143959062358e-05
2.543345761304648e-07,1.494833156767683e-05
2.596655972934872e-07,1.526165610676866e-05
2.651083601908536e-07,1.558154803449341e-05
2.706652070033241e-07,1.590814500318505e-05
2.763385290053167e-07,1.62415875506472e-05
2.82130767593947e-07,1.658201916010515e-05
2.880444153396298e-07,1.692958632193431e-05
2.940820170587061e-07,1.728443859705386e-05
3.002461709085549e-07,1.764672868098671e-05
3.065395295056524e-07,1.801661246958464e-05
3.12964801067075e-07,1.83942491261968e-05
3.195247505759214e-07,1.877980115017053e-05
3.262222009711673e-07,1.917343444657327e-05
3.330600343624589e-07,1.9575318397691e-05
3.400411932703703e-07,1.998562593596986e-05
3.471686818926559e-07,2.040453361829009e-05
3.544455673970435e-07,2.083222170201626e-05
3.618749812411284e-07,2.126887422260193e-05
3.694601205199302e-07,2.171467907241542e-05
3.772042493416994e-07,2.216982808223023e-05
3.851107002325569e-07,2.26345171029374e-05
3.93182875570577e-07,2.310894609047764e-05
4.014242490499326e-07,2.359331919166152e-05
4.098383671757261e-07,2.408784483176607e-05
4.184288507901585e-07,2.459273580446286e-05
4.271993966306776e-07,2.51082093634114e-05
4.361537789208006e-07,2.563448731540685e-05
4.45295850994266e-07,2.617179611608123e-05
4.5462954695324e-07,2.672036696726998e-05
4.641588833612782e-07,2.728043591626594e-05
4.738879609717651e-07,2.78522439578488e-05
4.838209664925957e-07,2.84360371373138e-05
4.939621743878326e-07,2.903206665694213e-05
5.043159487171359e-07,2.964058898347055e-05
5.148867450137498e-07,3.02618659590026e-05
5.25679112201842e-07,3.089616491314118e-05
5.366976945540476e-07,3.15437587783407e-05
5.479472336900293e-07,3.220492620725768e-05
5.594325706169378e-07,3.287995169243274e-05
5.711586478126435e-07,3.356912568863724e-05
5.831305113526218e-07,3.427274473832842e-05
5.95353313081437e-07,3.499111159843693e-05
6.078323128297237e-07,3.57245353713731e-05
6.205728806776501e-07,3.647333163736555e-05
6.335804992658255e-07,3.723782259057451e-05
6.468607661546321e-07,3.801833717753667e-05
6.604193962330305e-07,3.881521123860754e-05
6.742622241778349e-07,3.962878765273459e-05
6.883952069645496e-07,4.045941648433971e-05
7.028244264308353e-07,4.130745513464262e-05
7.175560918936921e-07,4.217326849464964e-05
7.32596542821523e-07,4.305722910280529e-05
7.479522515621828e-07,4.395971730453141e-05
7.636298261282241e-07,4.488112141642908e-05
7.796360130405236e-07,4.582183789292316e-05
7.959777002314978e-07,4.678227149668146e-05
8.126619200091945e-07,4.776283547325288e-05
8.296958520834915e-07,4.876395172825898e-05
8.470868266557403e-07,4.978605100891542e-05
8.648423275731727e-07,5.08295730896613e-05
8.829699955494083e-07,5.189496696089702e-05
9.014776314524917e-07,5.298269102216313e-05
9.20373199661823e-07,5.409321327953798e-05
9.396648314954691e-07,5.522701154658805e-05
9.593608287093148e-07,5.638457364987026e-05
9.794696670695385e-07,5.756639763920823e-05
1e-06,5.877299200096608e-05
1.020960662306047e-06,6.000487587765058e-05
1.042360673976401e-06,6.126257929062184e-05
1.064209244064725e-06,6.254664336802218e-05
1.086515774652537e-06,6.385762057792288e-05
1.109289864895223e-06,6.51960749651348e-05
1.132541315152813e-06,6.656258239456925e-05
1.156280131207375e-06,6.795773079815159e-05
1.180516528568805e-06,6.938212042806313e-05
1.205260936870841e-06,7.083636411464589e-05
1.230524004359262e-06,7.232108753030264e-05
1.256316602474121e-06,7.383692945761577e-05
1.28264983052806e-06,7.538454206501566e-05
1.309535020482668e-06,7.696459118655685e-05
1.336983741824945e-06,7.857775660835564e-05
1.365007806546014e-06,8.022473236080074e-05
1.393619274224143e-06,8.190622701731431e-05
1.422830457214352e-06,8.362296399833102e-05
1.452653925946781e-06,8.53756818827156e-05
1.483102514336103e-06,8.716513472517562e-05
1.514189325304352e-06,8.899209238055761e-05
1.545927736419479e-06,9.085734083480457e-05
1.57833140565212e-06,9.276168254224171e-05
1.61141427725302e-06,9.470593677152195e-05
1.645190587753661e-06,9.669093995690048e-05
1.679674872092653e-06,9.871754605839111e-05
1.714881969870541e-06,0.000100786626928473
1.750827031735727e-06,0.0001028990726869017
1.787525525904235e-06,0.0001050557921032924
1.82499324481615e-06,0.0001072577129878072
1.86324631193156e-06,0.000109505782589947
1.902301188668946e-06,0.0001118009680055598
1.942174681489028e-06,0.0001141442565922857
1.982883949127071e-06,0.0001165366563942172
2.024446509976802e-06,0.0001189791965751086
2.066880249629082e-06,0.0001214729278602444
2.110203428568597e-06,0.0001240189229884114
2.154434690031886e-06,0.0001266182771725299
2.199593068030075e-06,0.0001292721085706106
2.245697995539772e-06,0.0001319815587655926
2.292769312865649e-06,0.0001347477932566177
2.340827276178294e-06,0.0001375720019594073
2.389892566231052e-06,0.0001404553997171876
2.43998629725955e-06,0.0001433992268233819
2.491130026067786e-06,0.0001464047495536303
2.543345761304648e-06,0.0001494732607103533
2.596655972934872e-06,0.0001526060801779749
2.651083601908542e-06,0.0001558045554896914
2.706652070033241e-06,0.0001590700624065633
2.763385290053167e-06,0.0001624040055083764
2.821307675939471e-06,0.0001658078187967149
2.880444153396298e-06,0.0001692829663112461
2.940820170587067e-06,0.0001728309427582175
3.002461709085549e-06,0.0001764532741524993
3.065395295056524e-06,0.0001801515184728375
3.129648010670751e-06,0.0001839272663308744
3.195247505759214e-06,0.0001877821416546022
3.262222009711673e-06,0.0001917178023846944
3.330600343624589e-06,0.0001957359411876025
3.400411932703702e-06,0.0001998382861811976
3.47168681892656e-06,0.0002040266016773984
3.544455673970436e-06,0.0002083026889393436
3.618749812411284e-06,0.000212668386954773
3.694601205199302e-06,0.0002171255732251742
3.772042493416993e-06,0.0002216761645719156
3.851107002325569e-06,0.0002263221179590325
3.93182875570577e-06,0.0002310654313328886
4.014242490499326e-06,0.000235908144480157
4.098383671757261e-06,0.0002408523399022311
4.184288507901576e-06,0.000245900143710065
4.271993966306777e-06,0.000251053726535444
4.361537789208005e-06,0.0002563153044631283
4.45295850994266e-06,0.0002616871399809817
4.5462954695324e-06,0.0002671715429513055
4.641588833612773e-06,0.0002727708716010468
4.738879609717651e-06,0.0002784875335340997
4.838209664925957e-06,0.0002843239867632574
4.939621743878326e-06,0.0002902827407651465
5.043159487171359e-06,0.0002963663575561437
5.148867450137487e-06,0.000302577452791053
5.25679112201842e-06,0.0003089186968848745
5.366976945540476e-06,0.0003153928161575559
5.479472336900293e-06,0.000322002594003501
5.594325706169378e-06,0.0003287508720842824
5.711586478126423e-06,0.0003356405515467786
5.831305113526219e-06,0.0003426745942671783
5.95353313081437e-06,0.0003498560241204096
6.078323128297237e-06,0.0003571879282756596
6.205728806776501e-06,0.0003646734585196487
6.335804992658241e-06,0.0003723158326075504
6.468607661546321e-06,0.0003801183356407778
6.604193962330305e-06,0.0003880843214754126
6.742622241778349e-06,0.0003962172141580567
6.883952069645496e-06,0.0004045205093932136
7.028244264308338e-06,0.0004129977760400916
7.175560918936921e-06,0.0004216526576411583
7.32596542821523e-06,0.0004304888739822266
7.479522515621829e-06,0.000439510222685402
7.636298261282242e-06,0.0004487205808346717
7.796360130405221e-06,0.00045812390663591
7.959777002314978e-06,0.0004677242411108562
8.126619200091945e-06,0.0004775257098266206
8.296958520834915e-06,0.0004875325246614937
8.470868266557402e-06,0.0004977489856067274
8.648423275731709e-06,0.0005081794826067298
8.829699955494083e-06,0.0005188284974362301
9.014776314524917e-06,0.0005297006056181885
9.20373199661823e-06,0.0005408004783798992
9.396648314954691e-06,0.0005521328846508355
9.593608287093147e-06,0.0005637026931016864
9.794696670695386e-06,0.000575514874225469
1e-05,0.0005875745024626067
1.020960662306048e-05,0.0005998867583691947
1.042360673976401e-05,0.0006124569308310068
1.064209244064725e-05,0.0006252904193231323
1.086515774652537e-05,0.0006383927362166864
1.109289864895223e-05,0.0006517695091334819
1.132541315152813e-05,0.0006654264833487744
1.156280131207375e-05,0.0006793695242452991
1.180516528568806e-05,0.0006936046198163792
1.205260936870841e-05,0.0007081378832231033
1.230524004359262e-05,0.0007229755554020167
1.256316602474121e-05,0.0007381240077291018
1.28264983052806e-05,0.0007535897447377149
1.309535020482668e-05,0.0007693794068929227
1.336983741824945e-05,0.0007854997734235702
1.365007806546014e-05,0.0008019577652133014
1.393619274224143e-05,0.0008187604477501997
1.422830457214352e-05,0.0008359150341389343
1.452653925946781e-05,0.0008534288881744123
1.483102514336103e-05,0.0008713095274786031
1.514189325304352e-05,0.0008895646267037538
1.545927736419479e-05,0.0009082020207998864
1.578331405652116e-05,0.0009272297083509073
1.61141427725302e-05,0.0009466558549799942
1.645190587753661e-05,0.0009664887968241498
1.679674872092653e-05,0.0009867370440811429
1.714881969870541e-05,0.001007409284629945
1.750827031735727e-05,0.00102851438772511
1.787525525904236e-05,0.001050061407768088
1.82499324481615e-05,0.001072059588155483
1.86324631193156e-05,0.001094518365207464
1.902301188668946e-05,0.00111744737217645
1.942174681489028e-05,0.001140856443338611
1.982883949127071e-05,0.001164755618169866
2.024446509976802e-05,0.001189155145607024
2.066880249629082e-05,0.00121406548839742
2.110203428568597e-05,0.001239497327537475
2.154434690031887e-05,0.001265461566802739
2.199593068030075e-05,0.001291969337370857
2.245697995539772e-05,0.001319032002539244
2.292769312865649e-05,0.00134666116254023
2.340827276178294e-05,0.001374868659454576
2.389892566231053e-05,0.001403666582225349
2.43998629725955e-05,0.001433067271775501
2.491130026067786e-05,0.001463083326229575
2.543345761304648e-05,0.001493727606242445
2.596655972934872e-05,0.001525013240437301
2.651083601908542e-05,0.001556953630955205
2.706652070033241e-05,0.001589562459117011
2.763385290053167e-05,0.001622853691202075
2.821307675939471e-05,0.001656841584344648
2.880444153396298e-05,0.001691540692550508
2.940820170587067e-05,0.001726965872836161
3.002461709085549e-05,0.001763132291493719
3.065395295056524e-05,0.001800055430483227
3.12964801067075e-05,0.001837751093954787
3.195247505759214e-05,0.001876235414903893
3.262222009711673e-05,0.001915524861962004
3.330600343624589e-05,0.001955636246324999
3.400411932703703e-05,0.001996586728822414
3.471686818926559e-05,0.002038393827130114
3.544455673970435e-05,0.002081075423129519
3.618749812411284e-05,0.002124649770415599
3.694601205199302e-05,0.00216913550195752
3.772042493416993e-05,0.002214551637913065
3.851107002325569e-05,0.002260917593603029
3.93182875570577e-05,0.002308253187645048
4.014242490499326e-05,0.002356578650252072
4.098383671757261e-05,0.002405914631699257
4.184288507901576e-05,0.002456282210960059
4.271993966306776e-05,0.002507702904517073
4.361537789208006e-05,0.002560198675350178
4.45295850994266e-05,0.002613791942105204
4.5462954695324e-05,0.002668505588446668
4.641588833612772e-05,0.002724362972598371
4.738879609717651e-05,0.002781387937075164
4.838209664925957e-05,0.002839604818610009
4.939621743878326e-05,0.002899038458278436
5.043159487171359e-05,0.00295971421182728
5.148867450137487e-05,0.003021657960207813
5.256791122018419e-05,0.003084896120320257
5.366976945540476e-05,0.003149455655971356
5.479472336900293e-05,0.003215364089050765
5.594325706169377e-05,0.003282649510929492
5.711586478126424e-05,0.003351340594083929
5.831305113526218e-05,0.003421466603951484
5.95353313081437e-05,0.003493057411019906
6.078323128297237e-05,0.00356614350315676
6.2057288067765e-05,0.003640755998181588
6.335804992658241e-05,0.003716926656686659
6.468607661546321e-05,0.00379468789511006
6.604193962330305e-05,0.003874072799066042
6.742622241778349e-05,0.003955115136937359
6.883952069645496e-05,0.004037849373733637
7.028244264308338e-05,0.004122310685222286
7.175560918936922e-05,0.004208534972334865
7.32596542821523e-05,0.004296558875854672
7.479522515621829e-05,0.004386419791391871
7.636298261282242e-05,0.004478155884648394
7.79636013040522e-05,0.004571806106980492
7.959777002314978e-05,0.004667410211263268
8.126619200091945e-05,0.004765008768061518
8.296958520834916e-05,0.004864643182113881
8.470868266557403e-05,0.004966355709134396
8.648423275731709e-05,0.005070189472938025
8.829699955494083e-05,0.005176188482894917
9.014776314524917e-05,0.005284397651719508
9.203731996618231e-05,0.005394862813600132
9.39664831495469e-05,0.00550763074267413
9.593608287093147e-05,0.005622749171856456
9.794696670695385e-05,0.005740266812024997
0.0001,0.005860233371569823
0.0001020960662306048,0.005982699576313588
0.0001042360673976401,0.006107717189806294
0.0001064209244064725,0.006235339034003751
0.0001086515774652537,0.006365619010333945
0.0001109289864895223,0.00649861212115721
0.0001132541315152813,0.006634374491628958
0.0001156280131207375,0.006772963391968867
0.0001180516528568806,0.006914437260143402
0.0001205260936870841,0.007058855724970114
0.0001230524004359262,0.007206279629647039
0.0001256316602474122,0.007356771055716305
0.000128264983052806,0.007510393347467836
0.0001309535020482668,0.007667211136789032
0.0001336983741824945,0.007827290368467854
0.0001365007806546014,0.007990698325956003
0.0001393619274224143,0.008157503657598375
0.0001422830457214352,0.008327776403336373
0.0001452653925946781,0.008501588021890494
0.0001483102514336103,0.008679011418430749
0.0001514189325304352,0.008860120972739693
0.0001545927736419478,0.009044992567876942
0.0001578331405652116,0.009233703619349942
0.000161141427725302,0.009426333104799012
0.0001645190587753661,0.009622961594203061
0.0001679674872092653,0.009823671280612678
0.0001714881969870541,0.01002854601141723
0.0001750827031735723,0.01023767132015263
0.0001787525525904235,0.01045113445885637
0.0001824993244816151,0.0106690244309765
0.000186324631193156,0.010891432024841
0.0001902301188668946,0.01111844984769383
0.0001942174681489025,0.01135017236030367
0.0001982883949127071,0.01158669591215278
0.0002024446509976802,0.01182811877721024
0.0002066880249629082,0.01207454119029805
0.0002110203428568597,0.0123260653840529
0.0002154434690031882,0.01258279562649245
0.0002199593068030075,0.01284483825918981
0.0002245697995539772,0.0131123017360617
0.0002292769312865649,0.01338529666277666
0.0002340827276178294,0.01366393583678782
0.0002389892566231048,0.01394833428799414
0.000243998629725955,0.01423860932003607
0.0002491130026067791,0.01453488055222996
0.0002543345761304648,0.01483726996214385
0.0002596655972934873,0.01514590192882059
0.0002651083601908536,0.0154609032766494
0.0002706652070033241,0.01578240331989189
0.0002763385290053172,0.0161105339078621
0.0002821307675939471,0.01644542947076666
0.0002880444153396298,0.01678722706620361
0.000294082017058706,0.01713606642632415
0.0003002461709085549,0.01749209000565766
0.000306539529505653,0.0178554430295994
0.000312964801067075,0.01822627354356421
0.0003195247505759214,0.0186047324628027
0.0003262222009711667,0.01899097362288049
0.0003330600343624589,0.01938515383082007
0.000340041193270371,0.01978743291690055
0.000347168681892656,0.0201979737871153
0.0003544455673970436,0.02061694247628199
0.0003618749812411277,0.02104450820180226
0.0003694601205199302,0.02148084341806467
0.0003772042493417001,0.0219261238714864
0.0003851107002325569,0.02238052865618589
0.000393182875570577,0.02284424027028009
0.0004014242490499318,0.02331744467279595
0.0004098383671757261,0.02380033134118886
0.0004184288507901585,0.02429309332945473
0.0004271993966306776,0.02479592732682712
0.0004361537789208006,0.02530903371704296
0.0004452958509942651,0.02583261663816583
0.0004546295469532399,0.02636688404294973
0.0004641588833612782,0.026912047759726
0.0004738879609717651,0.02746832355379758
0.0004838209664925957,0.02803593118931791
0.0004939621743878316,0.02861509449163568
0.0005043159487171359,0.02920604141008143
0.0005148867450137498,0.02980900408117082
0.0005256791122018419,0.03042421889220026
0.0005366976945540476,0.03105192654520506
0.0005479472336900282,0.03169237212124965
0.0005594325706169377,0.03234580514502028
0.0005711586478126435,0.03301247964968201
0.0005831305113526219,0.03369265424196799
0.000595353313081437,0.03438659216745876
0.0006078323128297224,0.03509456137601152
0.0006205728806776501,0.03581683458729767
0.0006335804992658254,0.0365536893563988
0.0006468607661546321,0.0373054081394153
0.0006604193962330305,0.03807227835903493
0.0006742622241778335,0.03885459247000567
0.0006883952069645496,0.03965264802445667
0.0007028244264308353,0.04046674773700554
0.0007175560918936921,0.04129719954958821
0.000732596542821523,0.04214431669594332
0.0007479522515621828,0.04300841776568032
0.0007636298261282241,0.04388982676785691
0.0007796360130405237,0.0447888731939865
0.0007959777002314978,0.04570589208039233
0.0008126619200091946,0.04664122406982418
0.0008296958520834915,0.04759521547224321
0.0008470868266557402,0.04856821832468183
0.0008648423275731727,0.04956059045007832
0.0008829699955494083,0.05057269551497989
0.0009014776314524918,0.05160490308600685
0.000920373199661823,0.05265758868496018
0.000939664831495469,0.05373113384245509
0.0009593608287093146,0.0548259261499543
0.0009794696670695387,0.05594235931006841
0.001,0.0570808331849888
0.001020960662306047,0.05824175384290775
0.001042360673976401,0.05942553360227898
0.001064209244064725,0.06063259107376207
0.001086515774652537,0.06186335119968689
0.001109289864895223,0.06311824529087373
0.001132541315152813,0.06439771106062797
0.001156280131207375,0.06570219265572963
0.001180516528568806,0.06703214068422847
0.001205260936870841,0.06838801223984103
0.001230524004359262,0.06977027092275168
0.001256316602474122,0.07117938685659653
0.00128264983052806,0.07261583670141325
0.001309535020482668,0.07408010366232431
0.001336983741824945,0.07557267749371321
0.001365007806546014,0.07709405449865026
0.001393619274224143,0.07864473752330403
0.001422830457214352,0.08022523594607933
0.001452653925946781,0.08183606566120094
0.001483102514336103,0.08347774905645933
0.001514189325304352,0.08515081498482469
0.001545927736419478,0.0868557987296199
0.001578331405652117,0.08859324196294149
0.00161141427725302,0.09036369269700018
0.001645190587753661,0.09216770522804363
0.001679674872092653,0.09400584007251711
0.001714881969870541,0.0958786638951008
0.001750827031735723,0.09778674942825694
0.001787525525904235,0.09973067538290581
0.00182499324481615,0.101711026349838
0.00186324631193156,0.1037283926914627
0.001902301188668946,0.1057833704234752
0.001942174681489024,0.1078765610860192
0.001982883949127072,0.1100085716039083
0.002024446509976802,0.1121800141354546
0.002066880249629082,0.114391505909449
0.002110203428568597,0.116643669049816
0.002154434690031882,0.1189371303874678
0.002199593068030075,0.121272521258857
0.002245697995539772,0.1236504772907258
0.002292769312865649,0.1260716381705378
0.002340827276178294,0.1285366474020615
0.002389892566231048,0.1310461520455725
0.00243998629725955,0.1336008024421271
0.002491130026067791,0.1362012519213475
0.002543345761304648,0.1388481564921566
0.002596655972934872,0.1415421745158885
0.002651083601908536,0.1442839663611849
0.002706652070033241,0.147074194040098
0.002763385290053173,0.1499135208247919
0.002821307675939471,0.1528026108442461
0.002880444153396298,0.1557421286603508
0.002940820170587061,0.1587327388227767
0.003002461709085549,0.1617751054020108
0.00306539529505653,0.1648698914999281
0.00312964801067075,0.1680177587372906
0.003195247505759214,0.1712193667175462
0.003262222009711667,0.1744753724663086
0.003330600343624588,0.1777864298459104
0.00340041193270371,0.1811531889444072
0.003471686818926559,0.1845762954384392
0.003544455673970436,0.1880563899293489
0.003618749812411277,0.1915941072519668
0.003694601205199302,0.1951900757555004
0.003772042493417001,0.1988449165559573
0.003851107002325569,0.2025592427595707
0.003931828755705771,0.2063336586567017
0.004014242490499318,0.2101687588857167
0.004098383671757262,0.2140651275663752
0.004184288507901585,0.2180233374022733
0.004271993966306777,0.2220439487519388
0.004361537789208006,0.2261275086681979
0.004452958509942651,0.2302745499054705
0.0045462954695324,0.2344855898947097
0.004641588833612782,0.2387611296857256
0.004738879609717651,0.243101652856704
0.004838209664925958,0.2475076243907796
0.004939621743878316,0.2519794895195717
0.005043159487171359,0.2565176725336843
0.005148867450137497,0.2611225755602055
0.005256791122018419,0.2657945773073513
0.005366976945540477,0.2705340317764575
0.005479472336900281,0.2753412669416131
0.005594325706169377,0.2802165833973367
0.005711586478126435,0.285160252974768
0.005831305113526219,0.2901725173269815
0.00595353313081437,0.2952535864841189
0.006078323128297224,0.3004036373791591
0.0062057288067765,0.3056228123452812
0.006335804992658254,0.3109112175858861
0.006468607661546321,0.3162689216185015
0.006604193962330305,0.3216959536939292
0.006742622241778335,0.3271923021921412
0.006883952069645496,0.3327579129966131
0.007028244264308352,0.3383926878489176
0.007175560918936921,0.3440964826856119
0.00732596542821523,0.3498691059596053
0.007479522515621813,0.3557103169483951
0.007636298261282242,0.3616198240517642
0.007796360130405237,0.3675972830817139
0.007959777002314978,0.3736422955476426
0.008126619200091946,0.3797544069399814
0.008296958520834915,0.3859331050157213
0.008470868266557402,0.3921778180895102
0.008648423275731726,0.3984879133342213
0.008829699955494083,0.4048626950951311
0.009014776314524917,0.4113014032221147
0.00920373199661823,0.4178032114244821
0.009396648314954691,0.4243672256533619
0.009593608287093146,0.4309924825167821
0.009794696670695385,0.4376779477328451
0.01,0.4444225146266824
0.01020960662306048,0.4512250026770953
0.01042360673976401,0.4580841561190796
0.01064209244064725,0.4649986426086675
0.01086515774652537,0.4719670519567675
0.01109289864895223,0.4789878949389549
0.01132541315152813,0.4860596021883667
0.01156280131207375,0.4931805231791202
0.01180516528568806,0.5003489253078748
0.01205260936870841,0.507562993081361
0.01230524004359262,0.5148208274179193
0.01256316602474121,0.5221204450712302
0.0128264983052806,0.5294597781846131
0.01309535020482668,0.5368366739843857
0.01336983741824945,0.5442488946208852
0.01365007806546014,0.5516941171658697
0.01393619274224144,0.5591699337750315
0.01422830457214352,0.5666738520244238
0.01452653925946781,0.5742032954295674
0.01483102514336103,0.5817556041559563
0.01514189325304352,0.5893280359296225
0.01545927736419479,0.596917767156248
0.01578331405652117,0.6045218942571752
0.0161141427725302,0.6121374352304134
0.01645190587753661,0.6197613314444622
0.01679674872092653,0.6273904496724564
0.01714881969870541,0.6350215843737077
0.01750827031735723,0.6426514602292983
0.01787525525904235,0.6502767349378326
0.0182499324481615,0.6578940022768723
0.0186324631193156,0.6654997954349375
0.01902301188668946,0.6730905906181939
0.01942174681489025,0.6806628109351802
0.01982883949127071,0.6882128305620271
0.02024446509976802,0.6957369791896634
0.02066880249629082,0.7032315467535
0.02110203428568597,0.7106927884449352
0.02154434690031882,0.7181169300028785
0.02199593068030075,0.7255001732822024
0.02245697995539772,0.7328387020946996
0.02292769312865649,0.7401286883167377
0.02340827276178294,0.7473662982562864
0.02389892566231048,0.7545476992704934
0.0243998629725955,0.7616690666233488
0.02491130026067786,0.7687265905713263
0.02543345761304648,0.7757164836631989
0.02596655972934872,0.7826349882384405
0.02651083601908536,0.7894783841068769
0.02706652070033241,0.7962429963904176
0.02763385290053173,0.8029252035058758
0.02821307675939471,0.8095214452660753
0.02880444153396298,0.8160282310746121
0.02940820170587061,0.8224421481878395
0.03002461709085549,0.8287598700159169
0.0306539529505653,0.8349781644330212
0.03129648010670751,0.8410939020652231
0.03195247505759213,0.8471040645229583
0.03262222009711666,0.8530057525435862
0.03330600343624589,0.8587961940082215
0.0340041193270371,0.8644727517958185
0.03471686818926559,0.8700329314365007
0.03544455673970436,0.875474388525267
0.03618749812411277,0.8807949358565718
0.03694601205199302,0.8859925502398737
0.03772042493417001,0.8910653789560385
0.03851107002325569,0.8960117458145835
0.0393182875570577,0.9008301567720801
0.04014242490499318,0.9055193050726695
0.04098383671757262,0.9100780758726008
0.04184288507901585,0.9145055503119313
0.04271993966306777,0.9188010089981342
0.04361537789208006,0.9229639348682609
0.04452958509942651,0.9269940153985579
0.04546295469532399,0.9308911441330509
0.04641588833612782,0.9346554215055234
0.04738879609717651,0.9382871549326106
0.04838209664925957,0.9417868581593157
0.04939621743878315,0.9451552498421696
0.05043159487171359,0.9483932513594794
0.05148867450137497,0.9515019838425769
0.05256791122018419,0.9544827644267361
0.05366976945540476,0.9573371017253707
0.05479472336900281,0.9600666905362664
0.05594325706169378,0.9626734057938975
0.05711586478126435,0.9651592957872496
0.05831305113526219,0.967526574668029
0.0595353313081437,0.9697776142795741
0.06078323128297224,0.9719149353421781
0.062057288067765,0.9739411980358285
0.06335804992658255,0.9758591920264744
0.0646860766154632,0.9776718259868357
0.06604193962330306,0.9793821166673629
0.06742622241778336,0.980993177577212
0.06883952069645496,0.9825082073389457
0.07028244264308353,0.9839304777840381
0.07175560918936921,0.9852633218591262
0.0732596542821523,0.9865101214152219
0.07479522515621813,0.9876742949537598
0.07636298261282241,0.9887592854043662
0.07796360130405237,0.989768548009532
0.07959777002314977,0.9907055383909743
0.08126619200091946,0.9915737008713271
0.08296958520834916,0.9923764571229164
0.08470868266557402,0.9931171952127616
0.08648423275731726,0.9937992591095974
0.08829699955494083,0.9944259387146653
0.09014776314524918,0.9950004604733208
0.09203731996618231,0.995525978619166
0.09396648314954691,0.9960055670965331
0.09593608287093147,0.9964422122007505
0.09794696670695385,0.9968388059688134
0.1,0.9971981403459326
0.1020960662306048,0.9975229021460338
0.1042360673976401,0.9978156688167304
0.1064209244064725,0.9980789050116881
0.1086515774652537,0.9983149599657436
0.1109289864895223,0.998526065660741
0.1132541315152813,0.9987143357628948
0.1156280131207375,0.9988817653056966
0.1180516528568806,0.9990302310860284
0.1205260936870841,0.999161492735323
0.1230524004359262,0.9992771944224017
0.1256316602474122,0.9993788671400764
0.128264983052806,0.9994679315237976
0.1309535020482668,0.99954570114759
0.1336983741824945,0.9996133862402767
0.1365007806546014,0.9996720977635725
0.1393619274224144,0.9997228517930031
0.1422830457214352,0.9997665741427999
0.1452653925946781,0.9998041051768536
0.1483102514336103,0.9998362047494895
0.1514189325304352,0.9998635572221578
0.1545927736419478,0.9998867765050644
0.1578331405652116,0.9999064110762343
0.161141427725302,0.9999229489343905
0.1645190587753661,0.9999368224462906
0.1679674872092653,0.9999484130536714
0.1714881969870541,0.9999580558096364
0.1750827031735723,0.9999660437190766
0.1787525525904236,0.9999726318624662
0.182499324481615,0.9999780412870256
0.186324631193156,0.999982462653734
0.1902301188668946,0.9999860596329178
0.1942174681489025,0.9999889720450996
0.1982883949127071,0.9999913187474073
0.2024446509976802,0.9999932002690729
0.2066880249629082,0.9999947012023911
0.2110203428568597,0.9999958923579194
0.2154434690031882,0.999996832694699
0.2199593068030075,0.9999975710378557
0.2245697995539772,0.999998147597124
0.2292769312865649,0.9999985953006384
0.2340827276178294,0.9999989409587979
0.2389892566231048,0.9999992062731481
0.243998629725955,0.9999994087050931
0.2491130026067786,0.99999956221888
0.2543345761304648,0.9999996779127274
0.2596655972934873,0.9999997645512495
0.2651083601908536,0.9999998290114819
0.2706652070033241,0.999999876653891
0.2763385290053172,0.9999999116287765
0.2821307675939471,0.9999999371274794
0.2880444153396298,0.9999999555868229
0.2940820170587061,0.999999968854248
0.3002461709085549,0.9999999783201892
0.306539529505653,0.9999999850233688
0.312964801067075,0.9999999897338966
0.3195247505759213,0.9999999930183286
0.3262222009711667,0.9999999952901899
0.3330600343624588,0.9999999968488866
0.340041193270371,0.9999999979094228
0.3471686818926559,0.9999999986249033
0.3544455673970436,0.9999999991034246
0.3618749812411277,0.9999999994206419
0.3694601205199303,0.9999999996290355
0.3772042493417002,0.9999999997646798
0.3851107002325569,0.9999999998521427
0.393182875570577,0.9999999999079983
0.4014242490499318,0.9999999999433199
0.4098383671757261,0.9999999999654334
0.4184288507901585,0.9999999999791369
0.4271993966306777,0.9999999999875403
0.4361537789208006,0.9999999999926389
0.4452958509942651,0.9999999999956989
0.4546295469532399,0.999999999997515
0.4641588833612782,0.9999999999985806
0.4738879609717651,0.9999999999991988
0.4838209664925957,0.9999999999995531
0.4939621743878316,0.9999999999997538
0.5043159487171359,0.999999999999866
0.5148867450137498,0.9999999999999281
0.5256791122018419,0.9999999999999618
0.5366976945540476,0.99999999999998
0.5479472336900282,0.9999999999999897
0.5594325706169377,0.9999999999999948
0.5711586478126435,0.9999999999999973
0.5831305113526218,0.9999999999999987
0.595353313081437,0.9999999999999993
0.6078323128297224,0.9999999999999997
0.62057288067765,0.9999999999999999
0.6335804992658254,0.9999999999999999
0.6468607661546321,1
0.6604193962330305,1
0.6742622241778335,1
0.6883952069645496,1
0.7028244264308353,1
0.7175560918936921,1
0.732596542821523,1
0.7479522515621814,1
0.7636298261282242,1
0.7796360130405237,1
0.7959777002314977,1
0.8126619200091946,1
0.8296958520834898,1
0.8470868266557402,1
0.8648423275731727,1
0.8829699955494082,1
0.9014776314524917,1
0.9203731996618231,1
0.9396648314954691,1
0.9593608287093147,1
0.9794696670695385,1
1,1
1.020960662306048,1
1.042360673976403,1
1.064209244064722,1
1.086515774652537,1
1.109289864895223,1
1.132541315152813,1
1.156280131207378,1
1.180516528568803,1
1.205260936870841,1
1.230524004359262,1
1.256316602474121,1
1.282649830528062,1
1.309535020482665,1
1.336983741824945,1
1.365007806546014,1
1.393619274224144,1
1.422830457214355,1
1.452653925946778,1
1.483102514336103,1
1.514189325304352,1
1.545927736419479,1
1.57833140565212,1
1.611414277253017,1
1.645190587753661,1
1.679674872092653,1
1.714881969870541,1
1.750827031735727,1
1.787525525904232,1
1.824993244816151,1
1.86324631193156,1
1.902301188668946,1
1.942174681489028,1
1.982883949127067,1
2.024446509976802,1
2.066880249629082,1
2.110203428568596,1
2.154434690031886,1
2.19959306803007,1
2.245697995539772,1
2.292769312865649,1
2.340827276178294,1
2.389892566231053,1
2.439986297259545,1
2.491130026067786,1
2.543345761304648,1
2.596655972934872,1
2.651083601908542,1
2.706652070033236,1
2.763385290053167,1
2.821307675939471,1
2.880444153396298,1
2.940820170587067,1
3.002461709085543,1
3.065395295056524,1
3.12964801067075,1
3.195247505759214,1
3.262222009711673,1
3.330600343624582,1
3.400411932703703,1
3.47168681892656,1
3.544455673970436,1
3.618749812411284,1
3.694601205199295,1
3.772042493416994,1
3.851107002325569,1
3.93182875570577,1
4.014242490499326,1
4.098383671757253,1
4.184288507901576,1
4.271993966306777,1
4.361537789208006,1
4.45295850994266,1
4.54629546953239,1
4.641588833612772,1
4.738879609717651,1
4.838209664925957,1
4.939621743878326,1
5.043159487171349,1
5.148867450137487,1
5.256791122018419,1
5.366976945540476,1
5.479472336900293,1
5.594325706169389,1
5.711586478126423,1
5.831305113526219,1
5.95353313081437,1
6.078323128297236,1
6.205728806776513,1
6.335804992658241,1
6.46860766154632,1
6.604193962330306,1
6.742622241778349,1
6.883952069645511,1
7.028244264308339,1
7.175560918936921,1
7.32596542821523,1
7.479522515621829,1
7.636298261282257,1
7.796360130405221,1
7.959777002314977,1
8.126619200091946,1
8.296958520834915,1
8.470868266557419,1
8.648423275731709,1
8.829699955494084,1
9.014776314524918,1
9.203731996618231,1
9.39664831495471,1
9.593608287093128,1
9.794696670695386,1
10,1
