#Exponential aproximation (linear regression) vs Original set
#ExpLr(x), ExpLr(CDF) 
1e-08,8.506869986213417e-09
1.020960662306048e-08,8.685179575529389e-09
1.042360673976401e-08,8.867226730657762e-09
1.064209244064725e-08,9.05308961129947e-09
1.086515774652537e-08,9.242848375556889e-09
1.109289864895223e-08,9.436584624822331e-09
1.132541315152813e-08,9.634381625822641e-09
1.156280131207375e-08,9.836324643686112e-09
1.180516528568806e-08,1.004250060887557e-08
1.205260936870841e-08,1.025299800616608e-08
1.230524004359262e-08,1.046790765180106e-08
1.256316602474122e-08,1.068732191633615e-08
1.28264983052806e-08,1.091133527975074e-08
1.309535020482668e-08,1.114004410940339e-08
1.336983741824945e-08,1.137354677105407e-08
1.365007806546014e-08,1.16119438509088e-08
1.393619274224144e-08,1.185533793357507e-08
1.422830457214352e-08,1.21038336020618e-08
1.452653925946781e-08,1.235753799289085e-08
1.483102514336103e-08,1.261656012996326e-08
1.514189325304352e-08,1.288101159069299e-08
1.545927736419478e-08,1.315100617294007e-08
1.578331405652117e-08,1.342666000603288e-08
1.61141427725302e-08,1.370809166179043e-08
1.645190587753661e-08,1.399542237656703e-08
1.679674872092653e-08,1.428877560716302e-08
1.714881969870541e-08,1.458827780798089e-08
1.750827031735723e-08,1.48940577648915e-08
1.787525525904235e-08,1.520624715034558e-08
1.824993244816151e-08,1.552498019030679e-08
1.86324631193156e-08,1.585039399731869e-08
1.902301188668946e-08,1.618262879254928e-08
1.942174681489025e-08,1.652182735067953e-08
1.982883949127072e-08,1.686813577705948e-08
2.024446509976802e-08,1.722170306361903e-08
2.066880249629082e-08,1.758268142193486e-08
2.110203428568597e-08,1.795122606118582e-08
2.154434690031882e-08,1.832749563224212e-08
2.199593068030075e-08,1.871165211664305e-08
2.245697995539776e-08,1.910386071557468e-08
2.292769312865649e-08,1.950429029395906e-08
2.340827276178294e-08,1.99131130473873e-08
2.389892566231048e-08,2.033050516825341e-08
2.43998629725955e-08,2.075664595757587e-08
2.491130026067791e-08,2.119171904624295e-08
2.543345761304648e-08,2.16359115068343e-08
2.596655972934873e-08,2.208941451975477e-08
2.651083601908536e-08,2.255242326221207e-08
2.706652070033241e-08,2.302513701923914e-08
2.763385290053173e-08,2.350775907267177e-08
2.821307675939471e-08,2.400049725626019e-08
2.880444153396298e-08,2.450356362260209e-08
2.940820170587061e-08,2.501717455416497e-08
3.002461709085549e-08,2.554155109635303e-08
3.06539529505653e-08,2.607691884648489e-08
3.12964801067075e-08,2.662350839788274e-08
3.195247505759214e-08,2.718155478476092e-08
3.262222009711667e-08,2.775129814835964e-08
3.330600343624589e-08,2.833298373694504e-08
3.40041193270371e-08,2.892686179478687e-08
3.471686818926559e-08,2.953318800624771e-08
3.544455673970436e-08,3.015222316271604e-08
3.618749812411276e-08,3.078423371771777e-08
3.694601205199302e-08,3.142949156487163e-08
3.772042493417001e-08,3.208827459300068e-08
3.851107002325569e-08,3.27608660199985e-08
3.93182875570577e-08,3.344755550305223e-08
4.014242490499318e-08,3.414863836148641e-08
4.098383671757262e-08,3.486441646494143e-08
4.184288507901584e-08,3.559519767826202e-08
4.271993966306777e-08,3.634129663865338e-08
4.361537789208006e-08,3.71030342005696e-08
4.45295850994266e-08,3.788073832389216e-08
4.546295469532399e-08,3.867474374086299e-08
4.641588833612782e-08,3.948539195608447e-08
4.738879609717651e-08,4.031303191265323e-08
4.838209664925958e-08,4.115801977011557e-08
4.939621743878326e-08,4.202071901548976e-08
5.043159487171359e-08,4.290150112939983e-08
5.148867450137498e-08,4.380074503096409e-08
5.256791122018419e-08,4.471883763290663e-08
5.366976945540476e-08,4.56561740636019e-08
5.479472336900293e-08,4.661315766707474e-08
5.594325706169378e-08,4.759020033606731e-08
5.711586478126435e-08,4.858772240101672e-08
5.831305113526219e-08,4.960615318516659e-08
5.95353313081437e-08,5.064593100456705e-08
6.078323128297236e-08,5.170750327909701e-08
6.2057288067765e-08,5.279132675450882e-08
6.335804992658255e-08,5.389786783549511e-08
6.46860766154632e-08,5.502760280773344e-08
6.604193962330306e-08,5.618101783788632e-08
6.742622241778349e-08,5.735860908462342e-08
6.883952069645497e-08,5.856088347577781e-08
7.028244264308353e-08,5.978835837527896e-08
7.175560918936921e-08,6.104156191621968e-08
7.32596542821523e-08,6.232103344494533e-08
7.479522515621828e-08,6.362732352105382e-08
7.636298261282242e-08,6.496099436148484e-08
7.796360130405237e-08,6.632261972949749e-08
7.959777002314978e-08,6.771278582284879e-08
8.126619200091946e-08,6.913209060765979e-08
8.296958520834915e-08,7.058114492863865e-08
8.470868266557402e-08,7.20605723980583e-08
8.648423275731727e-08,7.357100961780105e-08
8.829699955494083e-08,7.511310673447014e-08
9.014776314524918e-08,7.668752710632276e-08
9.20373199661823e-08,7.829494841349316e-08
9.396648314954691e-08,7.993606232492567e-08
9.593608287093146e-08,8.161157505348626e-08
9.794696670695386e-08,8.332220768902943e-08
1e-07,8.506869619839819e-08
1.020960662306048e-07,8.685179231360252e-08
1.042360673976401e-07,8.867226342079704e-08
1.064209244064725e-07,9.053089267130332e-08
1.086515774652537e-07,9.242848009183291e-08
1.109289864895223e-07,9.436584214039812e-08
1.132541315152813e-07,9.634381259449043e-08
1.156280131207375e-07,9.836324255108053e-08
1.180516528568806e-07,1.004250012037744e-07
1.205260936870841e-07,1.025299756207687e-07
1.230524004359261e-07,1.046790717440516e-07
1.256316602474121e-07,1.068732142783801e-07
1.28264983052806e-07,1.091133474684369e-07
1.309535020482668e-07,1.114004354318965e-07
1.336983741824945e-07,1.137354621594255e-07
1.365007806546014e-07,1.16119432624906e-07
1.393619274224144e-07,1.185533726744126e-07
1.422830457214352e-07,1.21038329803369e-07
1.452653925946781e-07,1.235753731565481e-07
1.483102514336103e-07,1.261655946382945e-07
1.514189325304352e-07,1.288101089125249e-07
1.545927736419479e-07,1.315100539578395e-07
1.578331405652117e-07,1.342665916226338e-07
1.61141427725302e-07,1.37080908069187e-07
1.645190587753661e-07,1.399542145508192e-07
1.679674872092653e-07,1.428877473008683e-07
1.714881969870541e-07,1.458827689759801e-07
1.750827031735723e-07,1.48940568100997e-07
1.787525525904236e-07,1.520624608453147e-07
1.824993244816151e-07,1.552497904677708e-07
1.86324631193156e-07,1.585039286489121e-07
1.902301188668946e-07,1.618262757130395e-07
1.942174681489024e-07,1.652182614053643e-07
1.982883949127071e-07,1.686813452250746e-07
2.024446509976802e-07,1.722170176465809e-07
2.066880249629082e-07,1.758268001195162e-07
2.110203428568597e-07,1.795122459569143e-07
2.154434690031882e-07,1.832749412233881e-07
2.199593068030075e-07,1.871165049571744e-07
2.245697995539772e-07,1.910385905024015e-07
2.292769312865649e-07,1.950428855090891e-07
2.340827276178294e-07,1.991311131543938e-07
2.389892566231048e-07,2.033050326977204e-07
2.43998629725955e-07,2.075664403689004e-07
2.491130026067786e-07,2.119171700343259e-07
2.543345761304648e-07,2.16359093752061e-07
2.596655972934872e-07,2.208941232151318e-07
2.651083601908536e-07,2.255242097515264e-07
2.706652070033241e-07,2.302513459895295e-07
2.763385290053167e-07,2.350775661907889e-07
2.82130767593947e-07,2.400049470274723e-07
2.880444153396298e-07,2.450356091365791e-07
2.940820170587061e-07,2.501717171199402e-07
3.002461709085549e-07,2.554154813205756e-07
3.065395295056524e-07,2.607691582667826e-07
3.12964801067075e-07,2.662350517823597e-07
3.195247505759214e-07,2.718155140968292e-07
3.262222009711673e-07,2.775129465115711e-07
3.330600343624589e-07,2.833298008431129e-07
3.400411932703703e-07,2.892685802002859e-07
3.471686818926559e-07,2.953318403164928e-07
3.544455673970435e-07,3.015221904378862e-07
3.618749812411284e-07,3.078422942115466e-07
3.694601205199302e-07,3.142948715728622e-07
3.772042493416994e-07,3.208826991896174e-07
3.851107002325569e-07,3.276086120163058e-07
3.93182875570577e-07,3.344755042933301e-07
4.014242490499326e-07,3.414863312123373e-07
4.098383671757261e-07,3.486441096933746e-07
4.184288507901585e-07,3.559519198281791e-07
4.271993966306776e-07,3.634129064344904e-07
4.361537789208006e-07,3.710302802772958e-07
4.45295850994266e-07,3.788073191790531e-07
4.5462954695324e-07,3.8674736990707e-07
4.641588833612782e-07,3.948538492837272e-07
4.738879609717651e-07,4.031302458518127e-07
4.838209664925957e-07,4.11580121095767e-07
4.939621743878326e-07,4.202071112180406e-07
5.043159487171359e-07,4.290149286934053e-07
5.148867450137498e-07,4.38007363712245e-07
5.25679112201842e-07,4.471882860679344e-07
5.366976945540476e-07,4.565616466001288e-07
5.479472336900293e-07,4.66131478860099e-07
5.594325706169378e-07,4.759019011091326e-07
5.711586478126435e-07,4.858771177618237e-07
5.831305113526218e-07,4.96061421384475e-07
5.95353313081437e-07,5.064591946934982e-07
6.078323128297237e-07,5.170749121097273e-07
6.205728806776501e-07,5.279131418678418e-07
6.335804992658255e-07,5.389785479037457e-07
6.468607661546321e-07,5.502758921860362e-07
6.604193962330305e-07,5.618100360482714e-07
6.742622241778349e-07,5.73585943186572e-07
6.883952069645496e-07,5.856086808808669e-07
7.028244264308353e-07,5.978834229924956e-07
7.175560918936921e-07,6.104154517405647e-07
7.32596542821523e-07,6.232101599223938e-07
7.479522515621828e-07,6.362730534670291e-07
7.636298261282241e-07,6.496097537667112e-07
7.796360130405236e-07,6.632259998973211e-07
7.959777002314978e-07,6.771276513939384e-07
8.126619200091945e-07,6.913206905823088e-07
8.296958520834915e-07,7.058112249103132e-07
8.470868266557403e-07,7.206054903896586e-07
8.648423275731727e-07,7.357098531501904e-07
8.829699955494083e-07,7.511308131036287e-07
9.014776314524917e-07,7.668750063860585e-07
9.20373199661823e-07,7.829492081334877e-07
9.396648314954691e-07,7.99360335590471e-07
9.593608287093148e-07,8.16115450774646e-07
9.794696670695385e-07,8.332217640294459e-07
1e-06,8.506866365776133e-07
1.020960662306047e-06,8.685175841849357e-07
1.042360673976401e-06,8.867222799358032e-07
1.064209244064725e-06,9.053085577859221e-07
1.086515774652537e-06,9.242844160040065e-07
1.109289864895223e-06,9.436580203914247e-07
1.132541315152813e-06,9.634377079459355e-07
1.156280131207375e-06,9.83631990414402e-07
1.180516528568805e-06,1.004249558067549e-06
1.205260936870841e-06,1.025299283141656e-06
1.230524004359262e-06,1.046790223946381e-06
1.256316602474121e-06,1.068731628528496e-06
1.28264983052806e-06,1.091132939112782e-06
1.309535020482668e-06,1.114003795432694e-06
1.336983741824945e-06,1.137354039504324e-06
1.365007806546014e-06,1.161193719623199e-06
1.393619274224143e-06,1.185533094583135e-06
1.422830457214352e-06,1.210382638450191e-06
1.452653925946781e-06,1.235753044559473e-06
1.483102514336103e-06,1.261655230400116e-06
1.514189325304352e-06,1.288100342611287e-06
1.545927736419479e-06,1.315099761201033e-06
1.57833140565212e-06,1.342665104653307e-06
1.61141427725302e-06,1.370808235257037e-06
1.645190587753661e-06,1.399541263658044e-06
1.679674872092653e-06,1.428876554521175e-06
1.714881969870541e-06,1.458826731526308e-06
1.750827031735727e-06,1.489404683252538e-06
1.787525525904235e-06,1.520623568174173e-06
1.82499324481615e-06,1.552496820544924e-06
1.86324631193156e-06,1.585038156282081e-06
1.902301188668946e-06,1.618261578961722e-06
1.942174681489028e-06,1.652181385369822e-06
1.982883949127071e-06,1.686812172274621e-06
2.024446509976802e-06,1.722168842199778e-06
2.066880249629082e-06,1.75826660997469e-06
2.110203428568597e-06,1.79512100950685e-06
2.154434690031886e-06,1.832747900332166e-06
2.199593068030075e-06,1.871163474276294e-06
2.245697995539772e-06,1.91038426244905e-06
2.292769312865649e-06,1.95042714279392e-06
2.340827276178294e-06,1.991309346860426e-06
2.389892566231052e-06,2.033048467131593e-06
2.43998629725955e-06,2.075662465350625e-06
2.491130026067786e-06,2.119169679182242e-06
2.543345761304648e-06,2.163588831205487e-06
2.596655972934872e-06,2.208939035908131e-06
2.651083601908542e-06,2.255239808901521e-06
2.706652070033241e-06,2.302511074581126e-06
2.763385290053167e-06,2.350773174897292e-06
2.821307675939471e-06,2.400046878459072e-06
2.880444153396298e-06,2.450353388971926e-06
2.940820170587067e-06,2.501714354674611e-06
3.002461709085549e-06,2.554151877443012e-06
3.065395295056524e-06,2.607688522560103e-06
3.129648010670751e-06,2.662347328374892e-06
3.195247505759214e-06,2.718151815850334e-06
3.262222009711673e-06,2.77512599911045e-06
3.330600343624589e-06,2.833294395543362e-06
3.400411932703702e-06,2.892682036681471e-06
3.47168681892656e-06,2.953314478526536e-06
3.544455673970436e-06,3.015217812651905e-06
3.618749812411284e-06,3.078418677748829e-06
3.694601205199302e-06,3.142944270728698e-06
3.772042493416993e-06,3.208822358491403e-06
3.851107002325569e-06,3.276081290137789e-06
3.93182875570577e-06,3.344750008960062e-06
4.014242490499326e-06,3.414858064654247e-06
4.098383671757261e-06,3.486435626642859e-06
4.184288507901576e-06,3.559513496398381e-06
4.271993966306777e-06,3.634123121210031e-06
4.361537789208005e-06,3.710296607395414e-06
4.45295850994266e-06,3.78806673428933e-06
4.5462954695324e-06,3.867466968343614e-06
4.641588833612773e-06,3.948531477449002e-06
4.738879609717651e-06,4.031295145590086e-06
4.838209664925957e-06,4.115793587833316e-06
4.939621743878326e-06,4.202063166092174e-06
5.043159487171359e-06,4.2901410042262e-06
5.148867450137487e-06,4.380065004139233e-06
5.25679112201842e-06,4.471873862210707e-06
5.366976945540476e-06,4.565607086171042e-06
5.479472336900293e-06,4.661305011532946e-06
5.594325706169378e-06,4.759008819243959e-06
5.711586478126423e-06,4.85876055367207e-06
5.831305113526219e-06,4.960603140258257e-06
5.95353313081437e-06,5.06458040416824e-06
6.078323128297237e-06,5.170737089388311e-06
6.205728806776501e-06,5.279118877266065e-06
6.335804992658241e-06,5.389772407160542e-06
6.468607661546321e-06,5.502745295649092e-06
6.604193962330305e-06,5.618086157510582e-06
6.742622241778349e-06,5.735844626597597e-06
6.883952069645496e-06,5.856071376819649e-06
7.028244264308338e-06,5.978818144458664e-06
7.175560918936921e-06,6.104137750040373e-06
7.32596542821523e-06,6.232084121426951e-06
7.479522515621829e-06,6.362712316576591e-06
7.636298261282242e-06,6.496078547635342e-06
7.796360130405221e-06,6.632240204806905e-06
7.959777002314978e-06,6.771255881443672e-06
8.126619200091945e-06,6.913185398693678e-06
8.296958520834915e-06,7.058089831923908e-06
8.470868266557402e-06,7.206031536366453e-06
8.648423275731709e-06,7.357074174429989e-06
8.829699955494083e-06,7.511282742567182e-06
9.014776314524917e-06,7.668723599918437e-06
9.20373199661823e-06,7.82946449640054e-06
9.396648314954691e-06,7.993574601794506e-06
9.593608287093147e-06,8.161124535943642e-06
9.794696670695386e-06,8.332186398729569e-06
1e-05,8.506833801269487e-06
1.020960662306048e-05,8.685141897557536e-06
1.042360673976401e-05,8.867187416772282e-06
1.064209244064725e-05,9.053048696472388e-06
1.086515774652537e-05,9.242805716125346e-06
1.109289864895223e-05,9.436540131413373e-06
1.132541315152813e-05,9.634335309649522e-06
1.156280131207375e-05,9.836276365415841e-06
1.180516528568806e-05,1.004245019742278e-05
1.205260936870841e-05,1.025294552559064e-05
1.230524004359262e-05,1.046785292957431e-05
1.256316602474121e-05,1.068726488751004e-05
1.28264983052806e-05,1.091127581565043e-05
1.309535020482668e-05,1.113998210944267e-05
1.336983741824945e-05,1.137348218460676e-05
1.365007806546014e-05,1.161187651976814e-05
1.393619274224143e-05,1.185526769953427e-05
1.422830457214352e-05,1.210376045845951e-05
1.452653925946781e-05,1.235746172656427e-05
1.483102514336103e-05,1.261648067474308e-05
1.514189325304352e-05,1.288092876250424e-05
1.545927736419479e-05,1.315091978515426e-05
1.578331405652116e-05,1.342656992320279e-05
1.61141427725302e-05,1.370799779232268e-05
1.645190587753661e-05,1.399532449430918e-05
1.679674872092653e-05,1.428867366914943e-05
1.714881969870541e-05,1.458817154809111e-05
1.750827031735727e-05,1.489394700848745e-05
1.787525525904236e-05,1.520613162853124e-05
1.82499324481615e-05,1.55248597444313e-05
1.86324631193156e-05,1.585026850792204e-05
1.902301188668946e-05,1.618249794543836e-05
1.942174681489028e-05,1.652169101806766e-05
1.982883949127071e-05,1.686799368350034e-05
2.024446509976802e-05,1.722155495831323e-05
2.066880249629082e-05,1.758252698280671e-05
2.110203428568597e-05,1.795106508550859e-05
2.154434690031887e-05,1.832732785078672e-05
2.199593068030075e-05,1.871147718679467e-05
2.245697995539772e-05,1.910367839508265e-05
2.292769312865649e-05,1.950410024165183e-05
2.340827276178294e-05,1.991291503000703e-05
2.389892566231053e-05,2.033029867465341e-05
2.43998629725955e-05,2.075643077714684e-05
2.491130026067786e-05,2.119149470347637e-05
2.543345761304648e-05,2.163567766255703e-05
2.596655972934872e-05,2.208917078705408e-05
2.651083601908542e-05,2.255216921565051e-05
2.706652070033241e-05,2.302487217675786e-05
2.763385290053167e-05,2.35074830744475e-05
2.821307675939471e-05,2.400020957593618e-05
2.880444153396298e-05,2.450326370084799e-05
2.940820170587067e-05,2.501686191225261e-05
3.002461709085549e-05,2.554122521014612e-05
3.065395295056524e-05,2.607657922637507e-05
3.12964801067075e-05,2.662315432166995e-05
3.195247505759214e-05,2.718118568478811e-05
3.262222009711673e-05,2.77509134336551e-05
3.330600343624589e-05,2.833258271850436e-05
3.400411932703703e-05,2.892644382779253e-05
3.471686818926559e-05,2.953275229533592e-05
3.544455673970435e-05,3.015176901077776e-05
3.618749812411284e-05,3.078376033116559e-05
3.694601205199302e-05,3.142899819608136e-05
3.772042493416993e-05,3.208776024454796e-05
3.851107002325569e-05,3.27603299340451e-05
3.93182875570577e-05,3.344699666307793e-05
4.014242490499326e-05,3.414805589496694e-05
4.098383671757261e-05,3.486380928574562e-05
4.184288507901576e-05,3.559456481305734e-05
4.271993966306776e-05,3.634063690916012e-05
4.361537789208006e-05,3.710234659637379e-05
4.45295850994266e-05,3.788002162452564e-05
4.5462954695324e-05,3.867399661239279e-05
4.641588833612772e-05,3.948461319136509e-05
4.738879609717651e-05,4.031222015288272e-05
4.838209664925957e-05,4.115717359776117e-05
4.939621743878326e-05,4.201983708995716e-05
5.043159487171359e-05,4.290058181244394e-05
5.148867450137487e-05,4.379978672730545e-05
5.256791122018419e-05,4.471783873860602e-05
5.366976945540476e-05,4.565513285847977e-05
5.479472336900293e-05,4.661207237754983e-05
5.594325706169377e-05,4.758906903790106e-05
5.711586478126424e-05,4.858654321060474e-05
5.831305113526218e-05,4.96049240760188e-05
5.95353313081437e-05,5.064464980897299e-05
6.078323128297237e-05,5.17061677665076e-05
6.2057288067765e-05,5.278993468094129e-05
6.335804992658241e-05,5.389641685593638e-05
6.468607661546321e-05,5.502609036700523e-05
6.604193962330305e-05,5.617944126634633e-05
6.742622241778349e-05,5.735696579212135e-05
6.883952069645496e-05,5.855917058117388e-05
7.028244264308338e-05,5.978657288774336e-05
7.175560918936922e-05,6.103970080528764e-05
7.32596542821523e-05,6.231909349374565e-05
7.479522515621829e-05,6.362530141157396e-05
7.636298261282242e-05,6.495888655211335e-05
7.79636013040522e-05,6.632042268561733e-05
7.959777002314978e-05,6.771049560561071e-05
8.126619200091945e-05,6.91297033810212e-05
8.296958520834916e-05,7.057865661330709e-05
8.470868266557403e-05,7.205797869902497e-05
8.648423275731709e-05,7.356830609739351e-05
8.829699955494083e-05,7.511028860496261e-05
9.014776314524917e-05,7.668458963394631e-05
9.203731996618231e-05,7.829188649810526e-05
9.39664831495469e-05,7.993287070373611e-05
9.593608287093147e-05,8.160824824676727e-05
9.794696670695385e-05,8.331873991662686e-05
0.0001,8.506508160621706e-05
0.0001020960662306048,8.68480246276615e-05
0.0001042360673976401,8.866833603593527e-05
0.0001064209244064725,9.052679895815707e-05
0.0001086515774652537,9.242421293054193e-05
0.0001109289864895223,9.436139424201517e-05
0.0001132541315152813,9.633917628482092e-05
0.0001156280131207375,9.83584099133461e-05
0.0001180516528568806,0.0001004199638092729
0.0001205260936870841,0.0001025247248552796
0.0001230524004359262,0.0001046735985160696
0.0001256316602474122,0.000106867509227615
0.000128264983052806,0.0001091074007946169
0.0001309535020482668,0.0001113942367958476
0.0001336983741824945,0.0001137290009983749
0.0001365007806546014,0.0001161126977806681
0.0001393619274224143,0.0001185463525635866
0.0001422830457214352,0.0001210310122518043
0.0001452653925946781,0.0001235677456828954
0.0001483102514336103,0.0001261576440871881
0.0001514189325304352,0.0001288018215566122
0.0001545927736419478,0.0001315014155230942
0.0001578331405652116,0.0001342575872474994
0.000161141427725302,0.0001370715223186769
0.0001645190587753661,0.0001399444311626086
0.0001679674872092653,0.0001428775495626589
0.0001714881969870541,0.0001458721391900397
0.0001750827031735723,0.0001489294881467096
0.0001787525525904235,0.0001520509115174873
0.0001824993244816151,0.0001552377519363768
0.000186324631193156,0.0001584913801618848
0.0001902301188668946,0.0001618131956669933
0.0001942174681489025,0.000165204627239568
0.0001982883949127071,0.0001686671335960899
0.0002024446509976802,0.000172202204008598
0.0002066880249629082,0.0001758113589436228
0.0002110203428568597,0.0001794961507157744
0.0002154434690031882,0.0001832581641538766
0.0002199593068030075,0.0001870990172818665
0.0002245697995539772,0.0001910203620131279
0.0002292769312865649,0.000195023884860368
0.0002340827276178294,0.000199111307659261
0.0002389892566231048,0.0002032843883077451
0.000243998629725955,0.0002075449215209746
0.0002491130026067791,0.0002118947396014814
0.0002543345761304648,0.0002163357132258792
0.0002596655972934873,0.0002208697522476655
0.0002651083601908536,0.0002254988065173436
0.0002706652070033241,0.0002302248667188644
0.0002763385290053172,0.0002350499652243876
0.0002821307675939471,0.000239976176966028
0.0002880444153396298,0.0002450056203266993
0.000294082017058706,0.0002501404580487199
0.0003002461709085549,0.000255382898162293
0.000306539529505653,0.0002607351949323045
0.000312964801067075,0.0002661996498258823
0.0003195247505759214,0.0002717786124994959
0.0003262222009711667,0.0002774744818069275
0.0003330600343624589,0.000283289706828227
0.000340041193270371,0.0002892267879202048
0.000347168681892656,0.0002952882777887966
0.0003544455673970436,0.0003014767825837428
0.0003618749812411277,0.0003077949630161392
0.0003694601205199302,0.0003142455354991913
0.0003772042493417001,0.0003208312733132823
0.0003851107002325569,0.0003275550077945777
0.000393182875570577,0.0003344196295487212
0.0004014242490499318,0.0003414280896905098
0.0004098383671757261,0.0003485834011081046
0.0004184288507901585,0.0003558886397544425
0.0004271993966306776,0.0003633469459657368
0.0004361537789208006,0.0003709615258070675
0.0004452958509942651,0.0003787356524456165
0.0004546295469532399,0.0003866726675537668
0.0004641588833612782,0.0003947759827400699
0.0004738879609717651,0.0004030490810106313
0.0004838209664925957,0.0004114955182611402
0.0004939621743878316,0.0004201189247999837
0.0005043159487171359,0.0004289230069020045
0.0005148867450137498,0.0004379115483963414
0.0005256791122018419,0.000447088412286023
0.0005366976945540476,0.0004564575424014228
0.0005479472336900282,0.0004660229650890191
0.0005594325706169377,0.0004757887909341285
0.0005711586478126435,0.0004857592165201652
0.0005831305113526219,0.0004959385262244265
0.000595353313081437,0.0005063310940509602
0.0006078323128297224,0.0005169413855019567
0.0006205728806776501,0.0005277739594875541
0.0006335804992658254,0.0005388334702759456
0.0006468607661546321,0.0005501246694833428
0.0006604193962330305,0.000561652408105795
0.0006742622241778335,0.0005734216385930857
0.0006883952069645496,0.0005854374169657062
0.0007028244264308353,0.0005977049049756822
0.0007175560918936921,0.0006102293723122543
0.000732596542821523,0.000623016198853743
0.0007479522515621828,0.0006360708769659329
0.0007636298261282241,0.0006493990138475292
0.0007796360130405237,0.0006630063339254644
0.0007959777002314978,0.000676898681298943
0.0008126619200091946,0.000691082022234446
0.0008296958520834915,0.0007055624477129152
0.0008470868266557402,0.0007203461760288965
0.0008648423275731727,0.000735439555444195
0.0008829699955494083,0.0007508490668963752
0.0009014776314524918,0.000766581326763105
0.000920373199661823,0.0007826430896843428
0.000939664831495469,0.0007990412514419232
0.0009593608287093146,0.0008157828519000931
0.0009794696670695387,0.0008328750780056682
0.001,0.0008503252668509154
0.001020960662306047,0.0008681409087998304
0.001042360673976401,0.0008863296506788076
0.001064209244064725,0.0009048992990328131
0.001086515774652537,0.0009238578234501693
0.001109289864895223,0.0009432133599545089
0.001132541315152813,0.0009629742144678932
0.001156280131207375,0.000983148866344763
0.001180516528568806,0.001003745971979053
0.001205260936870841,0.001024774368485915
0.001230524004359262,0.001046243077458819
0.001256316602474122,0.001068161308805049
0.00128264983052806,0.001090538464658786
0.001309535020482668,0.001113384143376694
0.001336983741824945,0.001136708143614107
0.001365007806546014,0.001160520468485915
0.001393619274224143,0.001184831329813285
0.001422830457214352,0.00120965115245697
0.001452653925946781,0.001234990578740436
0.001483102514336103,0.00126086047296381
0.001514189325304352,0.001287271926009859
0.001545927736419478,0.001314236260045565
0.001578331405652117,0.00134176503331962
0.00161141427725302,0.001369870045058397
0.001645190587753661,0.0013985633404624
0.001679674872092653,0.001427857215805406
0.001714881969870541,0.001457764223637192
0.001750827031735723,0.001488297178094067
0.001787525525904235,0.001519469160317422
0.00182499324481615,0.001551293523982644
0.00186324631193156,0.001583783900942271
0.001902301188668946,0.001616954206983379
0.001942174681489024,0.001650818647703112
0.001982883949127072,0.001685391724504326
0.002024446509976802,0.00172068824071292
0.002066880249629082,0.001756723307820507
0.002110203428568597,0.001793512351853876
0.002154434690031882,0.001831071119874572
0.002199593068030075,0.001869415686610365
0.002245697995539772,0.001908562461222063
0.002292769312865649,0.0019485281942071
0.002340827276178294,0.001989329984444344
0.002389892566231048,0.002030985286381348
0.00243998629725955,0.002073511917367155
0.002491130026067791,0.002116928065134527
0.002543345761304648,0.002161252295432736
0.002596655972934872,0.002206503559815887
0.002651083601908536,0.002252701203588225
0.002706652070033241,0.002299864973909327
0.002763385290053173,0.00234801502806492
0.002821307675939471,0.002397171941902254
0.002880444153396298,0.002447356718437099
0.002940820170587061,0.002498590796633726
0.003002461709085549,0.002550896060361407
0.00306539529505653,0.002604294847530886
0.00312964801067075,0.002658809959415143
0.003195247505759214,0.002714464670155903
0.003262222009711667,0.002771282736462655
0.003330600343624588,0.002829288407503738
0.00340041193270371,0.002888506434997162
0.003471686818926559,0.002948962083502482
0.003544455673970436,0.003010681140917515
0.003618749812411277,0.00307368992918633
0.003694601205199302,0.003138015315217957
0.003772042493417001,0.003203684722025257
0.003851107002325569,0.003270726140082836
0.003931828755705771,0.003339168138911996
0.004014242490499318,0.003409039878894959
0.004098383671757262,0.003480371123323112
0.004184288507901585,0.003553192250683512
0.004271993966306777,0.003627534267188759
0.004361537789208006,0.003703428819552879
0.004452958509942651,0.003780908208020684
0.0045462954695324,0.003860005399651811
0.004641588833612782,0.003940754041867001
0.004738879609717651,0.004023188476259376
0.004838209664925958,0.004107343752677295
0.004939621743878316,0.004193255643581306
0.005043159487171359,0.004280960658683108
0.005148867450137497,0.00437049605986839
0.005256791122018419,0.004461899876411435
0.005366976945540477,0.004555210920484942
0.005479472336900281,0.004650468802970709
0.005594325706169377,0.004747713949576293
0.005711586478126435,0.004846987617263987
0.005831305113526219,0.004948331910996195
0.00595353313081437,0.005051789800803452
0.006078323128297224,0.005157405139180726
0.0062057288067765,0.005265222678816794
0.006335804992658254,0.005375288090664232
0.006468607661546321,0.005487647982353128
0.006604193962330305,0.005602349916957072
0.006742622241778335,0.005719442432115418
0.006883952069645496,0.005838975059518359
0.007028244264308352,0.005960998344761159
0.007175560918936921,0.006085563867573418
0.00732596542821523,0.006212724262429026
0.007479522515621813,0.006342533239544146
0.007636298261282242,0.006475045606267882
0.007796360130405237,0.006610317288873846
0.007959777002314978,0.006748405354756959
0.008126619200091946,0.006889368035043586
0.008296958520834915,0.007033264747620671
0.008470868266557402,0.007180156120590198
0.008648423275731726,0.007330104016156413
0.008829699955494083,0.007483171554950929
0.009014776314524917,0.007639423140804125
0.00920373199661823,0.007798924485968084
0.009396648314954691,0.007961742636798164
0.009593608287093146,0.008127945999900188
0.009794696670695385,0.008297604368749822
0.01,0.008470788950791119
0.01020960662306048,0.008647572395019676
0.01042360673976401,0.00882802882005973
0.01064209244064725,0.009012233842739303
0.01086515774652537,0.009200264607171604
0.01109289864895223,0.009392199814349689
0.01132541315152813,0.009588119752259594
0.01156280131207375,0.009788106326520829
0.01180516528568806,0.009992243091558994
0.01205260936870841,0.01020061528231753
0.01230524004359262,0.01041330984651712
0.01256316602474121,0.01063041547746613
0.0128264983052806,0.01085202264743113
0.01309535020482668,0.01107822364157318
0.01336983741824945,0.01130911259245526
0.01365007806546014,0.01154478551512894
0.01393619274224144,0.01178534034280454
0.01422830457214352,0.012030876963112
0.01452653925946781,0.01228149725495853
0.01483102514336103,0.01253730512598761
0.01514189325304352,0.01279840655064646
0.01545927736419479,0.01306490960886586
0.01578331405652117,0.01333692452535906
0.0161141427725302,0.01361456370954472
0.01645190587753661,0.01389794179609671
0.01679674872092653,0.01418717568612904
0.01714881969870541,0.01448238458901663
0.01750827031735723,0.01478369006485891
0.01787525525904235,0.01509121606758834
0.0182499324481615,0.01540508898872828
0.0186324631193156,0.01572543770180357
0.01902301188668946,0.01605239360740562
0.01942174681489025,0.01638609067891605
0.01982883949127071,0.01672666550889035
0.02024446509976802,0.01707425735610224
0.02066880249629082,0.01742900819325233
0.02110203428568597,0.01779106275533993
0.02154434690031882,0.01816056858869897
0.02199593068030075,0.01853767610069823
0.02245697995539772,0.01892253861010396
0.02292769312865649,0.0193153123981058
0.02340827276178294,0.01971615676000071
0.02389892566231048,0.0201252340575353
0.0243998629725955,0.0205427097719022
0.02491130026067786,0.02096875255738462
0.02543345761304648,0.0214035342956479
0.02596655972934872,0.02184723015066881
0.02651083601908536,0.02230001862429798
0.02706652070033241,0.02276208161244819
0.02763385290053173,0.02323360446189826
0.02821307675939471,0.02371477602770566
0.02880444153396298,0.02420578873121548
0.02940820170587061,0.02470683861865519
0.03002461709085549,0.02521812542030155
0.0306539529505653,0.02573985261020739
0.03129648010670751,0.02627222746647084
0.03195247505759213,0.02681546113203259
0.03262222009711666,0.02736976867598151
0.03330600343624589,0.02793536915535022
0.0340041193270371,0.02851248567737996
0.03471686818926559,0.02910134546223031
0.03544455673970436,0.02970217990611246
0.03618749812411277,0.03031522464481662
0.03694601205199302,0.03094071961760936
0.03772042493417001,0.03157890913146755
0.03851107002325569,0.03223004192561996
0.0393182875570577,0.0328943712363613
0.04014242490499318,0.03357215486210263
0.04098383671757262,0.03426365522862007
0.04184288507901585,0.03496913945446167
0.04271993966306777,0.03568887941646826
0.04361537789208006,0.03642315181536326
0.04452958509942651,0.03717223824136251
0.04546295469532399,0.03793642523975382
0.04641588833612782,0.03871600437639033
0.04738879609717651,0.03951127230304319
0.04838209664925957,0.04032253082255055
0.04939621743878315,0.04115008695370059
0.05043159487171359,0.04199425299578241
0.05148867450137497,0.04285534659273216
0.05256791122018419,0.04373369079680212
0.05366976945540476,0.04462961413167466
0.05479472336900281,0.04554345065493681
0.05594325706169378,0.04647554001983345
0.05711586478126435,0.04742622753620462
0.05831305113526219,0.04839586423051567
0.0595353313081437,0.0493848069048789
0.06078323128297224,0.05039341819496335
0.062057288067765,0.05142206662668503
0.06335804992658255,0.05247112667156129
0.0646860766154632,0.05354097880061215
0.06604193962330306,0.05463200953668468
0.06742622241778336,0.05574461150506638
0.06883952069645496,0.05687918348225773
0.07028244264308353,0.05803613044275591
0.07175560918936921,0.05921586360370601
0.0732596542821523,0.06041880046726356
0.07479522515621813,0.06164536486050753
0.07636298261282241,0.06289598697273702
0.07796360130405237,0.06417110338997534
0.07959777002314977,0.06547115712650164
0.08126619200091946,0.0667965976532211
0.08296958520834916,0.06814788092267376
0.08470868266557402,0.06952546939048232
0.08648423275731726,0.07092983203302361
0.08829699955494083,0.07236144436110237
0.09014776314524918,0.0738207884294021
0.09203731996618231,0.07530835284147075
0.09396648314954691,0.07682463274999862
0.09593608287093147,0.07837012985213176
0.09794696670695385,0.07994535237955436
0.1,0.08155081508306994
0.1020960662306048,0.08318703921139348
0.1042360673976401,0.08485455248386409
0.1064209244064725,0.08655388905677386
0.1086515774652537,0.08828558948299692
0.1109289864895223,0.0900502006645989
0.1132541315152813,0.09184827579808752
0.1156280131207375,0.09368037431196274
0.1180516528568806,0.09554706179620853
0.1205260936870841,0.09744890992335764
0.1230524004359262,0.09938649636075569
0.1256316602474122,0.1013604046736291
0.128264983052806,0.1033712242185609
0.1309535020482668,0.105419550026961
0.1336983741824945,0.1075059826781048
0.1365007806546014,0.1096311281613096
0.1393619274224144,0.1117955977267975
0.1422830457214352,0.114000007724791
0.1452653925946781,0.1162449794323704
0.1483102514336103,0.1185311388676091
0.1514189325304352,0.1208591165905025
0.1545927736419478,0.1232295474901781
0.1578331405652116,0.1256430705578804
0.161141427725302,0.1281003286452039
0.1645190587753661,0.1306019682070352
0.1679674872092653,0.1331486390286662
0.1714881969870541,0.1357409939365171
0.1750827031735723,0.1383796884919083
0.1787525525904236,0.1410653806673096
0.182499324481615,0.1437987305044792
0.186324631193156,0.1465803997539126
0.1902301188668946,0.1494110514949952
0.1942174681489025,0.1522913497362647
0.1982883949127071,0.1552219589951711
0.2024446509976802,0.1582035438567202
0.2066880249629082,0.1612367685103911
0.2110203428568597,0.1643222962647
0.2154434690031882,0.1674607890387968
0.2199593068030075,0.1706529068304751
0.2245697995539772,0.173899307159968
0.2292769312865649,0.1772006444889264
0.2340827276178294,0.1805575696139553
0.2389892566231048,0.1839707290341132
0.243998629725955,0.1874407642917708
0.2491130026067786,0.1909683112862414
0.2543345761304648,0.1945539995596122
0.2596655972934873,0.1981984515542082
0.2651083601908536,0.2019022818411524
0.2706652070033241,0.2056660963194913
0.2763385290053172,0.2094904913853827
0.2821307675939471,0.2133760530708735
0.2880444153396298,0.2173233561518134
0.2940820170587061,0.2213329632244833
0.3002461709085549,0.2254054237505643
0.306539529505653,0.2295412730700905
0.312964801067075,0.233741031382092
0.3195247505759213,0.2380052026926673
0.3262222009711667,0.2423342737302757
0.3330600343624588,0.2467287128281079
0.340041193270371,0.2511889687734301
0.3471686818926559,0.2557154696238841
0.3544455673970436,0.260308621490783
0.3618749812411277,0.2649688072895096
0.3694601205199303,0.26969638545723
0.3772042493417002,0.2744916886381854
0.3851107002325569,0.2793550223369505
0.393182875570577,0.2842866635401206
0.4014242490499318,0.2892868593069984
0.4098383671757261,0.2943558253299766
0.4184288507901585,0.299493744465401
0.4271993966306777,0.3047007652358492
0.4361537789208006,0.3099770003048758
0.4452958509942651,0.3153225249254085
0.4546295469532399,0.3207373753631416
0.4641588833612782,0.3262215472964014
0.4738879609717651,0.3317749941941369
0.4838209664925957,0.3373976256738467
0.4939621743878316,0.3430893058414167
0.5043159487171359,0.3488498516150523
0.5148867450137498,0.3546790310356376
0.5256791122018419,0.360576561566088
0.5366976945540476,0.3665421083824398
0.5479472336900282,0.3725752826596339
0.5594325706169377,0.3786756398551819
0.5711586478126435,0.3848426779941005
0.5831305113526218,0.3910758359587553
0.595353313081437,0.3973744917874706
0.6078323128297224,0.4037379609860052
0.62057288067765,0.4101654948562544
0.6335804992658254,0.4166562788467583
0.6468607661546321,0.4232094309298821
0.6604193962330305,0.4298240000107665
0.6742622241778335,0.4364989643734059
0.6883952069645496,0.4432332301694899
0.7028244264308353,0.4500256299558728
0.7175560918936921,0.4568749212868201
0.732596542821523,0.4637797853674245
0.7479522515621814,0.4707388257748257
0.7636298261282242,0.4777505672541451
0.7796360130405237,0.4848134545962469
0.7959777002314977,0.4919258516047068
0.8126619200091946,0.4990860401595678
0.8296958520834898,0.5062922193856733
0.8470868266557402,0.5135425049335864
0.8648423275731727,0.5208349283812476
0.8829699955494082,0.5281674367647207
0.9014776314524917,0.5355378922464988
0.9203731996618231,0.542944071929952
0.9396648314954691,0.5503836678286171
0.9593608287093147,0.5578542869990697
0.9794696670695385,0.565353451846152
1,0.5728786006093504
1.020960662306048,0.580427088039042
1.042360673976403,0.5879961862712864
1.064209244064722,0.5955830859096862
1.086515774652537,0.603184897322699
1.109289864895223,0.6107986521645236
1.132541315152813,0.6184213051274736
1.156280131207378,0.6260497359333659
1.180516528568803,0.6336807515711
1.205260936870841,0.6413110887871605
1.230524004359262,0.6489374168352281
1.256316602474121,0.6565563404905709
1.282649830528062,0.6641644033341781
1.309535020482665,0.6717580913109206
1.336983741824945,0.6793338365652257
1.365007806546014,0.6868880215568646
1.393619274224144,0.6944169834585567
1.422830457214355,0.7019170188360299
1.452653925946778,0.7093843886101061
1.483102514336103,0.7168153232992168
1.514189325304352,0.7242060285394667
1.545927736419479,0.7315526908781009
1.57833140565212,0.7388514838347804
1.611414277253017,0.7460985742236333
1.645190587753661,0.7532901287275239
1.679674872092653,0.7604223207143501
1.714881969870541,0.7674913372835896
1.750827031735727,0.7744933865295548
1.787525525904232,0.7814247050061103
1.824993244816151,0.7882815653758176
1.86324631193156,0.7950602842246463
1.902301188668946,0.8017572300216125
1.942174681489028,0.8083688312008324
1.982883949127067,0.8148915843416875
2.024446509976802,0.8213220624209987
2.066880249629082,0.8276569231093155
2.110203428568596,0.8338929170817633
2.154434690031886,0.8400268963121927
2.19959306803007,0.846055822317843
2.245697995539772,0.8519767743202641
2.292769312865649,0.8577869572868777
2.340827276178294,0.8634837098163917
2.389892566231053,0.8690645118301936
2.439986297259545,0.8745269920310023
2.491130026067786,0.8798689350893809
2.543345761304648,0.8850882885182344
2.596655972934872,0.8901831691952256
2.651083601908542,0.8951518694930396
2.706652070033236,0.8999928629777402
2.763385290053167,0.9047048096360482
2.821307675939471,0.9092865605932401
2.880444153396298,0.9137371622845932
2.940820170587067,0.9180558600447966
3.002461709085543,0.9222421010816229
3.065395295056524,0.9262955368023476
3.12964801067075,0.9302160244639266
3.195247505759214,0.9340036281208448
3.262222009711673,0.9376586188477374
3.330600343624582,0.9411814742174425
3.400411932703703,0.9445728770190038
3.47168681892656,0.9478337132042888
3.544455673970436,0.9509650690563498
3.618749812411284,0.9539682275773306
3.694601205199295,0.9568446640986493
3.772042493416994,0.9595960411213058
3.851107002325569,0.9622242023994056
3.93182875570577,0.9647311662853957
4.014242490499326,0.9671191183609129
4.098383671757253,0.9693904033826174
4.184288507901576,0.9715475165777785
4.271993966306777,0.9735930943296911
4.361537789208006,0.9755299042981618
4.45295850994266,0.9773608350252283
4.54629546953239,0.9790888850809401
4.641588833612772,0.9807171518083474
4.738879609717651,0.9822488197307591
4.838209664925957,0.9836871486878009
4.939621743878326,0.9850354617697465
5.043159487171349,0.9862971331219816
5.148867450137487,0.9874755756932355
5.256791122018419,0.9885742290023285
5.366976945540476,0.9895965469986265
5.479472336900293,0.9905459860911042
5.594325706169389,0.9914259934199129
5.711586478126423,0.9922399954425947
5.831305113526219,0.9929913869045972
5.95353313081437,0.993683520260519
6.078323128297236,0.9943196956086007
6.205728806776513,0.9949031511963748
6.335804992658241,0.9954370545501693
6.46860766154632,0.9959244942753577
6.604193962330306,0.9963684725679461
6.742622241778349,0.9967718984713438
6.883952069645511,0.9971375819050636
7.028244264308339,0.9974682284847429
7.175560918936921,0.9977664351453395
7.32596542821523,0.9980346865717551
7.479522515621829,0.9982753524335718
7.636298261282257,0.9984906854131447
7.796360130405221,0.9986828200090979
7.959777002314977,0.9988537720904038
8.126619200091946,0.9990054391697873
8.296958520834915,0.9991396013592784
8.470868266557419,0.9992579229654104
8.648423275731709,0.9993619546768989
8.829699955494084,0.9994531362936964
9.014776314524918,0.9995327999431394
9.203731996618231,0.9996021737265275
9.39664831495471,0.9996623857379022
9.593608287093128,0.9997144683960363
9.794696670695386,0.9997593630306894
10,0.9997979246650006
