#Pareto - Cost J(iterations) convergence
#iterations, J(iterations)
1,0.8009039885822269
2,0.7861731344184008
3,0.7838049150002597
4,0.7822650343702884
5,0.7807832373786872
6,0.7793080815537716
7,0.7778361260765562
8,0.7763671356545067
9,0.7749010890623327
10,0.7734379793811578
11,0.7719778006582997
12,0.7705205470217938
13,0.7690662126092169
14,0.767614791571047
15,0.7661662780744422
16,0.7647206662933741
17,0.7632779504147766
18,0.7618381246364815
19,0.7604011831713428
20,0.7589671202400533
21,0.7575359300766904
22,0.7561076069253759
23,0.7546821450427305
24,0.7532595386980485
25,0.7518397821717934
26,0.7504228697536823
27,0.7490087957460201
28,0.7475975544638365
29,0.7461891402315353
30,0.7447835473886195
31,0.7433807702784883
32,0.741980803263301
33,0.7405836407137064
34,0.7391892770113938
35,0.7377977065504271
36,0.736408923733284
37,0.7350229229788262
38,0.7336396987097304
39,0.7322592453680218
40,0.7308815574000652
41,0.7295066292697724
42,0.7281344554426884
43,0.7267650304071801
44,0.7253983486523727
45,0.7240344046858015
46,0.7226731930215584
47,0.7213147081865378
48,0.7199589447186473
49,0.7186058971649615
50,0.7172555600866185
51,0.7159079280526151
52,0.7145629956459407
53,0.7132207574576345
54,0.7118812080876347
55,0.710544342154326
56,0.7092101542789278
57,0.7078786390986578
58,0.7065497912570191
59,0.7052236054128644
60,0.7039000762339147
61,0.7025791983983566
62,0.7012609665895091
63,0.6999453755147249
64,0.6986324198788937
65,0.6973220944046257
66,0.6960143938222897
67,0.694709312873836
68,0.6934068463109877
69,0.6921069888978472
70,0.6908097354063795
71,0.6895150806207166
72,0.6882230193350709
73,0.6869335463536222
74,0.6856466564945756
75,0.6843623445779096
76,0.6830806054418552
77,0.681801433934445
78,0.680524824909608
79,0.6792507732343464
80,0.6779792737867992
81,0.6767103214544936
82,0.6754439111329972
83,0.6741800377313906
84,0.6729186961679026
85,0.6716598813682265
86,0.6704035882756992
87,0.66914981183375
88,0.667898547003183
89,0.666649788752835
90,0.6654035320604317
91,0.6641597719153787
92,0.6629185033169153
93,0.6616797212724682
94,0.6604434208018106
95,0.6592095969346342
96,0.6579782447073075
97,0.6567493591717327
98,0.6555229353844282
99,0.6542989684130537
100,0.6530774533375473
101,0.6518583852466089
102,0.6506417592370151
103,0.649427570418764
104,0.6482158139069233
105,0.647006484830044
106,0.645799578326582
107,0.644595089541928
108,0.6433930136342577
109,0.6421933457684359
110,0.6409960811217491
111,0.6398012148788841
112,0.6386087422373589
113,0.6374186584003079
114,0.6362309585831712
115,0.6350456380087554
116,0.6338626919121775
117,0.6326821155386821
118,0.6315039041381413
119,0.6303280529734142
120,0.6291545573167074
121,0.6279834124496868
122,0.6268146136652596
123,0.6256481562593865
124,0.6244840355441542
125,0.6233222468381232
126,0.6221627854707671
127,0.6210056467782907
128,0.619850826108864
129,0.6186983188182399
130,0.6175481202737362
131,0.6164002258488469
132,0.6152546309276962
133,0.6141113309046394
134,0.6129703211824176
135,0.6118315971726487
136,0.6106951542955331
137,0.6095609879843006
138,0.6084290936761152
139,0.607299466819916
140,0.6061721028747028
141,0.6050469973051604
142,0.6039241455890597
143,0.6028035432104316
144,0.6016851856641658
145,0.6005690684526347
146,0.5994551870880336
147,0.598343537091826
148,0.5972341139940766
149,0.5961269133322947
150,0.5950219306562997
151,0.5939191615222399
152,0.5928186014956138
153,0.591720246151495
154,0.5906240910736769
155,0.5895301318535618
156,0.5884383640919438
157,0.5873487834001013
158,0.586261385396595
159,0.5851761657078329
160,0.5840931199728426
161,0.5830122438333932
162,0.5819335329454003
163,0.5808569829712809
164,0.5797825895806543
165,0.5787103484546667
166,0.5776402552816056
167,0.5765723057584079
168,0.5755064955908339
169,0.5744428204932077
170,0.573381276189015
171,0.5723218584092556
172,0.5712645628939389
173,0.5702093853922092
174,0.5691563216612608
175,0.568105367465551
176,0.5670565185802651
177,0.566009770787043
178,0.5649651198778451
179,0.5639225616516637
180,0.5628820919168042
181,0.561843706489028
182,0.5608074011936564
183,0.5597731718619722
184,0.5587410143372258
185,0.5577109244674449
186,0.5566828981124077
187,0.5556569311382321
188,0.5546330194171057
189,0.5536111588346444
190,0.5525913452809796
191,0.5515735746548466
192,0.5505578428638023
193,0.5495441458255064
194,0.5485324794611242
195,0.5475228397044289
196,0.5465152224948546
197,0.5455096237814556
198,0.5445060395207881
199,0.5435044656758099
200,0.5425048982215281
201,0.5415073331371457
202,0.5405117664114852
203,0.5395181940417858
204,0.5385266120333225
205,0.5375370163979097
206,0.5365494031569488
207,0.5355637683387964
208,0.5345801079813545
209,0.5335984181278941
210,0.5326186948317488
211,0.5316409341533308
212,0.5306651321602918
213,0.5296912849302781
214,0.5287193885471928
215,0.5277494391026923
216,0.526781432696047
217,0.5258153654352912
218,0.5248512334365631
219,0.523889032822185
220,0.522928759723689
221,0.5219704102795378
222,0.5210139806363994
223,0.5200594669478668
224,0.5191068653751494
225,0.5181561720906548
226,0.5172073832690499
227,0.5162604950969881
228,0.5153155037655005
229,0.5143724054759425
230,0.5134311964340015
231,0.5124918728580962
232,0.5115544309685462
233,0.5106188669982697
234,0.5096851771835558
235,0.5087533577704972
236,0.5078234050120196
237,0.5068953151696098
238,0.5059690845104521
239,0.5050447093115435
240,0.5041221858543863
241,0.5032015104299716
242,0.5022826793365693
243,0.5013656888794442
244,0.5004505353713304
245,0.4995372151320118
246,0.4986257244897014
247,0.497716059778977
248,0.4968082173417663
249,0.4959021935280025
250,0.4949979846943364
251,0.4940955872062338
252,0.4931949974318977
253,0.4922962117539004
254,0.491399226554884
255,0.4905040382309385
256,0.4896106431803179
257,0.4887190378114615
258,0.4878292185402721
259,0.4869411817865756
260,0.4860549239812056
261,0.4851704415599535
262,0.4842877309662443
263,0.4834067886511884
264,0.4825276110718012
265,0.4816501946933532
266,0.4807745359881564
267,0.4799006314348644
268,0.4790284775175226
269,0.4781580707330295
270,0.477289407578195
271,0.4764224845618686
272,0.4755572981974679
273,0.4746938450053895
274,0.4738321215158927
275,0.4729721242613683
276,0.4721138497857324
277,0.4712572946371949
278,0.4704024553704625
279,0.4695493285497742
280,0.4686979107438671
281,0.4678481985294484
282,0.4670001884898451
283,0.4661538772156946
284,0.4653092613031555
285,0.4644663373553335
286,0.4636251019846536
287,0.4627855518069482
288,0.4619476834475061
289,0.4611114935373148
290,0.4602769787121882
291,0.4594441356187239
292,0.4586129609070288
293,0.4577834512345744
294,0.4569556032663917
295,0.4561294136744831
296,0.4553048791358669
297,0.4544819963341896
298,0.453660761961407
299,0.4528411727171536
300,0.4520232253031211
301,0.4512069164316868
302,0.4503922428202055
303,0.4495792011928096
304,0.4487677882798332
305,0.4479580008194533
306,0.4471498355553635
307,0.4463432892369913
308,0.4455383586223666
309,0.4447350404739548
310,0.4439333315622102
311,0.4431332286631829
312,0.4423347285600216
313,0.4415378280414446
314,0.4407425239021687
315,0.4399488129468498
316,0.4391566919827252
317,0.438366157822963
318,0.4375772072911093
319,0.4367898372137735
320,0.4360040444254396
321,0.435219825765266
322,0.4344371780814584
323,0.4336560982261063
324,0.4328765830589117
325,0.4320986294443729
326,0.4313222342556489
327,0.4305473943704809
328,0.4297741066735529
329,0.4290023680536111
330,0.4282321754095553
331,0.4274635256440362
332,0.4266964156653634
333,0.4259308423895666
334,0.4251668027387875
335,0.4244042936397847
336,0.4236433120280007
337,0.4228838548411394
338,0.4221259190279261
339,0.4213695015390858
340,0.4206145993342631
341,0.4198612093754243
342,0.419109328637407
343,0.4183589540935351
344,0.4176100827270853
345,0.416862711527872
346,0.4161168374895844
347,0.4153724576134051
348,0.4146295689077222
349,0.4138881683826802
350,0.413148253059148
351,0.4124098199608284
352,0.4116728661194303
353,0.4109373885702738
354,0.4102033843562629
355,0.4094708505277173
356,0.4087397841375864
357,0.4080101822460121
358,0.4072820419203164
359,0.4065553602316407
360,0.4058301342590702
361,0.4051063610849083
362,0.4043840378007326
363,0.4036631615004965
364,0.4029437292866895
365,0.4022257382649586
366,0.401509185550137
367,0.4007940682597945
368,0.4000803835184198
369,0.3993681284564958
370,0.3986573002105832
371,0.3979478959220784
372,0.3972399127376496
373,0.3965333478122887
374,0.3958281983023105
375,0.3951244613748667
376,0.3944221341982491
377,0.3937212139495571
378,0.3930216978099149
379,0.3923235829673518
380,0.3916268666132506
381,0.3909315459476276
382,0.3902376181738532
383,0.3895450805015015
384,0.3888539301464797
385,0.3881641643284891
386,0.3874757802747882
387,0.3867887752178625
388,0.3861031463942989
389,0.3854188910481415
390,0.3847360064267176
391,0.3840544897856945
392,0.3833743383826847
393,0.3826955494855049
394,0.3820181203619263
395,0.3813420482901004
396,0.3806673305501533
397,0.3799939644297869
398,0.3793219472213658
399,0.3786512762222912
400,0.3779819487356689
401,0.3773139620711988
402,0.3766473135414335
403,0.375982000466973
404,0.3753180201722696
405,0.3746553699872034
406,0.3739940472467908
407,0.3733340492930644
408,0.3726753734708611
409,0.3720180171331388
410,0.3713619776350326
411,0.3707072523398768
412,0.3700538386138835
413,0.3694017338309794
414,0.3687509353677114
415,0.3681014406081905
416,0.3674532469405108
417,0.3668063517583112
418,0.3661607524600337
419,0.3655164464501896
420,0.3648734311379847
421,0.3642317039371398
422,0.3635912622681983
423,0.3629521035551994
424,0.3623142252285869
425,0.3616776247234783
426,0.3610422994796856
427,0.3604082469431548
428,0.3597754645633514
429,0.3591439497969142
430,0.3585137001040857
431,0.3578847129503077
432,0.357256985806894
433,0.356630516149685
434,0.3560053014593604
435,0.3553813392221286
436,0.3547586269293648
437,0.3541371620759973
438,0.3535169421641647
439,0.3528979647000802
440,0.3522802271939487
441,0.3516637271624511
442,0.3510484621260497
443,0.3504344296118707
444,0.349821627149734
445,0.3492100522764201
446,0.3485997025320042
447,0.3479905754627791
448,0.3473826686192328
449,0.3467759795569114
450,0.3461705058369459
451,0.3455662450238103
452,0.3449631946880846
453,0.3443613524047454
454,0.3437607157542618
455,0.3431612823214386
456,0.3425630496954547
457,0.3419660154710974
458,0.3413701772472993
459,0.3407755326290878
460,0.3401820792243021
461,0.3395898146476021
462,0.3389987365165186
463,0.3384088424553341
464,0.3378201300917518
465,0.3372325970585347
466,0.3366462409923978
467,0.3360610595370693
468,0.3354770503377834
469,0.3348942110477628
470,0.3343125393230025
471,0.333732032824332
472,0.3331526892174566
473,0.3325745061728306
474,0.3319974813661679
475,0.3314216124764212
476,0.3308468971886819
477,0.330273333191844
478,0.3297009181791491
479,0.3291296498494531
480,0.3285595259051809
481,0.3279905440546008
482,0.3274227020090078
483,0.3268559974857242
484,0.3262904282054562
485,0.3257259918946058
486,0.3251626862831917
487,0.3246005091061446
488,0.3240394581033053
489,0.3234795310187087
490,0.3229207256003692
491,0.32236303960126
492,0.3218064707799455
493,0.3212510168968742
494,0.3206966757200121
495,0.3201434450198359
496,0.3195913225712275
497,0.3190403061551773
498,0.3184903935553116
499,0.3179415825602925
500,0.3173938709641909
501,0.3168472565635399
502,0.3163017371613389
503,0.3157573105630332
504,0.315213974580551
505,0.3146717270289365
506,0.3141305657272366
507,0.3135904884995932
508,0.3130514931751959
509,0.3125135775852076
510,0.3119767395675901
511,0.3114409769639365
512,0.3109062876197538
513,0.3103726693846654
514,0.3098401201132091
515,0.3093086376642649
516,0.3087782199004445
517,0.3082488646885729
518,0.3077205699012013
519,0.3071933334127921
520,0.3066671531041953
521,0.3061420268591715
522,0.3056179525663594
523,0.3050949281184663
524,0.3045729514124193
525,0.3040520203494436
526,0.3035321328342709
527,0.3030132867771282
528,0.3024954800916299
529,0.3019787106953239
530,0.3014629765104587
531,0.3009482754635204
532,0.3004346054841717
533,0.2999219645080008
534,0.2994103504726677
535,0.2988997613213575
536,0.2983901950013195
537,0.2978816494628557
538,0.29737412266193
539,0.2968676125572285
540,0.2963621171119908
541,0.295857634293696
542,0.2953541620742177
543,0.2948516984288182
544,0.2943502413367021
545,0.2938497887825193
546,0.2933503387525496
547,0.2928518892397889
548,0.292354438239124
549,0.2918579837504442
550,0.2913625237777983
551,0.2908680563291051
552,0.2903745794154149
553,0.2898820910530389
554,0.2893905892612508
555,0.2889000720641456
556,0.2884105374886674
557,0.2879219835675322
558,0.2874344083347513
559,0.2869478098311464
560,0.2864621860996437
561,0.285977535187097
562,0.2854938551451855
563,0.2850111440290864
564,0.2845293998976705
565,0.2840486208133893
566,0.2835688048436228
567,0.283089950058876
568,0.282612054534004
569,0.2821351163465538
570,0.281659133579155
571,0.2811841043183691
572,0.2807100266531903
573,0.2802368986783351
574,0.2797647184901719
575,0.2792934841911632
576,0.2788231938859259
577,0.2783538456837321
578,0.2778854376965887
579,0.2774179680420875
580,0.2769514348397664
581,0.2764858362138967
582,0.2760211702919848
583,0.2755574352064577
584,0.275094629091823
585,0.2746327500869675
586,0.2741717963358508
587,0.273711765984231
588,0.2732526571817193
589,0.2727944680834846
590,0.2723371968458314
591,0.2718808416313152
592,0.2714254006041426
593,0.2709708719330413
594,0.270517253790881
595,0.2700645443527153
596,0.2696127417989925
597,0.2691618443128529
598,0.2687118500810466
599,0.2682627572938607
600,0.2678145641465207
601,0.2673672688357313
602,0.2669208695633168
603,0.2664753645344825
604,0.2660307519579376
605,0.2655870300451373
606,0.2651441970126871
607,0.2647022510794925
608,0.264261190469063
609,0.2638210134067701
610,0.263381718124037
611,0.2629433028531185
612,0.2625057658321446
613,0.2620691053015913
614,0.261633319505114
615,0.2611984066909683
616,0.2607643651102644
617,0.2603311930169945
618,0.2598988886708511
619,0.259467450331961
620,0.259036876266576
621,0.2586071647427188
622,0.2581783140330325
623,0.2577503224127471
624,0.2573231881612456
625,0.2568969095603197
626,0.2564714848965597
627,0.2560469124592963
628,0.2556231905408542
629,0.2552003174380291
630,0.2547782914499155
631,0.2543571108800308
632,0.2539367740342358
633,0.2535172792227963
634,0.2530986247587594
635,0.2526808089588833
636,0.252263830142581
637,0.2518476866339451
638,0.251432376759229
639,0.2510178988484061
640,0.2506042512349421
641,0.2501914322558273
642,0.2497794402507488
643,0.2493682735628848
644,0.2489579305396333
645,0.2485484095307654
646,0.2481397088888958
647,0.2477318269714171
648,0.247324762137887
649,0.2469185127518999
650,0.2465130771796851
651,0.2461084537904867
652,0.2457046409579265
653,0.2453016370579972
654,0.2448994404701877
655,0.2444980495776474
656,0.2440974627658333
657,0.2436976784245263
658,0.2432986949459584
659,0.2429005107255262
660,0.2425031241621854
661,0.2421065336586538
662,0.2417107376193549
663,0.2413157344534425
664,0.2409215225724362
665,0.2405281003912406
666,0.2401354663275061
667,0.2397436188029312
668,0.2393525562417743
669,0.2389622770714214
670,0.238572779722894
671,0.2381840626294561
672,0.237796124228621
673,0.2374089629599129
674,0.2370225772672147
675,0.2366369655964126
676,0.2362521263972901
677,0.2358680581219575
678,0.2354847592263782
679,0.2351022281692464
680,0.2347204634123435
681,0.2343394634206821
682,0.2339592266623119
683,0.2335797516076547
684,0.2332010367321332
685,0.2328230805119352
686,0.2324458814272313
687,0.2320694379616116
688,0.2316937486017874
689,0.2313188118363474
690,0.2309446261581802
691,0.2305711900622127
692,0.2301985020477531
693,0.229826560615216
694,0.2294553642693824
695,0.2290849115177837
696,0.2287152008707904
697,0.2283462308419696
698,0.227977999947297
699,0.2276105067061134
700,0.2272437496410873
701,0.2268777272773099
702,0.2265124381428798
703,0.2261478807689684
704,0.2257840536900099
705,0.2254209554427274
706,0.2250585845672826
707,0.2246969396063378
708,0.2243360191060139
709,0.2239758216149244
710,0.2236163456845455
711,0.2232575898696645
712,0.2228995527276067
713,0.2225422328188089
714,0.2221856287062249
715,0.2218297389560316
716,0.2214745621374502
717,0.2211200968220881
718,0.2207663415846658
719,0.2204132950027244
720,0.2200609556566485
721,0.2197093221298321
722,0.2193583930079018
723,0.2190081668804623
724,0.2186586423386429
725,0.2183098179773832
726,0.2179616923937882
727,0.2176142641882111
728,0.2172675319635706
729,0.2169214943256499
730,0.2165761498831736
731,0.2162314972472945
732,0.2158875350320853
733,0.2155442618548633
734,0.2152016763350117
735,0.2148597770950183
736,0.2145185627600408
737,0.2141780319584635
738,0.213838183320415
739,0.2134990154797854
740,0.2131605270725955
741,0.212822716737847
742,0.2124855831172983
743,0.2121491248549475
744,0.2118133405983552
745,0.2114782289970821
746,0.2111437887035955
747,0.2108100183734015
748,0.2104769166640632
749,0.210144482236312
750,0.2098127137534175
751,0.209481609881399
752,0.209151169288753
753,0.2088213906469366
754,0.2084922726296195
755,0.2081638139136706
756,0.2078360131786911
757,0.2075088691059133
758,0.20718238038004
759,0.2068565456883983
760,0.2065313637209188
761,0.2062068331699649
762,0.2058829527302719
763,0.2055597210998189
764,0.2052371369791698
765,0.2049151990706514
766,0.2045939060802031
767,0.2042732567153398
768,0.2039532496872855
769,0.2036338837090954
770,0.2033151574962712
771,0.2029970697679041
772,0.2026796192443679
773,0.2023628046493664
774,0.202046624709133
775,0.2017310781520527
776,0.2014161637094101
777,0.2011018801151923
778,0.2007882261053034
779,0.2004752004184654
780,0.2001628017963281
781,0.1998510289827406
782,0.1995398807237489
783,0.1992293557683848
784,0.1989194528682111
785,0.1986101707765065
786,0.1983015082503858
787,0.1979934640482859
788,0.1976860369317213
789,0.1973792256644128
790,0.1970730290127692
791,0.1967674457454172
792,0.1964624746338472
793,0.1961581144513311
794,0.1958543639745959
795,0.1955512219818568
796,0.1952486872542532
797,0.1949467585754659
798,0.1946454347312863
799,0.1943447145099754
800,0.1940445967025613
801,0.1937450801021922
802,0.1934461635044274
803,0.1931478457075491
804,0.1928501255115725
805,0.1925530017197708
806,0.1922564731372697
807,0.1919605385718076
808,0.1916651968331943
809,0.1913704467339179
810,0.191076287089153
811,0.190782716715697
812,0.1904897344332503
813,0.1901973390635226
814,0.1899055294309851
815,0.1896143043621905
816,0.1893236626863465
817,0.1890336032346256
818,0.1887441248403816
819,0.1884552263401588
820,0.1881669065718692
821,0.1878791643763014
822,0.1875919985967046
823,0.1873054080779352
824,0.1870193916679315
825,0.1867339482164207
826,0.1864490765758631
827,0.1861647756005015
828,0.1858810441473878
829,0.1855978810755807
830,0.1853152852463795
831,0.1850332555234019
832,0.18475179077306
833,0.1844708898629968
834,0.1841905516640034
835,0.183910775048812
836,0.1836315588924055
837,0.1833529020721713
838,0.1830748034675472
839,0.1827972619601071
840,0.1825202764339588
841,0.1822438457754195
842,0.1819679688731735
843,0.1816926446174554
844,0.181417871901606
845,0.181143649620326
846,0.1808699766713835
847,0.1805968519539662
848,0.1803242743703277
849,0.1800522428238957
850,0.1797807562211217
851,0.1795098134701156
852,0.1792394134817669
853,0.1789695551685527
854,0.1787002374454622
855,0.1784314592295157
856,0.1781632194399949
857,0.1778955169982956
858,0.1776283508279173
859,0.1773617198545826
860,0.1770956230063403
861,0.1768300592131682
862,0.1765650274069082
863,0.1763005265222478
864,0.1760365554953693
865,0.1757731132649891
866,0.1755101987719025
867,0.1752478109587023
868,0.1749859487704214
869,0.1747246111540669
870,0.1744637970587911
871,0.1742035054358327
872,0.1739437352388331
873,0.173684485423022
874,0.1734257549458635
875,0.1731675427671638
876,0.1729098478486185
877,0.1726526691539489
878,0.1723960056489975
879,0.1721398563020466
880,0.1718842200826294
881,0.1716290959632411
882,0.1713744829177216
883,0.1711203799226394
884,0.1708667859559022
885,0.1706136999979951
886,0.1703611210310089
887,0.1701090480395676
888,0.1698574800101827
889,0.1696064159309198
890,0.1693558547924938
891,0.1691057955873123
892,0.168856237309975
893,0.1686071789570182
894,0.1683586195267623
895,0.1681105580200176
896,0.1678629934391705
897,0.1676159247886597
898,0.1673693510752202
899,0.1671232713074406
900,0.1668776844955425
901,0.1666325896522355
902,0.166387985791926
903,0.1661438719311124
904,0.1659002470880574
905,0.1656571102833645
906,0.1654144605391733
907,0.1651722968797467
908,0.1649306183315833
909,0.1646894239228439
910,0.1644487126833878
911,0.1642084836457504
912,0.1639687358438293
913,0.1637294683133432
914,0.1634906800923554
915,0.1632523702208868
916,0.1630145377402447
917,0.1627771816945204
918,0.1625403011290927
919,0.1623038950917342
920,0.1620679626313798
921,0.1618325027995637
922,0.1615975146497361
923,0.1613629972367886
924,0.1611289496176788
925,0.1608953708514185
926,0.1606622599986207
927,0.1604296161220793
928,0.1601974382864141
929,0.1599657255578422
930,0.1597344770046858
931,0.159503691697186
932,0.1592733687073215
933,0.1590435071088332
934,0.1588141059775785
935,0.158585164391211
936,0.158356681428909
937,0.1581286561723024
938,0.1579010877039298
939,0.1576739751093879
940,0.1574473174749742
941,0.1572211138894997
942,0.1569953634432901
943,0.1567700652286923
944,0.1565452183399279
945,0.1563208218725368
946,0.1560968749244583
947,0.1558733765951987
948,0.1556503259859326
949,0.155427722199849
950,0.1552055643418955
951,0.1549838515186932
952,0.1547625828387514
953,0.15454175741235
954,0.1543213743515972
955,0.1541014327703454
956,0.1538819317839879
957,0.153662870510227
958,0.1534442480680376
959,0.1532260635783068
960,0.1530083161638441
961,0.1527910049489658
962,0.1525741290599622
963,0.1523576876245551
964,0.1521416797726775
965,0.1519261046356872
966,0.1517109613466856
967,0.1514962490406203
968,0.151281966854184
969,0.151068113925714
970,0.1508546893953874
971,0.1506416924045929
972,0.1504291220975579
973,0.1502169776190288
974,0.1500052581160279
975,0.1497939627374346
976,0.149583090633545
977,0.1493726409562771
978,0.1491626128595916
979,0.1489530054989044
980,0.1487438180314245
981,0.1485350496159248
982,0.1483266994130226
983,0.1481187665848614
984,0.147911250295461
985,0.1477041497102979
986,0.1474974639965582
987,0.1472911923232624
988,0.1470853338610249
989,0.1468798877820717
990,0.1466748532601952
991,0.146470229470937
992,0.1462660155915621
993,0.1460622108010202
994,0.1458588142798041
995,0.1456558252098328
996,0.1454532427750592
997,0.1452510661609099
998,0.1450492945542958
999,0.1448479271439689
1000,0.1446469631205308
1001,0.1444464016753519
1002,0.1442462420021783
1003,0.144046483296347
1004,0.143847124754381
1005,0.1436481655749347
1006,0.1434496049577645
1007,0.1432514421044066
1008,0.1430536762183856
1009,0.1428563065040382
1010,0.1426593321680458
1011,0.1424627524183867
1012,0.1422665664643705
1013,0.1420707735172627
1014,0.1418753727897446
1015,0.1416803634963779
1016,0.1414857448527387
1017,0.1412915160761268
1018,0.141097676385773
1019,0.1409042250023916
1020,0.14071116114771
1021,0.1405184840458846
1022,0.1403261929217593
1023,0.1401342870023006
1024,0.139942765515704
1025,0.1397516276921836
1026,0.1395608727629111
1027,0.1393704999610249
1028,0.1391805085207375
1029,0.1389908976783445
1030,0.1388016666713226
1031,0.1386128147390368
1032,0.138424341121634
1033,0.1382362450616317
1034,0.1380485258025851
1035,0.1378611825896199
1036,0.1376742146693903
1037,0.1374876212903222
1038,0.1373014017018581
1039,0.1371155551553112
1040,0.1369300809035002
1041,0.1367449782004166
1042,0.1365602463019237
1043,0.1363758844651474
1044,0.1361918919487558
1045,0.1360082680130369
1046,0.1358250119194505
1047,0.1356421229312355
1048,0.1354596003129537
1049,0.1352774433306194
1050,0.1350956512519577
1051,0.1349142233459273
1052,0.1347331588827875
1053,0.1345524571346375
1054,0.1343721173749184
1055,0.1341921388784671
1056,0.1340125209214372
1057,0.1338332627818545
1058,0.1336543637387623
1059,0.1334758230727108
1060,0.1332976400659248
1061,0.1331198140019303
1062,0.1329423441656065
1063,0.1327652298432974
1064,0.13258847032303
1065,0.1324120648938955
1066,0.132236012846586
1067,0.1320603134732288
1068,0.1318849660672345
1069,0.1317099699237134
1070,0.1315353243389437
1071,0.1313610286105018
1072,0.1311870820377385
1073,0.1310134839210259
1074,0.1308402335625079
1075,0.1306673302655492
1076,0.1304947733347814
1077,0.1303225620764271
1078,0.1301506957980362
1079,0.1299791738084077
1080,0.1298079954178875
1081,0.1296371599382825
1082,0.1294666666826944
1083,0.1292965149652864
1084,0.1291267041022123
1085,0.128957233410292
1086,0.1287881022084577
1087,0.1286193098163921
1088,0.1284508555554746
1089,0.1282827387482378
1090,0.1281149587188922
1091,0.1279475147926148
1092,0.1277804062962462
1093,0.1276136325575865
1094,0.1274471929063532
1095,0.1272810866730978
1096,0.1271153131899728
1097,0.1269498717903271
1098,0.126784761809014
1099,0.1266199825821081
1100,0.1264555334469978
1101,0.126291413742487
1102,0.1261276228084906
1103,0.1259641599865667
1104,0.1258010246194158
1105,0.12563821605096
1106,0.1254757336266929
1107,0.1253135766931016
1108,0.1251517445982605
1109,0.124990236691388
1110,0.1248290523232219
1111,0.1246681908454914
1112,0.1245076516112807
1113,0.1243474339751096
1114,0.1241875372929623
1115,0.1240279609215508
1116,0.1238687042195615
1117,0.1237097665464446
1118,0.1235511472630222
1119,0.1233928457316228
1120,0.1232348613156724
1121,0.1230771933798733
1122,0.122919841290228
1123,0.1227628044142191
1124,0.1226060821201713
1125,0.1224496737779578
1126,0.1222935787587999
1127,0.1221377964347596
1128,0.1219823261796894
1129,0.1218271673682841
1130,0.1216723193767923
1131,0.1215177815825476
1132,0.1213635533639256
1133,0.1212096341010045
1134,0.1210560231748797
1135,0.1209027199677696
1136,0.1207497238632614
1137,0.1205970342461462
1138,0.1204446505025314
1139,0.120292572019636
1140,0.1201407981859423
1141,0.1199893283910903
1142,0.119838162026203
1143,0.1196872984833031
1144,0.1195367371557609
1145,0.1193864774382873
1146,0.119236518726546
1147,0.1190868604175213
1148,0.1189375019096334
1149,0.1187884426021904
1150,0.1186396818957845
1151,0.1184912191923306
1152,0.1183430538947956
1153,0.1181951854075052
1154,0.1180476131357164
1155,0.1179003364861199
1156,0.1177533548666326
1157,0.1176066676860265
1158,0.1174602743546217
1159,0.117314174283719
1160,0.117168366885802
1161,0.1170228515746835
1162,0.1168776277651257
1163,0.1167326948732825
1164,0.1165880523163006
1165,0.1164436995126038
1166,0.1162996358817519
1167,0.1161558608445805
1168,0.1160123738226483
1169,0.11586917423938
1170,0.1157262615186928
1171,0.115583635085984
1172,0.115441294367778
1173,0.1152992387918049
1174,0.1151574677867728
1175,0.1150159807826112
1176,0.1148747772103685
1177,0.1147338565023727
1178,0.1145932180919373
1179,0.114452861413509
1180,0.1143127859026968
1181,0.1141729909963273
1182,0.1140334761322665
1183,0.1138942407495424
1184,0.1137552842881907
1185,0.1136166061895371
1186,0.1134782058959469
1187,0.1133400828509908
1188,0.1132022364990377
1189,0.1130646662861133
1190,0.1129273716588554
1191,0.1127903520651668
1192,0.1126536069542457
1193,0.1125171357761812
1194,0.1123809379821677
1195,0.1122450130245324
1196,0.1121093603567289
1197,0.1119739794334891
1198,0.1118388697101744
1199,0.1117040306436542
1200,0.1115694616917281
1201,0.1114351623132204
1202,0.1113011319681966
1203,0.1111673701176504
1204,0.1110338762238856
1205,0.1109006497498889
1206,0.1107676901600525
1207,0.1106349969197907
1208,0.1105025694954911
1209,0.1103704073546661
1210,0.1102385099659415
1211,0.1101068767989289
1212,0.1099755073243212
1213,0.1098444010137172
1214,0.1097135573402153
1215,0.1095829757775488
1216,0.1094526558007523
1217,0.109322596885605
1218,0.1091927985092758
1219,0.1090632601498879
1220,0.1089339812864064
1221,0.1088049613992346
1222,0.1086761999693373
1223,0.1085476964790644
1224,0.1084194504117265
1225,0.1082914612516371
1226,0.1081637284841415
1227,0.1080362515955888
1228,0.1079090300734737
1229,0.1077820634061297
1230,0.1076553510831351
1231,0.1075288925948922
1232,0.1074026874329506
1233,0.107276735089862
1234,0.1071510350590865
1235,0.1070255868352589
1236,0.1069003899139258
1237,0.1067754437916561
1238,0.1066507479660588
1239,0.1065263019356971
1240,0.1064021052001648
1241,0.1062781572601972
1242,0.106154457617234
1243,0.1060310057739055
1244,0.105907801233978
1245,0.1057848435018036
1246,0.1056621320831414
1247,0.1055396664844728
1248,0.105417446213369
1249,0.1052954707784283
1250,0.1051737396891748
1251,0.1050522524560809
1252,0.1049310085907141
1253,0.1048100076055444
1254,0.1046892490138301
1255,0.1045687323303984
1256,0.1044484570702387
1257,0.1043284227499853
1258,0.1042086288868377
1259,0.1040890749992632
1260,0.1039697606063427
1261,0.1038506852284321
1262,0.1037318483866602
1263,0.1036132496032354
1264,0.1034948884012401
1265,0.1033767643048034
1266,0.1032588768389328
1267,0.1031412255294049
1268,0.1030238099034283
1269,0.1029066294887405
1270,0.102789683814152
1271,0.1026729724094434
1272,0.1025564948053043
1273,0.1024402505333756
1274,0.1023242391262073
1275,0.1022084601174942
1276,0.1020929130414102
1277,0.1019775974335421
1278,0.10186251283004
1279,0.1017476587683636
1280,0.1016330347864642
1281,0.1015186404236358
1282,0.1014044752196723
1283,0.1012905387157879
1284,0.1011768304536295
1285,0.1010633499760802
1286,0.1009500968267511
1287,0.1008370705502952
1288,0.1007242706922367
1289,0.1006116967989909
1290,0.1004993484179693
1291,0.1003872250972628
1292,0.1002753263861283
1293,0.1001636518346676
1294,0.1000522009937039
1295,0.09994097341522823
1296,0.09982996865188289
1297,0.09971918625730218
1298,0.09960862578625955
1299,0.09949828679385471
1300,0.09938816883666136
1301,0.09927827147172685
1302,0.0991685942573307
1303,0.09905913675229393
1304,0.0989498985165779
1305,0.09884087911089585
1306,0.09873207809692988
1307,0.09862349503708996
1308,0.09851512949485529
1309,0.09840698103448328
1310,0.09829904922107423
1311,0.09819133362059625
1312,0.09808383380002049
1313,0.09797654932707103
1314,0.09786947977027595
1315,0.09776262469914333
1316,0.0976559836839949
1317,0.09754955629603028
1318,0.09744334210737338
1319,0.09733734069089786
1320,0.09723155162034092
1321,0.09712597447033239
1322,0.09702060881633372
1323,0.09691545423469243
1324,0.09681051030266463
1325,0.09670577659806276
1326,0.09660125269988376
1327,0.09649693818785876
1328,0.09639283264243786
1329,0.09628893564510323
1330,0.09618524677810855
1331,0.09608176562439993
1332,0.09597849176795369
1333,0.09587542479354474
1334,0.09577256428658655
1335,0.09566990983368677
1336,0.09556746102186056
1337,0.09546521743934673
1338,0.09536317867487694
1339,0.09526134431817908
1340,0.09515971395986507
1341,0.09505828719122658
1342,0.09495706360437178
1343,0.09485604279233768
1344,0.09475522434900911
1345,0.09465460786876849
1346,0.09455419294719032
1347,0.09445397918048551
1348,0.09435396616565812
1349,0.09425415350070808
1350,0.09415454078399094
1351,0.09405512761516864
1352,0.09395591359453932
1353,0.09385689832298312
1354,0.09375808140247832
1355,0.09365946243566874
1356,0.09356104102604788
1357,0.09346281677778033
1358,0.09336478929587871
1359,0.09326695818630303
1360,0.09316932305558635
1361,0.09307188351113535
1362,0.09297463916124177
1363,0.09287758961470939
1364,0.09278073448136434
1365,0.09268407337188933
1366,0.09258760589742539
1367,0.09249133167017171
1368,0.09239525030302823
1369,0.09229936140956886
1370,0.09220366460424521
1371,0.0921081595023831
1372,0.09201284571973764
1373,0.09191772287327814
1374,0.09182279058024292
1375,0.09172804845923431
1376,0.09163349612899066
1377,0.09153913320951824
1378,0.09144495932127832
1379,0.0913509740856432
1380,0.09125717712469376
1381,0.09116356806128499
1382,0.09107014651896833
1383,0.09097691212216034
1384,0.09088386449586396
1385,0.09079100326599432
1386,0.09069832805920727
1387,0.0906058385027471
1388,0.09051353422484926
1389,0.09042141485414124
1390,0.09032948002047195
1391,0.09023772935397448
1392,0.09014616248582405
1393,0.09005477904776323
1394,0.0899635786723313
1395,0.08987256099281421
1396,0.08978172564336524
1397,0.08969107225855683
1398,0.08960060047401704
1399,0.08951030992580757
1400,0.08942020025102707
1401,0.08933027108713296
1402,0.08924052207270912
1403,0.08915095284678437
1404,0.08906156304929515
1405,0.08897235232065022
1406,0.08888332030226712
1407,0.08879446663608812
1408,0.08870579096479127
1409,0.08861729293194177
1410,0.08852897218152792
1411,0.08844082835858025
1412,0.08835286110851658
1413,0.08826507007768818
1414,0.08817745491306586
1415,0.08809001526234247
1416,0.08800275077401683
1417,0.087915661097049
1418,0.08782874588131859
1419,0.08774200477742544
1420,0.08765543743642883
1421,0.08756904351031564
1422,0.08748282265173515
1423,0.08739677451393212
1424,0.08731089875087109
1425,0.08722519501737039
1426,0.0871396629687235
1427,0.08705430226101027
1428,0.08696911255091329
1429,0.08688409349615565
1430,0.08679924475458041
1431,0.08671456598507986
1432,0.08663005684723345
1433,0.0865457170012833
1434,0.08646154610788033
1435,0.08637754382882158
1436,0.08629370982619436
1437,0.08621004376289594
1438,0.08612654530255572
1439,0.08604321410937935
1440,0.08596004984829662
1441,0.08587705218488448
1442,0.08579422078552983
1443,0.08571155531708366
1444,0.08562905544706136
1445,0.08554672084385462
1446,0.08546455117631149
1447,0.0853825461141257
1448,0.08530070532747677
1449,0.08521902848725277
1450,0.08513751526511172
1451,0.08505616533335962
1452,0.08497497836463293
1453,0.08489395403266942
1454,0.0848130920116265
1455,0.08473239197644671
1456,0.08465185360234313
1457,0.08457147656582333
1458,0.08449126054346133
1459,0.08441120521283615
1460,0.0843313102519874
1461,0.08425157533967784
1462,0.08417200015520007
1463,0.08409258437870369
1464,0.08401332769087662
1465,0.0839342297728357
1466,0.08385529030672002
1467,0.08377650897501959
1468,0.08369788546101654
1469,0.08361941944848293
1470,0.08354111062198563
1471,0.08346295866654427
1472,0.08338496326807969
1473,0.08330712411273782
1474,0.08322944088775611
1475,0.08315191328062564
1476,0.08307454097969991
1477,0.08299732367375712
1478,0.08292026105234365
1479,0.08284335280559253
1480,0.0827665986242949
1481,0.08268999819985835
1482,0.08261355122411385
1483,0.08253725738979602
1484,0.08246111639010904
1485,0.08238512791888064
1486,0.0823092916704571
1487,0.08223360734012586
1488,0.08215807462334331
1489,0.08208269321647163
1490,0.08200746281643617
1491,0.08193238312074336
1492,0.0818574538274153
1493,0.08178267463516652
1494,0.08170804524338711
1495,0.08163356535195687
1496,0.08155923466134563
1497,0.08148505287273396
1498,0.08141101968779269
1499,0.08133713480883072
1500,0.08126339793879221
