#Pareto aproximation (linear regression) vs Original set
#ParetoLr(x), ParetoLr(CDF) 
1e-08,0
1.020960662306048e-08,0
1.042360673976401e-08,0
1.064209244064725e-08,0
1.086515774652537e-08,0
1.109289864895223e-08,0
1.132541315152813e-08,0
1.156280131207375e-08,0
1.180516528568806e-08,0
1.205260936870841e-08,0
1.230524004359262e-08,0
1.256316602474122e-08,0
1.28264983052806e-08,0
1.309535020482668e-08,0
1.336983741824945e-08,0
1.365007806546014e-08,0
1.393619274224144e-08,0
1.422830457214352e-08,0
1.452653925946781e-08,0
1.483102514336103e-08,0
1.514189325304352e-08,0
1.545927736419478e-08,0
1.578331405652117e-08,0
1.61141427725302e-08,0
1.645190587753661e-08,0
1.679674872092653e-08,0
1.714881969870541e-08,0
1.750827031735723e-08,0
1.787525525904235e-08,0
1.824993244816151e-08,0
1.86324631193156e-08,0
1.902301188668946e-08,0
1.942174681489025e-08,0
1.982883949127072e-08,0
2.024446509976802e-08,0
2.066880249629082e-08,0
2.110203428568597e-08,0
2.154434690031882e-08,0
2.199593068030075e-08,0
2.245697995539776e-08,0
2.292769312865649e-08,0
2.340827276178294e-08,0
2.389892566231048e-08,0
2.43998629725955e-08,0
2.491130026067791e-08,0
2.543345761304648e-08,0
2.596655972934873e-08,0
2.651083601908536e-08,0
2.706652070033241e-08,0
2.763385290053173e-08,0
2.821307675939471e-08,0
2.880444153396298e-08,0
2.940820170587061e-08,0
3.002461709085549e-08,0
3.06539529505653e-08,0
3.12964801067075e-08,0
3.195247505759214e-08,0
3.262222009711667e-08,0
3.330600343624589e-08,0
3.40041193270371e-08,0
3.471686818926559e-08,0
3.544455673970436e-08,0
3.618749812411276e-08,0
3.694601205199302e-08,0
3.772042493417001e-08,0
3.851107002325569e-08,0
3.93182875570577e-08,0
4.014242490499318e-08,0
4.098383671757262e-08,0
4.184288507901584e-08,0
4.271993966306777e-08,0
4.361537789208006e-08,0
4.45295850994266e-08,0
4.546295469532399e-08,0
4.641588833612782e-08,0
4.738879609717651e-08,0
4.838209664925958e-08,0
4.939621743878326e-08,0
5.043159487171359e-08,0.002189491213971939
5.148867450137498e-08,0.007454183983900409
5.256791122018419e-08,0.0126910989445973
5.366976945540476e-08,0.01790038265859262
5.479472336900293e-08,0.0230821809151146
5.594325706169378e-08,0.02823663873417226
5.711586478126435e-08,0.03336390037061454
5.831305113526219e-08,0.0384641093181648
5.95353313081437e-08,0.04353740831344011
6.078323128297236e-08,0.04858393933994298
6.2057288067765e-08,0.05360384363203574
6.335804992658255e-08,0.05859726167889567
6.46860766154632e-08,0.06356433322844202
6.604193962330306e-08,0.06850519729125226
6.742622241778349e-08,0.0734199921444485
6.883952069645497e-08,0.07830885533556875
7.028244264308353e-08,0.08317192368641768
7.175560918936921e-08,0.08800933329689331
7.32596542821523e-08,0.09282121954879852
7.479522515621828e-08,0.09760771710962757
7.636298261282242e-08,0.102368959936336
7.796360130405237e-08,0.1071050812790908
7.959777002314978e-08,0.1118162136849967
8.126619200091946e-08,0.1165024890018095
8.296958520834915e-08,0.121164038381622
8.470868266557402e-08,0.125800992284537
8.648423275731727e-08,0.1304134804823188
8.829699955494083e-08,0.1350016320620224
9.014776314524918e-08,0.1395655754296098
9.20373199661823e-08,0.1441054383135402
9.396648314954691e-08,0.1486213477683459
9.593608287093146e-08,0.1531134301781901
9.794696670695386e-08,0.1575818112604003
1e-07,0.16202661606899
1.020960662306048e-07,0.1664479689981564
1.042360673976401e-07,0.1708459937857618
1.064209244064725e-07,0.175220813516799
1.086515774652537e-07,0.1795725506268321
1.109289864895223e-07,0.183901326905427
1.132541315152813e-07,0.188207263499557
1.156280131207375e-07,0.1924904809169938
1.180516528568806e-07,0.1967510990296825
1.205260936870841e-07,0.2009892370770918
1.230524004359261e-07,0.2052050136695563
1.256316602474121e-07,0.2093985467915918
1.28264983052806e-07,0.2135699538051988
1.309535020482668e-07,0.2177193514531486
1.336983741824945e-07,0.2218468558622471
1.365007806546014e-07,0.2259525825465886
1.393619274224144e-07,0.2300366464107853
1.422830457214352e-07,0.2340991617531847
1.452653925946781e-07,0.2381402422690693
1.483102514336103e-07,0.2421600010538359
1.514189325304352e-07,0.2461585506061639
1.545927736419479e-07,0.2501360028311606
1.578331405652117e-07,0.2540924690434949
1.61141427725302e-07,0.2580280599705133
1.645190587753661e-07,0.2619428857553361
1.679674872092653e-07,0.2658370559599429
1.714881969870541e-07,0.2697106795682366
1.750827031735723e-07,0.273563864989094
1.787525525904236e-07,0.2773967200594015
1.824993244816151e-07,0.2812093520470702
1.86324631193156e-07,0.2850018676540405
1.902301188668946e-07,0.2887743730192663
1.942174681489024e-07,0.2925269737216868
1.982883949127071e-07,0.2962597747831813
2.024446509976802e-07,0.2999728806715067
2.066880249629082e-07,0.3036663953032241
2.110203428568597e-07,0.3073404220466041
2.154434690031882e-07,0.3109950637245206
2.199593068030075e-07,0.3146304226173307
2.245697995539772e-07,0.3182466004657329
2.292769312865649e-07,0.3218436984736192
2.340827276178294e-07,0.3254218173109034
2.389892566231048e-07,0.3289810571163402
2.43998629725955e-07,0.332521517500329
2.491130026067786e-07,0.3360432975476987
2.543345761304648e-07,0.339546495820484
2.596655972934872e-07,0.3430312103606807
2.651083601908536e-07,0.3464975386929915
2.706652070033241e-07,0.3499455778275555
2.763385290053167e-07,0.3533754242626613
2.82130767593947e-07,0.3567871739874505
2.880444153396298e-07,0.360180922484601
2.940820170587061e-07,0.3635567647330009
3.002461709085549e-07,0.3669147952104075
3.065395295056524e-07,0.3702551078960888
3.12964801067075e-07,0.3735777962734567
3.195247505759214e-07,0.3768829533326804
3.262222009711673e-07,0.3801706715732909
3.330600343624589e-07,0.3834410430067683
3.400411932703703e-07,0.3866941591591184
3.471686818926559e-07,0.3899301110734336
3.544455673970435e-07,0.3931489893124395
3.618749812411284e-07,0.3963508839610311
3.694601205199302e-07,0.3995358846287934
3.772042493416994e-07,0.4027040804525096
3.851107002325569e-07,0.4058555600986553
3.93182875570577e-07,0.4089904117658796
4.014242490499326e-07,0.4121087231874742
4.098383671757261e-07,0.4152105816338281
4.184288507901585e-07,0.4182960739148712
4.271993966306776e-07,0.4213652863825019
4.361537789208006e-07,0.424418304933006
4.45295850994266e-07,0.4274552150094585
4.5462954695324e-07,0.4304761016041155
4.641588833612782e-07,0.4334810492607946
4.738879609717651e-07,0.4364701420772378
4.838209664925957e-07,0.4394434637074682
4.939621743878326e-07,0.442401097364129
5.043159487171359e-07,0.445343125820813
5.148867450137498e-07,0.4482696314143801
5.25679112201842e-07,0.4511806960472595
5.366976945540476e-07,0.4540764011897443
5.479472336900293e-07,0.4569568278822698
5.594325706169378e-07,0.4598220567376817
5.711586478126435e-07,0.4626721679434936
5.831305113526218e-07,0.465507241264129
5.95353313081437e-07,0.468327356043156
6.078323128297237e-07,0.4711325912055054
6.205728806776501e-07,0.4739230252596811
6.335804992658255e-07,0.4766987362999575
6.468607661546321e-07,0.4794598020085634
6.604193962330305e-07,0.4822062996578584
6.742622241778349e-07,0.4849383061124931
6.883952069645496e-07,0.4876558978315616
7.028244264308353e-07,0.4903591508707417
7.175560918936921e-07,0.4930481408844218
7.32596542821523e-07,0.4957229431278204
7.479522515621828e-07,0.4983836324590901
7.636298261282241e-07,0.5010302833414135
7.796360130405236e-07,0.5036629698450882
7.959777002314978e-07,0.5062817656495975
8.126619200091945e-07,0.5088867440456746
8.296958520834915e-07,0.5114779779373526
8.470868266557403e-07,0.5140555398440044
8.648423275731727e-07,0.5166195019023743
8.829699955494083e-07,0.5191699358685938
9.014776314524917e-07,0.5217069131201931
9.20373199661823e-07,0.524230504658096
9.396648314954691e-07,0.5267407811086078
9.593608287093148e-07,0.5292378127253932
9.794696670695385e-07,0.5317216693914404
1e-06,0.5341924206210185
1.020960662306047e-06,0.5366501355616218
1.042360673976401e-06,0.5390948829959052
1.064209244064725e-06,0.5415267313436108
1.086515774652537e-06,0.5439457486634796
1.109289864895223e-06,0.5463520026551596
1.132541315152813e-06,0.5487455606610976
1.156280131207375e-06,0.5511264896684256
1.180516528568805e-06,0.5534948563108357
1.205260936870841e-06,0.5558507268704431
1.230524004359262e-06,0.5581941672796438
1.256316602474121e-06,0.5605252431229568
1.28264983052806e-06,0.562844019638862
1.309535020482668e-06,0.5651505617216251
1.336983741824945e-06,0.5674449339231132
1.365007806546014e-06,0.5697272004546028
1.393619274224143e-06,0.5719974251885751
1.422830457214352e-06,0.5742556716605046
1.452653925946781e-06,0.5765020030706378
1.483102514336103e-06,0.5787364822857601
1.514189325304352e-06,0.5809591718409574
1.545927736419479e-06,0.5831701339413644
1.57833140565212e-06,0.5853694304639065
1.61141427725302e-06,0.5875571229590313
1.645190587753661e-06,0.5897332726524311
1.679674872092653e-06,0.5918979404467569
1.714881969870541e-06,0.5940511869233217
1.750827031735727e-06,0.5961930723437969
1.787525525904235e-06,0.5983236566518986
1.82499324481615e-06,0.6004429994750652
1.86324631193156e-06,0.6025511601261262
1.902301188668946e-06,0.604648197604962
1.942174681489028e-06,0.6067341706001549
1.982883949127071e-06,0.6088091374906319
2.024446509976802e-06,0.6108731563472991
2.066880249629082e-06,0.6129262849346657
2.110203428568597e-06,0.6149685807124613
2.154434690031886e-06,0.6170001008372439
2.199593068030075e-06,0.6190209021639993
2.245697995539772e-06,0.6210310412477329
2.292769312865649e-06,0.6230305743450519
2.340827276178294e-06,0.6250195574157396
2.389892566231052e-06,0.6269980461243219
2.43998629725955e-06,0.6289660958416248
2.491130026067786e-06,0.6309237616463249
2.543345761304648e-06,0.6328710983264898
2.596655972934872e-06,0.6348081603811115
2.651083601908542e-06,0.6367350020216326
2.706652070033241e-06,0.6386516771734622
2.763385290053167e-06,0.6405582394774862
2.821307675939471e-06,0.6424547422915681
2.880444153396298e-06,0.644341238692042
2.940820170587067e-06,0.646217781475198
3.002461709085549e-06,0.6480844231587604
3.065395295056524e-06,0.6499412159833571
3.129648010670751e-06,0.6517882119139818
3.195247505759214e-06,0.6536254626414477
3.262222009711673e-06,0.6554530195838351
3.330600343624589e-06,0.6572709338879291
3.400411932703702e-06,0.6590792564306529
3.47168681892656e-06,0.6608780378204899
3.544455673970436e-06,0.662667328398901
3.618749812411284e-06,0.6644471782417329
3.694601205199302e-06,0.6662176371606203
3.772042493416993e-06,0.6679787547043791
3.851107002325569e-06,0.6697305801603939
3.93182875570577e-06,0.6714731625559968
4.014242490499326e-06,0.6732065506598395
4.098383671757261e-06,0.6749307929832582
4.184288507901576e-06,0.6766459377816323
4.271993966306777e-06,0.6783520330557331
4.361537789208005e-06,0.6800491265530685
4.45295850994266e-06,0.6817372657692186
4.5462954695324e-06,0.683416497949165
4.641588833612773e-06,0.6850868700886139
4.738879609717651e-06,0.6867484289353103
4.838209664925957e-06,0.6884012209903463
4.939621743878326e-06,0.6900452925094632
5.043159487171359e-06,0.6916806895043455
5.148867450137487e-06,0.6933074577439088
5.25679112201842e-06,0.694925642755581
5.366976945540476e-06,0.6965352898265759
5.479472336900293e-06,0.6981364440051605
5.594325706169378e-06,0.6997291501019166
5.711586478126423e-06,0.7013134526909942
5.831305113526219e-06,0.7028893961113594
5.95353313081437e-06,0.7044570244680348
6.078323128297237e-06,0.7060163816333339
6.205728806776501e-06,0.7075675112480894
6.335804992658241e-06,0.7091104567228743
6.468607661546321e-06,0.7106452612392169
6.604193962330305e-06,0.7121719677508087
6.742622241778349e-06,0.7136906189847074
6.883952069645496e-06,0.7152012574425322
7.028244264308338e-06,0.716703925401653
7.175560918936921e-06,0.7181986649163747
7.32596542821523e-06,0.7196855178191126
7.479522515621829e-06,0.7211645257215644
7.636298261282242e-06,0.7226357300158739
7.796360130405221e-06,0.7240991718757901
7.959777002314978e-06,0.7255548922578193
8.126619200091945e-06,0.7270029319023711
8.296958520834915e-06,0.7284433313348985
8.470868266557402e-06,0.7298761308670323
8.648423275731709e-06,0.7313013705977097
8.829699955494083e-06,0.7327190904142959
9.014776314524917e-06,0.7341293299937004
9.20373199661823e-06,0.7355321288034876
9.396648314954691e-06,0.7369275261029813
9.593608287093147e-06,0.7383155609443641
9.794696670695386e-06,0.7396962721737688
1e-05,0.7410696984323673
1.020960662306048e-05,0.7424358781574505
1.042360673976401e-05,0.7437948495835052
1.064209244064725e-05,0.7451466507432837
1.086515774652537e-05,0.7464913194688678
1.109289864895223e-05,0.7478288933927284
1.132541315152813e-05,0.7491594099487782
1.156280131207375e-05,0.7504829063734187
1.180516528568806e-05,0.7517994197065843
1.205260936870841e-05,0.7531089867927763
1.230524004359262e-05,0.7544116442820963
1.256316602474121e-05,0.7557074286312706
1.28264983052806e-05,0.756996376104671
1.309535020482668e-05,0.7582785227753296
1.336983741824945e-05,0.7595539045259481
1.365007806546014e-05,0.7608225570499025
1.393619274224143e-05,0.762084515852242
1.422830457214352e-05,0.7633398162506819
1.452653925946781e-05,0.7645884933765932
1.483102514336103e-05,0.7658305821759845
1.514189325304352e-05,0.7670661174104815
1.545927736419479e-05,0.7682951336582983
1.578331405652116e-05,0.7695176653152062
1.61141427725302e-05,0.7707337465954961
1.645190587753661e-05,0.7719434115329357
1.679674872092653e-05,0.7731466939817223
1.714881969870541e-05,0.7743436276174301
1.750827031735727e-05,0.7755342459379529
1.787525525904236e-05,0.776718582264441
1.82499324481615e-05,0.7778966697422346
1.86324631193156e-05,0.7790685413417908
1.902301188668946e-05,0.7802342298596064
1.942174681489028e-05,0.781393767919136
1.982883949127071e-05,0.7825471879717043
2.024446509976802e-05,0.7836945222974159
2.066880249629082e-05,0.7848358030060568
2.110203428568597e-05,0.7859710620379943
2.154434690031887e-05,0.7871003311650703
2.199593068030075e-05,0.7882236419914906
2.245697995539772e-05,0.7893410259547098
2.292769312865649e-05,0.7904525143263106
2.340827276178294e-05,0.7915581382128791
2.389892566231053e-05,0.7926579285568757
2.43998629725955e-05,0.7937519161375002
2.491130026067786e-05,0.7948401315715543
2.543345761304648e-05,0.795922605314298
2.596655972934872e-05,0.7969993676603019
2.651083601908542e-05,0.7980704487442944
2.706652070033241e-05,0.7991358785420063
2.763385290053167e-05,0.8001956868710089
2.821307675939471e-05,0.801249903391549
2.880444153396298e-05,0.8022985576073782
2.940820170587067e-05,0.8033416788665793
3.002461709085549e-05,0.804379296362387
3.065395295056524e-05,0.8054114391340061
3.12964801067075e-05,0.8064381360674233
3.195247505759214e-05,0.8074594158962152
3.262222009711673e-05,0.8084753072023533
3.330600343624589e-05,0.8094858384170036
3.400411932703703e-05,0.8104910378213226
3.471686818926559e-05,0.8114909335472481
3.544455673970435e-05,0.8124855535782871
3.618749812411284e-05,0.8134749257502986
3.694601205199302e-05,0.8144590777522728
3.772042493416993e-05,0.8154380371271062
3.851107002325569e-05,0.8164118312723722
3.93182875570577e-05,0.8173804874410877
4.014242490499326e-05,0.8183440327424761
4.098383671757261e-05,0.8193024941427258
4.184288507901576e-05,0.8202558984657453
4.271993966306776e-05,0.8212042723939132
4.361537789208006e-05,0.8221476424688257
4.45295850994266e-05,0.8230860350920386
4.5462954695324e-05,0.8240194765258068
4.641588833612772e-05,0.8249479928938193
4.738879609717651e-05,0.82587161018193
4.838209664925957e-05,0.8267903542388851
4.939621743878326e-05,0.8277042507770462
5.043159487171359e-05,0.8286133253731106
5.148867450137487e-05,0.8295176034688263
5.256791122018419e-05,0.8304171103717048
5.366976945540476e-05,0.8313118712557287
5.479472336900293e-05,0.8322019111620564
5.594325706169377e-05,0.8330872549997231
5.711586478126424e-05,0.8339679275463382
5.831305113526218e-05,0.8348439534487778
5.95353313081437e-05,0.8357153572238754
6.078323128297237e-05,0.8365821632591075
6.2057288067765e-05,0.8374443958132762
6.335804992658241e-05,0.8383020790171887
6.468607661546321e-05,0.8391552368743318
6.604193962330305e-05,0.8400038932615438
6.742622241778349e-05,0.8408480719296834
6.883952069645496e-05,0.8416877965042935
7.028244264308338e-05,0.8425230904862633
7.175560918936922e-05,0.8433539772524854
7.32596542821523e-05,0.84418048005651
7.479522515621829e-05,0.8450026220291961
7.636298261282242e-05,0.8458204261793583
7.79636013040522e-05,0.8466339153944114
7.959777002314978e-05,0.8474431124410106
8.126619200091945e-05,0.8482480399656883
8.296958520834916e-05,0.8490487204954886
8.470868266557403e-05,0.8498451764385972
8.648423275731709e-05,0.8506374300849686
8.829699955494083e-05,0.8514255036069506
9.014776314524917e-05,0.8522094190599037
9.203731996618231e-05,0.8529891983828188
9.39664831495469e-05,0.8537648633989319
9.593608287093147e-05,0.8545364358163339
9.794696670695385e-05,0.8553039372285783
0.0001,0.8560673891152865
0.0001020960662306048,0.8568268128427471
0.0001042360673976401,0.8575822296645155
0.0001064209244064725,0.8583336607220083
0.0001086515774652537,0.8590811270450945
0.0001109289864895223,0.8598246495526845
0.0001132541315152813,0.8605642490533151
0.0001156280131207375,0.8612999462457325
0.0001180516528568806,0.8620317617194713
0.0001205260936870841,0.8627597159554303
0.0001230524004359262,0.8634838293264464
0.0001256316602474122,0.8642041220978643
0.000128264983052806,0.8649206144281036
0.0001309535020482668,0.8656333263692235
0.0001336983741824945,0.8663422778674833
0.0001365007806546014,0.8670474887639013
0.0001393619274224143,0.8677489787948091
0.0001422830457214352,0.8684467675924052
0.0001452653925946781,0.8691408746853037
0.0001483102514336103,0.8698313194990805
0.0001514189325304352,0.8705181213568181
0.0001545927736419478,0.8712012994796451
0.0001578331405652116,0.8718808729872749
0.000161141427725302,0.8725568608985408
0.0001645190587753661,0.8732292821319279
0.0001679674872092653,0.8738981555061025
0.0001714881969870541,0.8745634997404395
0.0001750827031735723,0.8752253334555454
0.0001787525525904235,0.8758836751737801
0.0001824993244816151,0.8765385433197747
0.000186324631193156,0.8771899562209478
0.0001902301188668946,0.8778379321080174
0.0001942174681489025,0.8784824891155126
0.0001982883949127071,0.8791236452822798
0.0002024446509976802,0.879761418551988
0.0002066880249629082,0.8803958267736312
0.0002110203428568597,0.8810268877020275
0.0002154434690031882,0.8816546189983164
0.0002199593068030075,0.8822790382304531
0.0002245697995539772,0.8829001628736993
0.0002292769312865649,0.8835180103111137
0.0002340827276178294,0.8841325978340373
0.0002389892566231048,0.8847439426425778
0.000243998629725955,0.8853520618460911
0.0002491130026067791,0.8859569724636596
0.0002543345761304648,0.886558691424569
0.0002596655972934873,0.8871572355687822
0.0002651083601908536,0.88775262164741
0.0002706652070033241,0.8883448663231804
0.0002763385290053172,0.8889339861709047
0.0002821307675939471,0.8895199976779414
0.0002880444153396298,0.8901029172446578
0.000294082017058706,0.8906827611848886
0.0003002461709085549,0.8912595457263931
0.000306539529505653,0.8918332870113085
0.000312964801067075,0.8924040010966023
0.0003195247505759214,0.8929717039545219
0.0003262222009711667,0.8935364114730405
0.0003330600343624589,0.894098139456303
0.000340041193270371,0.8946569036250676
0.000347168681892656,0.8952127196171458
0.0003544455673970436,0.8957656029878402
0.0003618749812411277,0.8963155692103802
0.0003694601205199302,0.8968626336763542
0.0003772042493417001,0.8974068116961409
0.0003851107002325569,0.8979481184993378
0.000393182875570577,0.8984865692351872
0.0004014242490499318,0.8990221789730004
0.0004098383671757261,0.8995549627025792
0.0004184288507901585,0.9000849353346356
0.0004271993966306776,0.9006121117012091
0.0004361537789208006,0.9011365065560816
0.0004452958509942651,0.9016581345751904
0.0004546295469532399,0.9021770103570392
0.0004641588833612782,0.9026931484231061
0.0004738879609717651,0.9032065632182505
0.0004838209664925957,0.9037172691111173
0.0004939621743878316,0.9042252803945385
0.0005043159487171359,0.9047306112859342
0.0005148867450137498,0.9052332759277094
0.0005256791122018419,0.9057332883876505
0.0005366976945540476,0.9062306626593188
0.0005479472336900282,0.9067254126624422
0.0005594325706169377,0.9072175522433046
0.0005711586478126435,0.9077070951751337
0.0005831305113526219,0.9081940551584859
0.000595353313081437,0.9086784458216306
0.0006078323128297224,0.9091602807209306
0.0006205728806776501,0.9096395733412225
0.0006335804992658254,0.9101163370961933
0.0006468607661546321,0.910590585328756
0.0006604193962330305,0.9110623313114236
0.0006742622241778335,0.9115315882466793
0.0006883952069645496,0.9119983692673477
0.0007028244264308353,0.9124626874369607
0.0007175560918936921,0.912924555750124
0.000732596542821523,0.9133839871328805
0.0007479522515621828,0.9138409944430724
0.0007636298261282241,0.9142955904707006
0.0007796360130405237,0.9147477879382827
0.0007959777002314978,0.9151975995012094
0.0008126619200091946,0.9156450377480984
0.0008296958520834915,0.9160901152011465
0.0008470868266557402,0.9165328443164806
0.0008648423275731727,0.9169732374845063
0.0008829699955494083,0.9174113070302536
0.0009014776314524918,0.9178470652137234
0.000920373199661823,0.9182805242302294
0.000939664831495469,0.9187116962107399
0.0009593608287093146,0.9191405932222173
0.0009794696670695387,0.9195672272679556
0.001,0.9199916102879169
0.001020960662306047,0.9204137541590647
0.001042360673976401,0.9208336706956967
0.001064209244064725,0.9212513716497759
0.001086515774652537,0.9216668687112586
0.001109289864895223,0.9220801735084223
0.001132541315152813,0.9224912976081909
0.001156280131207375,0.9229002525164581
0.001180516528568806,0.92330704967841
0.001205260936870841,0.9237117004788448
0.001230524004359262,0.9241142162424919
0.001256316602474122,0.9245146082343287
0.00128264983052806,0.9249128876598957
0.001309535020482668,0.92530906566561
0.001336983741824945,0.925703153339078
0.001365007806546014,0.926095161709405
0.001393619274224143,0.9264851017475035
0.001422830457214352,0.9268729843664016
0.001452653925946781,0.9272588204215471
0.001483102514336103,0.9276426207111117
0.001514189325304352,0.9280243959762937
0.001545927736419478,0.9284041569016179
0.001578331405652117,0.9287819141152351
0.00161141427725302,0.9291576781892192
0.001645190587753661,0.9295314596398635
0.001679674872092653,0.9299032689279745
0.001714881969870541,0.9302731164591651
0.001750827031735723,0.9306410125841454
0.001787525525904235,0.931006967599013
0.00182499324481615,0.9313709917455404
0.00186324631193156,0.9317330952114622
0.001902301188668946,0.93209328813076
0.001942174681489024,0.9324515805839457
0.001982883949127072,0.9328079825983447
0.002024446509976802,0.9331625041483751
0.002066880249629082,0.9335151551558276
0.002110203428568597,0.9338659454901435
0.002154434690031882,0.9342148849686901
0.002199593068030075,0.934561983357036
0.002245697995539772,0.9349072503692243
0.002292769312865649,0.9352506956680444
0.002340827276178294,0.9355923288653025
0.002389892566231048,0.9359321595220906
0.00243998629725955,0.9362701971490538
0.002491130026067791,0.936606451206657
0.002543345761304648,0.936940931105449
0.002596655972934872,0.9372736462063267
0.002651083601908536,0.9376046058207962
0.002706652070033241,0.9379338192112342
0.002763385290053173,0.9382612955911465
0.002821307675939471,0.9385870441254263
0.002880444153396298,0.9389110739306106
0.002940820170587061,0.9392333940751353
0.003002461709085549,0.939554013579589
0.00306539529505653,0.9398729414169655
0.00312964801067075,0.940190186512915
0.003195247505759214,0.9405057577459934
0.003262222009711667,0.9408196639479115
0.003330600343624588,0.9411319139037818
0.00340041193270371,0.9414425163523643
0.003471686818926559,0.9417514799863111
0.003544455673970436,0.94205881345241
0.003618749812411277,0.942364525351826
0.003694601205199302,0.9426686242403421
0.003772042493417001,0.9429711186285995
0.003851107002325569,0.9432720169823344
0.003931828755705771,0.9435713277226162
0.004014242490499318,0.9438690592260826
0.004098383671757262,0.9441652198251739
0.004184288507901585,0.9444598178083667
0.004271993966306777,0.9447528614204054
0.004361537789208006,0.945044358862533
0.004452958509942651,0.945334318292721
0.0045462954695324,0.9456227478258973
0.004641588833612782,0.9459096555341733
0.004738879609717651,0.9461950494470703
0.004838209664925958,0.9464789375517436
0.004939621743878316,0.9467613277932063
0.005043159487171359,0.9470422280745521
0.005148867450137497,0.9473216462571754
0.005256791122018419,0.9475995901609923
0.005366976945540477,0.9478760675646593
0.005479472336900281,0.9481510862057903
0.005594325706169377,0.9484246537811739
0.005711586478126435,0.9486967779469889
0.005831305113526219,0.9489674663190177
0.00595353313081437,0.9492367264728602
0.006078323128297224,0.9495045659441456
0.0062057288067765,0.9497709922287431
0.006335804992658254,0.9500360127829721
0.006468607661546321,0.9502996350238105
0.006604193962330305,0.9505618663291024
0.006742622241778335,0.9508227140377646
0.006883952069645496,0.951082185449992
0.007028244264308352,0.9513402878274619
0.007175560918936921,0.9515970283935372
0.00732596542821523,0.9518524143334685
0.007479522515621813,0.9521064527945952
0.007636298261282242,0.9523591508865458
0.007796360130405237,0.9526105156814366
0.007959777002314978,0.9528605542140695
0.008126619200091946,0.9531092734821293
0.008296958520834915,0.9533566804463791
0.008470868266557402,0.9536027820308555
0.008648423275731726,0.9538475851230619
0.008829699955494083,0.9540910965741619
0.009014776314524917,0.9543333231991705
0.00920373199661823,0.954574271777145
0.009396648314954691,0.9548139490513747
0.009593608287093146,0.9550523617295698
0.009794696670695385,0.9552895164840487
0.01,0.9555254199519254
0.01020960662306048,0.9557600787352946
0.01042360673976401,0.9559934994014166
0.01064209244064725,0.9562256884829018
0.01086515774652537,0.9564566524778922
0.01109289864895223,0.9566863978502446
0.01132541315152813,0.9569149310297105
0.01156280131207375,0.9571422584121166
0.01180516528568806,0.957368386359544
0.01205260936870841,0.9575933212005052
0.01230524004359262,0.9578170692301227
0.01256316602474121,0.9580396367103036
0.0128264983052806,0.9582610298699162
0.01309535020482668,0.9584812549049636
0.01336983741824945,0.9587003179787573
0.01365007806546014,0.9589182252220897
0.01393619274224144,0.9591349827334054
0.01422830457214352,0.9593505965789723
0.01452653925946781,0.9595650727930511
0.01483102514336103,0.9597784173780646
0.01514189325304352,0.9599906363047648
0.01545927736419479,0.960201735512401
0.01578331405652117,0.9604117209088852
0.0161141427725302,0.960620598370958
0.01645190587753661,0.960828373744353
0.01679674872092653,0.9610350528439602
0.01714881969870541,0.9612406414539887
0.01750827031735723,0.9614451453281285
0.01787525525904235,0.9616485701897123
0.0182499324481615,0.9618509217318746
0.0186324631193156,0.9620522056177118
0.01902301188668946,0.9622524274804403
0.01942174681489025,0.9624515929235542
0.01982883949127071,0.9626497075209822
0.02024446509976802,0.962846776817244
0.02066880249629082,0.9630428063276044
0.02110203428568597,0.9632378015382287
0.02154434690031882,0.9634317679063358
0.02199593068030075,0.9636247108603511
0.02245697995539772,0.9638166358000578
0.02292769312865649,0.9640075480967492
0.02340827276178294,0.9641974530933778
0.02389892566231048,0.9643863561047057
0.0243998629725955,0.9645742624174529
0.02491130026067786,0.9647611772904453
0.02543345761304648,0.964947105954762
0.02596655972934872,0.9651320536138817
0.02651083601908536,0.9653160254438282
0.02706652070033241,0.9654990265933154
0.02763385290053173,0.9656810621838913
0.02821307675939471,0.9658621373100812
0.02880444153396298,0.9660422570395307
0.02940820170587061,0.9662214264131471
0.03002461709085549,0.9663996504452408
0.0306539529505653,0.9665769341236651
0.03129648010670751,0.9667532824099564
0.03195247505759213,0.9669287002394731
0.03262222009711666,0.967103192521533
0.03330600343624589,0.9672767641395512
0.0340041193270371,0.9674494199511769
0.03471686818926559,0.9676211647884292
0.03544455673970436,0.9677920034578319
0.03618749812411277,0.9679619407405488
0.03694601205199302,0.9681309813925169
0.03772042493417001,0.9682991301445796
0.03851107002325569,0.9684663917026196
0.0393182875570577,0.9686327707476899
0.04014242490499318,0.9687982719361453
0.04098383671757262,0.9689628998997724
0.04184288507901585,0.9691266592459191
0.04271993966306777,0.9692895545576244
0.04361537789208006,0.9694515903937457
0.04452958509942651,0.9696127712890867
0.04546295469532399,0.9697731017545247
0.04641588833612782,0.969932586277136
0.04738879609717651,0.9700912293203224
0.04838209664925957,0.9702490353239356
0.04939621743878315,0.9704060087044014
0.05043159487171359,0.9705621538548437
0.05148867450137497,0.9707174751452069
0.05256791122018419,0.9708719769223788
0.05366976945540476,0.9710256635103119
0.05479472336900281,0.9711785392101442
0.05594325706169378,0.9713306083003203
0.05711586478126435,0.97148187503671
0.05831305113526219,0.971632343652729
0.0595353313081437,0.9717820183594555
0.06078323128297224,0.9719309033457499
0.062057288067765,0.9720790027783704
0.06335804992658255,0.9722263208020909
0.0646860766154632,0.9723728615398163
0.06604193962330306,0.9725186290926977
0.06742622241778336,0.972663627540248
0.06883952069645496,0.9728078609404555
0.07028244264308353,0.9729513333298972
0.07175560918936921,0.9730940487238527
0.0732596542821523,0.9732360111164156
0.07479522515621813,0.9733772244806056
0.07636298261282241,0.9735176927684801
0.07796360130405237,0.9736574199112443
0.07959777002314977,0.9737964098193616
0.08126619200091946,0.9739346663826624
0.08296958520834916,0.9740721934704537
0.08470868266557402,0.9742089949316272
0.08648423275731726,0.9743450745947666
0.08829699955494083,0.9744804362682554
0.09014776314524918,0.9746150837403829
0.09203731996618231,0.9747490207794504
0.09396648314954691,0.9748822511338768
0.09593608287093147,0.9750147785323037
0.09794696670695385,0.975146606683699
0.1,0.9752777392774614
0.1020960662306048,0.9754081799835235
0.1042360673976401,0.9755379324524543
0.1064209244064725,0.9756670003155616
0.1086515774652537,0.9757953871849936
0.1109289864895223,0.9759230966538397
0.1132541315152813,0.9760501322962314
0.1156280131207375,0.9761764976674421
0.1180516528568806,0.9763021963039871
0.1205260936870841,0.9764272317237216
0.1230524004359262,0.9765516074259402
0.1256316602474122,0.976675326891474
0.128264983052806,0.9767983935827887
0.1309535020482668,0.9769208109440811
0.1336983741824945,0.9770425824013755
0.1365007806546014,0.9771637113626196
0.1393619274224144,0.97728420121778
0.1422830457214352,0.9774040553389371
0.1452653925946781,0.9775232770803794
0.1483102514336103,0.977641869778697
0.1514189325304352,0.9777598367528757
0.1545927736419478,0.9778771813043894
0.1578331405652116,0.9779939067172927
0.161141427725302,0.9781100162583124
0.1645190587753661,0.9782255131769397
0.1679674872092653,0.9783404007055204
0.1714881969870541,0.9784546820593457
0.1750827031735723,0.9785683604367422
0.1787525525904236,0.9786814390191613
0.182499324481615,0.9787939209712683
0.186324631193156,0.9789058094410308
0.1902301188668946,0.9790171075598073
0.1942174681489025,0.9791278184424341
0.1982883949127071,0.9792379451873132
0.2024446509976802,0.9793474908764984
0.2066880249629082,0.979456458575782
0.2110203428568597,0.9795648513347803
0.2154434690031882,0.9796726721870191
0.2199593068030075,0.9797799241500188
0.2245697995539772,0.9798866102253783
0.2292769312865649,0.9799927333988594
0.2340827276178294,0.9800982966404704
0.2389892566231048,0.9802033029045493
0.243998629725955,0.9803077551298457
0.2491130026067786,0.9804116562396041
0.2543345761304648,0.9805150091416454
0.2596655972934873,0.9806178167284475
0.2651083601908536,0.9807200818772274
0.2706652070033241,0.980821807450021
0.2763385290053172,0.9809229962937636
0.2821307675939471,0.9810236512403688
0.2880444153396298,0.9811237751068093
0.2940820170587061,0.9812233706951937
0.3002461709085549,0.9813224407928467
0.306539529505653,0.9814209881723862
0.312964801067075,0.981519015591801
0.3195247505759213,0.9816165257945281
0.3262222009711667,0.9817135215095296
0.3330600343624588,0.9818100054513688
0.340041193270371,0.9819059803202862
0.3471686818926559,0.9820014488022755
0.3544455673970436,0.9820964135691581
0.3618749812411277,0.9821908772786583
0.3694601205199303,0.9822848425744777
0.3772042493417002,0.9823783120863691
0.3851107002325569,0.9824712884302098
0.393182875570577,0.9825637742080755
0.4014242490499318,0.9826557720083124
0.4098383671757261,0.9827472844056101
0.4184288507901585,0.9828383139610735
0.4271993966306777,0.9829288632222942
0.4361537789208006,0.9830189347234226
0.4452958509942651,0.9831085309852379
0.4546295469532399,0.9831976545152192
0.4641588833612782,0.9832863078076156
0.4738879609717651,0.9833744933435157
0.4838209664925957,0.9834622135909175
0.4939621743878316,0.9835494710047971
0.5043159487171359,0.9836362680271775
0.5148867450137498,0.9837226070871972
0.5256791122018419,0.9838084906011778
0.5366976945540476,0.9838939209726918
0.5479472336900282,0.98397890059263
0.5594325706169377,0.9840634318392681
0.5711586478126435,0.9841475170783336
0.5831305113526218,0.9842311586630715
0.595353313081437,0.9843143589343111
0.6078323128297224,0.9843971202205304
0.62057288067765,0.9844794448379218
0.6335804992658254,0.9845613350904574
0.6468607661546321,0.9846427932699523
0.6604193962330305,0.9847238216561299
0.6742622241778335,0.984804422516685
0.6883952069645496,0.9848845981073476
0.7028244264308353,0.9849643506719459
0.7175560918936921,0.9850436824424691
0.732596542821523,0.9851225956391297
0.7479522515621814,0.9852010924704261
0.7636298261282242,0.9852791751332041
0.7796360130405237,0.985356845812718
0.7959777002314977,0.9854341066826927
0.8126619200091946,0.9855109599053837
0.8296958520834898,0.985587407631638
0.8470868266557402,0.9856634520009542
0.8648423275731727,0.9857390951415422
0.8829699955494082,0.9858143391703832
0.9014776314524917,0.9858891861932886
0.9203731996618231,0.9859636383049589
0.9396648314954691,0.9860376975890427
0.9593608287093147,0.9861113661181946
0.9794696670695385,0.9861846459541332
1,0.9862575391476994
1.020960662306048,0.9863300477389129
1.042360673976403,0.9864021737570301
1.064209244064722,0.9864739192206003
1.086515774652537,0.9865452861375227
1.109289864895223,0.986616276505102
1.132541315152813,0.986686892310105
1.156280131207378,0.9867571355288154
1.180516528568803,0.98682700812709
1.205260936870841,0.986896512060413
1.230524004359262,0.9869656492739509
1.256316602474121,0.9870344217026075
1.282649830528062,0.9871028312710768
1.309535020482665,0.9871708798938983
1.336983741824945,0.9872385694755096
1.365007806546014,0.9873059019103002
1.393619274224144,0.9873728790826642
1.422830457214355,0.9874395028670533
1.452653925946778,0.987505775128029
1.483102514336103,0.9875716977203149
1.514189325304352,0.9876372724888488
1.545927736419479,0.9877025012688341
1.57833140565212,0.9877673858857909
1.611414277253017,0.9878319281556081
1.645190587753661,0.9878961298845927
1.679674872092653,0.9879599928695219
1.714881969870541,0.9880235188976921
1.750827031735727,0.9880867097469699
1.787525525904232,0.9881495671858412
1.824993244816151,0.9882120929734611
1.86324631193156,0.9882742888597028
1.902301188668946,0.9883361565852068
1.942174681489028,0.9883976978814296
1.982883949127067,0.9884589144706921
2.024446509976802,0.9885198080662277
2.066880249629082,0.9885803803722307
2.110203428568596,0.9886406330839032
2.154434690031886,0.9887005678875033
2.19959306803007,0.9887601864603917
2.245697995539772,0.9888194904710794
2.292769312865649,0.9888784815792735
2.340827276178294,0.9889371614359243
2.389892566231053,0.9889955316832711
2.439986297259545,0.9890535939548887
2.491130026067786,0.9891113498757323
2.543345761304648,0.9891688010621839
2.596655972934872,0.9892259491220965
2.651083601908542,0.9892827956548402
2.706652070033236,0.9893393422513462
2.763385290053167,0.9893955904941517
2.821307675939471,0.9894515419574438
2.880444153396298,0.989507198207104
2.940820170587067,0.9895625608007517
3.002461709085543,0.989617631287788
3.065395295056524,0.9896724112094392
3.12964801067075,0.9897269020987991
3.195247505759214,0.9897811054808731
3.262222009711673,0.9898350228726202
3.330600343624582,0.9898886557829951
3.400411932703703,0.9899420057129917
3.47168681892656,0.9899950741556834
3.544455673970436,0.9900478625962665
3.618749812411284,0.9901003725121007
3.694601205199295,0.9901526053727507
3.772042493416994,0.9902045626400277
3.851107002325569,0.9902562457680296
3.93182875570577,0.9903076562031827
4.014242490499326,0.9903587953842812
4.098383671757253,0.9904096647425279
4.184288507901576,0.9904602657015743
4.271993966306777,0.9905105996775605
4.361537789208006,0.9905606680791544
4.45295850994266,0.9906104723075916
4.54629546953239,0.9906600137567144
4.641588833612772,0.990709293813011
4.738879609717651,0.9907583138556538
4.838209664925957,0.9908070752565388
4.939621743878326,0.990855579380323
5.043159487171349,0.9909038275844636
5.148867450137487,0.9909518212192554
5.256791122018419,0.9909995616278686
5.366976945540476,0.9910470501463867
5.479472336900293,0.9910942881038434
5.594325706169389,0.9911412768222603
5.711586478126423,0.9911880176166836
5.831305113526219,0.9912345117952212
5.95353313081437,0.9912807606590789
6.078323128297236,0.9913267655025969
6.205728806776513,0.9913725276132866
6.335804992658241,0.9914180482718657
6.46860766154632,0.9914633287522947
6.604193962330306,0.9915083703218125
6.742622241778349,0.9915531742409716
6.883952069645511,0.9915977417636733
7.028244264308339,0.9916420741372035
7.175560918936921,0.9916861726022668
7.32596542821523,0.9917300383930215
7.479522515621829,0.9917736727371144
7.636298261282257,0.9918170768557146
7.796360130405221,0.9918602519635485
7.959777002314977,0.9919031992689329
8.126619200091946,0.9919459199738092
8.296958520834915,0.9919884152737775
8.470868266557419,0.9920306863581291
8.648423275731709,0.9920727344098806
8.829699955494084,0.9921145606058067
9.014776314524918,0.9921561661164731
9.203731996618231,0.9921975521062693
9.39664831495471,0.9922387197334411
9.593608287093128,0.9922796701501234
9.794696670695386,0.9923204045023718
10,0.9923609239301954
