#Cauchy - Cost J(iterations) convergence
#iterations, J(iterations)
1,2408218344.849811
2,2404087064.746204
3,2400014108.254617
4,2395998312.172752
5,2392038536.903872
6,2388133665.97741
7,2384282605.579328
8,2380484284.091995
9,2376737651.643426
10,2373041679.665665
11,2369395360.46214
12,2365797706.783804
13,2362247751.413887
14,2358744546.761075
15,2355287164.460958
16,2351874694.985566
17,2348506247.260843
18,2345180948.291875
19,2341897942.795749
20,2338656392.841852
21,2335455477.499478
22,2332294392.492603
23,2329172349.861653
24,2326088577.63216
25,2323042319.490129
26,2320032834.464014
27,2317059396.613138
28,2314121294.722459
29,2311217832.003511
30,2308348325.801443
31,2305512107.307988
32,2302708521.280278
33,2299936925.765351
34,2297196691.830273
35,2294487203.297726
36,2291807856.486966
37,2289158059.96006
38,2286537234.273249
39,2283944811.733384
40,2281380236.159297
41,2278842962.648018
42,2276332457.345743
43,2273848197.223459
44,2271389669.85711
45,2268956373.212242
46,2266547815.43302
47,2264163514.635519
48,2261802998.705225
49,2259465805.098644
50,2257151480.64894
51,2254859581.375519
52,2252589672.297481
53,2250341327.250862
54,2248114128.70959
55,2245907667.610067
56,2243721543.179324
57,2241555362.766664
58,2239408741.678717
59,2237281303.017857
60,2235172677.523886
61,2233082503.41895
62,2231010426.255585
63,2228956098.767869
64,2226919180.725582
65,2224899338.791333
66,2222896246.380593
67,2220909583.524562
68,2218939036.735828
69,2216984298.876749
70,2215045069.030513
71,2213121052.374815
72,2211211960.058095
73,2209317509.078295
74,2207437422.16408
75,2205571427.658461
76,2203719259.404792
77,2201880656.63508
78,2200055363.860558
79,2198243130.764486
80,2196443712.097125
81,2194656867.572851
82,2192882361.76935
83,2191119964.02886
84,2189369448.361429
85,2187630593.350131
86,2185903182.058199
87,2184187001.938062
88,2182481844.742212
89,2180787506.435894
90,2179103787.111557
91,2177430490.905058
92,2175767425.91355
93,2174114404.115053
94,2172471241.289648
95,2170837756.942276
96,2169213774.227106
97,2167599119.873436
98,2165993624.113099
99,2164397120.609346
100,2162809446.387169
101,2161230441.765047
102,2159659950.288064
103,2158097818.662403
104,2156543896.691156
105,2154998037.211446
106,2153460096.032819
107,2151929931.876895
108,2150407406.318241
109,2148892383.726438
110,2147384731.209342
111,2145884318.557477
112,2144391018.189569
113,2142904705.099187
114,2141425256.802463
115,2139952553.286869
116,2138486476.961054
117,2137026912.605671
118,2135573747.325229
119,2134126870.500905
120,2132686173.744325
121,2131251550.852277
122,2129822897.762347
123,2128400112.509458
124,2126983095.183284
125,2125571747.886537
126,2124165974.694097
127,2122765681.612975
128,2121370776.543082
129,2119981169.238805
130,2118596771.271354
131,2117217495.991883
132,2115843258.495348
133,2114473975.585112
134,2113109565.738255
135,2111749949.071606
136,2110395047.308446
137,2109044783.7459
138,2107699083.222989
139,2106357872.089322
140,2105021078.174441
141,2103688630.75777
142,2102360460.539188
143,2101036499.610191
144,2099716681.425644
145,2098400940.776108
146,2097089213.760724
147,2095781437.76065
148,2094477551.413041
149,2093177494.585551
150,2091881208.351359
151,2090588634.964694
152,2089299717.83687
153,2088014401.512794
154,2086732631.647961
155,2085454354.985906
156,2084179519.33613
157,2082908073.552454
158,2081639967.511832
159,2080375152.09358
160,2079113579.159032
161,2077855201.531615
162,2076599972.977314
163,2075347848.18555
164,2074098782.750438
165,2072852733.152422
166,2071609656.740294
167,2070369511.713566
168,2069132257.10521
169,2067897852.764742
170,2066666259.341653
171,2065437438.269173
172,2064211351.748371
173,2062987962.732571
174,2061767234.912087
175,2060549132.699269
176,2059333621.213856
177,2058120666.268615
178,2056910234.355285
179,2055702292.6308
180,2054496808.903789
181,2053293751.621359
182,2052093089.856133
183,2050894793.29357
184,2049698832.21952
185,2048505177.508056
186,2047313800.609527
187,2046124673.538878
188,2044937768.864191
189,2043753059.695467
190,2042570519.673631
191,2041390122.959761
192,2040211844.22454
193,2039035658.637917
194,2037861541.85898
195,2036689470.026039
196,2035519419.746899
197,2034351368.089343
198,2033185292.5718
199,2032021171.154209
200,2030858982.229059
201,2029698704.612626
202,2028540317.536368
203,2027383800.638515
204,2026229133.955816
205,2025076297.915457
206,2023925273.327147
207,2022776041.375361
208,2021628583.611742
209,2020482881.947652
210,2019338918.646888
211,2018196676.318528
212,2017056137.909935
213,2015917286.699899
214,2014780106.291923
215,2013644580.60763
216,2012510693.880325
217,2011378430.648672
218,2010247775.750507
219,2009118714.316774
220,2007991231.765584
221,2006865313.796397
222,2005740946.384318
223,2004618115.774515
224,2003496808.47674
225,2002377011.259977
226,2001258711.147181
227,2000141895.410138
228,1999026551.564421
229,1997912667.364454
230,1996800230.798667
231,1995689230.084766
232,1994579653.66508
233,1993471490.202015
234,1992364728.573597
235,1991259357.869103
236,1990155367.384788
237,1989052746.619683
238,1987951485.271505
239,1986851573.232619
240,1985753000.586104
241,1984655757.601893
242,1983559834.732988
243,1982465222.611753
244,1981371912.046288
245,1980279894.016865
246,1979189159.672451
247,1978099700.32729
248,1977011507.457559
249,1975924572.69809
250,1974838887.839164
251,1973754444.823361
252,1972671235.742485
253,1971589252.834536
254,1970508488.480765
255,1969428935.202767
256,1968350585.659647
257,1967273432.645239
258,1966197469.085381
259,1965122688.035246
260,1964049082.676728
261,1962976646.315881
262,1961905372.380406
263,1960835254.417198
264,1959766286.089931
265,1958698461.176703
266,1957631773.567722
267,1956566217.26304
268,1955501786.370338
269,1954438475.102747
270,1953376277.776721
271,1952315188.80995
272,1951255202.719318
273,1950196314.118896
274,1949138517.717982
275,1948081808.319181
276,1947026180.816517
277,1945971630.193595
278,1944918151.521785
279,1943865739.958459
280,1942814390.745251
281,1941764099.206362
282,1940714860.746889
283,1939666670.851198
284,1938619525.081327
285,1937573419.075415
286,1936528348.546175
287,1935484309.279383
288,1934441297.132413
289,1933399308.032793
290,1932358337.976787
291,1931318383.028018
292,1930279439.316105
293,1929241503.035339
294,1928204570.443381
295,1927168637.85998
296,1926133701.665736
297,1925099758.300862
298,1924066804.263995
299,1923034836.111017
300,1922003850.453902
301,1920973843.959594
302,1919944813.348897
303,1918916755.395395
304,1917889666.92439
305,1916863544.811867
306,1915838385.98347
307,1914814187.413512
308,1913790946.123991
309,1912768659.18364
310,1911747323.706981
311,1910726936.853416
312,1909707495.826322
313,1908688997.872165
314,1907671440.279645
315,1906654820.378845
316,1905639135.540401
317,1904624383.174693
318,1903610560.731048
319,1902597665.696956
320,1901585695.597315
321,1900574647.993674
322,1899564520.483507
323,1898555310.699487
324,1897547016.308795
325,1896539635.012413
326,1895533164.544464
327,1894527602.671544
328,1893522947.192072
329,1892519195.935661
330,1891516346.762487
331,1890514397.56269
332,1889513346.255765
333,1888513190.78999
334,1887513929.141842
335,1886515559.315439
336,1885518079.341992
337,1884521487.279265
338,1883525781.211044
339,1882530959.246622
340,1881537019.520295
341,1880543960.190858
342,1879551779.441127
343,1878560475.477455
344,1877570046.529271
345,1876580490.848618
346,1875591806.709707
347,1874603992.40848
348,1873617046.262173
349,1872630966.608902
350,1871645751.807247
351,1870661400.235844
352,1869677910.292996
353,1868695280.396281
354,1867713508.982167
355,1866732594.505648
356,1865752535.439873
357,1864773330.275789
358,1863794977.521793
359,1862817475.703385
360,1861840823.362834
361,1860865019.05885
362,1859890061.366256
363,1858915948.875677
364,1857942680.193226
365,1856970253.940204
366,1855998668.752798
367,1855027923.281796
368,1854058016.192294
369,1853088946.16342
370,1852120711.888062
371,1851153312.072595
372,1850186745.436623
373,1849221010.712714
374,1848256106.646158
375,1847292031.994705
376,1846328785.52834
377,1845366366.02903
378,1844404772.2905
379,1843444003.118006
380,1842484057.328103
381,1841524933.748437
382,1840566631.21752
383,1839609148.584531
384,1838652484.709102
385,1837696638.461119
386,1836741608.720525
387,1835787394.377125
388,1834833994.3304
389,1833881407.489315
390,1832929632.772145
391,1831978669.106289
392,1831028515.428102
393,1830079170.682715
394,1829130633.823879
395,1828182903.813792
396,1827235979.622942
397,1826289860.229946
398,1825344544.621398
399,1824400031.791718
400,1823456320.743001
401,1822513410.484879
402,1821571300.034365
403,1820629988.415729
404,1819689474.660347
405,1818749757.806583
406,1817810836.899639
407,1816872710.991446
408,1815935379.14052
409,1814998840.411853
410,1814063093.876785
411,1813128138.612885
412,1812193973.703839
413,1811260598.239332
414,1810328011.314942
415,1809396212.032023
416,1808465199.497607
417,1807534972.824292
418,1806605531.130144
419,1805676873.538594
420,1804748999.178341
421,1803821907.183253
422,1802895596.692275
423,1801970066.849336
424,1801045316.803257
425,1800121345.707662
426,1799198152.720893
427,1798275737.00592
428,1797354097.730265
429,1796433234.06591
430,1795513145.189227
431,1794593830.280891
432,1793675288.525808
433,1792757519.113035
434,1791840521.235713
435,1790924294.090985
436,1790008836.879934
437,1789094148.807508
438,1788180229.082453
439,1787267076.917243
440,1786354691.528025
441,1785443072.134541
442,1784532217.960074
443,1783622128.231385
444,1782712802.178649
445,1781804239.035401
446,1780896438.038475
447,1779989398.427946
448,1779083119.447078
449,1778177600.342266
450,1777272840.362985
451,1776368838.761738
452,1775465594.794
453,1774563107.718173
454,1773661376.795535
455,1772760401.290192
456,1771860180.469029
457,1770960713.601666
458,1770061999.960412
459,1769164038.820218
460,1768266829.458637
461,1767370371.155779
462,1766474663.194271
463,1765579704.859214
464,1764685495.438144
465,1763792034.220991
466,1762899320.500042
467,1762007353.569906
468,1761116132.72747
469,1760225657.271867
470,1759335926.504441
471,1758446939.728709
472,1757558696.250333
473,1756671195.377078
474,1755784436.418786
475,1754898418.687339
476,1754013141.496632
477,1753128604.162539
478,1752244806.002884
479,1751361746.337411
480,1750479424.487755
481,1749597839.777412
482,1748716991.531716
483,1747836879.077804
484,1746957501.744596
485,1746078858.862766
486,1745200949.764716
487,1744323773.78455
488,1743447330.258054
489,1742571618.522663
490,1741696637.917447
491,1740822387.78308
492,1739948867.461823
493,1739076076.297497
494,1738204013.635464
495,1737332678.822604
496,1736462071.207297
497,1735592190.139396
498,1734723034.970213
499,1733854605.052498
500,1732986899.740416
501,1732119918.389534
502,1731253660.356794
503,1730388125.000502
504,1729523311.68031
505,1728659219.757193
506,1727795848.593436
507,1726933197.552615
508,1726071265.999583
509,1725210053.300451
510,1724349558.822574
511,1723489781.934535
512,1722630722.006129
513,1721772378.408348
514,1720914750.513368
515,1720057837.694533
516,1719201639.326341
517,1718346154.784432
518,1717491383.445572
519,1716637324.687641
520,1715783977.889619
521,1714931342.431575
522,1714079417.694653
523,1713228203.061061
524,1712377697.914056
525,1711527901.637938
526,1710678813.618032
527,1709830433.24068
528,1708982759.893231
529,1708135792.964026
530,1707289531.842393
531,1706443975.91863
532,1705599124.584001
533,1704754977.230721
534,1703911533.251951
535,1703068792.041782
536,1702226752.995232
537,1701385415.508233
538,1700544778.977621
539,1699704842.80113
540,1698865606.377383
541,1698027069.105882
542,1697189230.386998
543,1696352089.621966
544,1695515646.212876
545,1694679899.562665
546,1693844849.075106
547,1693010494.154807
548,1692176834.207198
549,1691343868.638524
550,1690511596.855841
551,1689680018.267006
552,1688849132.280672
553,1688018938.306279
554,1687189435.754051
555,1686360624.034983
556,1685532502.560844
557,1684705070.74416
558,1683878327.998218
559,1683052273.737052
560,1682226907.37544
561,1681402228.328901
562,1680578236.013684
563,1679754929.846767
564,1678932309.245848
565,1678110373.629342
566,1677289122.416374
567,1676468555.026775
568,1675648670.881079
569,1674829469.40051
570,1674010950.006987
571,1673193112.123115
572,1672375955.172176
573,1671559478.578133
574,1670743681.765618
575,1669928564.159932
576,1669114125.187037
577,1668300364.273556
578,1667487280.846765
579,1666674874.33459
580,1665863144.165606
581,1665052089.769026
582,1664241710.574704
583,1663432006.013129
584,1662622975.515419
585,1661814618.51332
586,1661006934.439201
587,1660199922.72605
588,1659393582.807473
589,1658587914.117687
590,1657782916.091521
591,1656978588.164407
592,1656174929.772382
593,1655371940.352081
594,1654569619.340736
595,1653767966.176175
596,1652966980.296813
597,1652166661.141652
598,1651367008.150282
599,1650568020.762872
600,1649769698.42017
601,1648972040.5635
602,1648175046.634761
603,1647378716.07642
604,1646583048.331513
605,1645788042.843641
606,1644993699.056969
607,1644200016.416221
608,1643406994.36668
609,1642614632.354183
610,1641822929.825122
611,1641031886.226438
612,1640241501.005621
613,1639451773.610707
614,1638662703.490278
615,1637874290.093454
616,1637086532.869898
617,1636299431.26981
618,1635512984.743924
619,1634727192.743509
620,1633942054.720365
621,1633157570.126821
622,1632373738.415735
623,1631590559.040489
624,1630808031.454989
625,1630026155.113666
626,1629244929.471467
627,1628464353.983859
628,1627684428.106827
629,1626905151.29687
630,1626126523.010999
631,1625348542.706738
632,1624571209.842121
633,1623794523.87569
634,1623018484.266493
635,1622243090.474084
636,1621468341.958521
637,1620694238.180363
638,1619920778.600671
639,1619147962.681004
640,1618375789.883418
641,1617604259.670468
642,1616833371.505202
643,1616063124.85116
644,1615293519.172378
645,1614524553.93338
646,1613756228.59918
647,1612988542.635281
648,1612221495.507671
649,1611455086.682827
650,1610689315.627706
651,1609924181.809752
652,1609159684.69689
653,1608395823.757524
654,1607632598.460539
655,1606870008.275299
656,1606108052.671643
657,1605346731.11989
658,1604586043.090831
659,1603825988.055732
660,1603066565.486331
661,1602307774.85484
662,1601549615.633939
663,1600792087.296779
664,1600035189.316981
665,1599278921.168633
666,1598523282.326288
667,1597768272.264966
668,1597013890.460154
669,1596260136.387798
670,1595507009.524312
671,1594754509.346568
672,1594002635.331901
673,1593251386.958106
674,1592500763.703437
675,1591750765.046606
676,1591001390.466783
677,1590252639.443595
678,1589504511.457124
679,1588757005.987905
680,1588010122.516932
681,1587263860.525649
682,1586518219.495951
683,1585773198.910189
684,1585028798.251161
685,1584285017.002117
686,1583541854.646756
687,1582799310.669224
688,1582057384.554118
689,1581316075.786479
690,1580575383.851796
691,1579835308.236002
692,1579095848.425477
693,1578357003.907043
694,1577618774.167966
695,1576881158.695957
696,1576144156.979165
697,1575407768.506182
698,1574671992.766043
699,1573936829.248219
700,1573202277.442622
701,1572468336.839605
702,1571735006.929955
703,1571002287.204898
704,1570270177.156097
705,1569538676.275651
706,1568807784.056095
707,1568077499.990397
708,1567347823.571961
709,1566618754.294624
710,1565890291.652654
711,1565162435.140755
712,1564435184.25406
713,1563708538.488135
714,1562982497.338974
715,1562257060.303005
716,1561532226.877081
717,1560807996.558487
718,1560084368.844936
719,1559361343.234567
720,1558638919.225948
721,1557917096.318073
722,1557195874.01036
723,1556475251.802657
724,1555755229.195234
725,1555035805.688785
726,1554316980.784431
727,1553598753.983712
728,1552881124.788595
729,1552164092.701468
730,1551447657.225139
731,1550731817.86284
732,1550016574.118223
733,1549301925.495359
734,1548587871.498742
735,1547874411.633281
736,1547161545.404308
737,1546449272.317572
738,1545737591.879237
739,1545026503.59589
740,1544316006.974529
741,1543606101.522573
742,1542896786.747855
743,1542188062.158624
744,1541479927.263543
745,1540772381.57169
746,1540065424.592559
747,1539359055.836056
748,1538653274.812499
749,1537948081.03262
750,1537243474.007565
751,1536539453.24889
752,1535836018.268561
753,1535133168.578957
754,1534430903.692868
755,1533729223.123493
756,1533028126.38444
757,1532327612.989727
758,1531627682.453782
759,1530928334.291438
760,1530229568.01794
761,1529531383.148937
762,1528833779.200487
763,1528136755.689054
764,1527440312.131509
765,1526744448.045128
766,1526049162.947592
767,1525354456.356988
768,1524660327.791806
769,1523966776.770943
770,1523273802.813697
771,1522581405.439771
772,1521889584.16927
773,1521198338.522701
774,1520507668.020975
775,1519817572.185403
776,1519128050.537699
777,1518439102.599975
778,1517750727.894748
779,1517062925.944931
780,1516375696.273838
781,1515689038.405184
782,1515002951.863082
783,1514317436.172042
784,1513632490.856975
785,1512948115.443187
786,1512264309.456384
787,1511581072.422667
788,1510898403.868535
789,1510216303.320884
790,1509534770.307003
791,1508853804.354579
792,1508173404.991694
793,1507493571.746824
794,1506814304.14884
795,1506135601.727007
796,1505457464.010982
797,1504779890.530819
798,1504102880.816962
799,1503426434.400249
800,1502750550.811907
801,1502075229.583561
802,1501400470.247222
803,1500726272.335295
804,1500052635.380574
805,1499379558.916245
806,1498707042.475883
807,1498035085.593453
808,1497363687.80331
809,1496692848.640196
810,1496022567.639245
811,1495352844.335976
812,1494683678.266297
813,1494015068.966504
814,1493347015.97328
815,1492679518.823696
816,1492012577.055207
817,1491346190.205655
818,1490680357.813269
819,1490015079.416664
820,1489350354.554838
821,1488686182.767174
822,1488022563.593441
823,1487359496.573791
824,1486696981.24876
825,1486035017.159267
826,1485373603.846615
827,1484712740.852489
828,1484052427.718957
829,1483392663.988468
830,1482733449.203853
831,1482074782.908326
832,1481416664.645479
833,1480759093.959288
834,1480102070.394106
835,1479445593.494669
836,1478789662.806092
837,1478134277.873868
838,1477479438.24387
839,1476825143.462348
840,1476171393.075934
841,1475518186.631635
842,1474865523.676837
843,1474213403.759302
844,1473561826.427171
845,1472910791.22896
846,1472260297.713563
847,1471610345.430247
848,1470960933.928659
849,1470312062.758819
850,1469663731.471121
851,1469015939.616335
852,1468368686.745607
853,1467721972.410454
854,1467075796.162769
855,1466430157.554818
856,1465785056.139239
857,1465140491.469044
858,1464496463.097617
859,1463852970.578714
860,1463210013.466465
861,1462567591.315367
862,1461925703.680292
863,1461284350.116482
864,1460643530.179548
865,1460003243.425474
866,1459363489.410612
867,1458724267.691683
868,1458085577.825779
869,1457447419.370361
870,1456809791.883256
871,1456172694.922662
872,1455536128.047146
873,1454900090.815638
874,1454264582.787441
875,1453629603.52222
876,1452995152.580011
877,1452361229.521213
878,1451727833.906595
879,1451094965.297288
880,1450462623.254791
881,1449830807.340966
882,1449199517.118041
883,1448568752.148611
884,1447938511.995631
885,1447308796.222423
886,1446679604.39267
887,1446050936.070423
888,1445422790.820091
889,1444795168.206447
890,1444168067.794629
891,1443541489.150135
892,1442915431.838823
893,1442289895.426917
894,1441664879.480998
895,1441040383.568012
896,1440416407.25526
897,1439792950.110409
898,1439170011.701483
899,1438547591.596864
900,1437925689.365298
901,1437304304.575887
902,1436683436.798091
903,1436063085.601732
904,1435443250.556985
905,1434823931.234388
906,1434205127.204833
907,1433586838.039571
908,1432969063.310209
909,1432351802.588711
910,1431735055.447398
911,1431118821.458946
912,1430503100.196387
913,1429887891.233109
914,1429273194.142854
915,1428659008.499721
916,1428045333.878161
917,1427432169.85298
918,1426819515.999338
919,1426207371.892751
920,1425595737.109083
921,1424984611.224558
922,1424373993.815747
923,1423763884.459575
924,1423154282.73332
925,1422545188.214613
926,1421936600.481432
927,1421328519.112113
928,1420720943.685337
929,1420113873.780139
930,1419507308.975903
931,1418901248.852363
932,1418295692.989604
933,1417690640.96806
934,1417086092.368513
935,1416482046.772095
936,1415878503.760288
937,1415275462.91492
938,1414672923.818167
939,1414070886.052556
940,1413469349.200956
941,1412868312.846588
942,1412267776.573019
943,1411667739.96416
944,1411068202.604272
945,1410469164.077958
946,1409870623.97017
947,1409272581.866204
948,1408675037.351701
949,1408077990.012647
950,1407481439.435374
951,1406885385.206555
952,1406289826.913211
953,1405694764.142703
954,1405100196.482738
955,1404506123.521366
956,1403912544.846978
957,1403319460.048308
958,1402726868.714433
959,1402134770.434773
960,1401543164.799088
961,1400952051.397479
962,1400361429.82039
963,1399771299.658605
964,1399181660.503247
965,1398592511.945782
966,1398003853.578015
967,1397415684.992088
968,1396828005.780487
969,1396240815.536034
970,1395654113.851891
971,1395067900.321558
972,1394482174.538872
973,1393896936.098012
974,1393312184.593492
975,1392727919.620162
976,1392144140.773212
977,1391560847.648167
978,1390978039.840889
979,1390395716.947578
980,1389813878.564768
981,1389232524.289328
982,1388651653.718465
983,1388071266.449719
984,1387491362.080967
985,1386911940.21042
986,1386333000.43662
987,1385754542.358449
988,1385176565.575118
989,1384599069.686173
990,1384022054.291495
991,1383445518.991294
992,1382869463.386117
993,1382293887.07684
994,1381718789.664674
995,1381144170.751158
996,1380570029.938168
997,1379996366.827906
998,1379423181.022908
999,1378850472.12604
1000,1378278239.740498
1001,1377706483.469808
1002,1377135202.917829
1003,1376564397.688745
1004,1375994067.387071
1005,1375424211.617654
1006,1374854829.985665
1007,1374285922.096607
1008,1373717487.556311
1009,1373149525.970933
1010,1372582036.946961
1011,1372015020.091207
1012,1371448475.010813
1013,1370882401.313244
1014,1370316798.606296
1015,1369751666.498088
1016,1369187004.597068
1017,1368622812.512007
1018,1368059089.852003
1019,1367495836.22648
1020,1366933051.245184
1021,1366370734.51819
1022,1365808885.655894
1023,1365247504.269018
1024,1364686589.968606
1025,1364126142.366028
1026,1363566161.072976
1027,1363006645.701466
1028,1362447595.863836
1029,1361889011.172746
1030,1361330891.24118
1031,1360773235.682443
1032,1360216044.110162
1033,1359659316.138284
1034,1359103051.38108
1035,1358547249.45314
1036,1357991909.969377
1037,1357437032.54502
1038,1356882616.795622
1039,1356328662.337054
1040,1355775168.785509
1041,1355222135.757496
1042,1354669562.869846
1043,1354117449.739706
1044,1353565795.984545
1045,1353014601.222147
1046,1352463865.070616
1047,1351913587.148374
1048,1351363767.074158
1049,1350814404.467025
1050,1350265498.946348
1051,1349717050.131816
1052,1349169057.643436
1053,1348621521.10153
1054,1348074440.126735
1055,1347527814.340006
1056,1346981643.362612
1057,1346435926.816137
1058,1345890664.32248
1059,1345345855.503855
1060,1344801499.98279
1061,1344257597.382129
1062,1343714147.325025
1063,1343171149.434949
1064,1342628603.335685
1065,1342086508.651326
1066,1341544865.006284
1067,1341003672.025277
1068,1340462929.333341
1069,1339922636.55582
1070,1339382793.318371
1071,1338843399.246964
1072,1338304453.967877
1073,1337765957.107702
1074,1337227908.293341
1075,1336690307.152004
1076,1336153153.311215
1077,1335616446.398805
1078,1335080186.042916
1079,1334544371.871999
1080,1334009003.514814
1081,1333474080.60043
1082,1332939602.758225
1083,1332405569.617886
1084,1331871980.809406
1085,1331338835.963087
1086,1330806134.709539
1087,1330273876.67968
1088,1329742061.504733
1089,1329210688.816229
1090,1328679758.246006
1091,1328149269.426208
1092,1327619221.989284
1093,1327089615.567991
1094,1326560449.79539
1095,1326031724.304848
1096,1325503438.730035
1097,1324975592.704929
1098,1324448185.863811
1099,1323921217.841266
1100,1323394688.272184
1101,1322868596.791757
1102,1322342943.035483
1103,1321817726.639161
1104,1321292947.238894
1105,1320768604.471089
1106,1320244697.972453
1107,1319721227.379997
1108,1319198192.331033
1109,1318675592.463177
1110,1318153427.414344
1111,1317631696.822751
1112,1317110400.326916
1113,1316589537.565658
1114,1316069108.178097
1115,1315549111.803653
1116,1315029548.082044
1117,1314510416.653292
1118,1313991717.157714
1119,1313473449.235929
1120,1312955612.528856
1121,1312438206.677707
1122,1311921231.324001
1123,1311404686.109549
1124,1310888570.676462
1125,1310372884.667147
1126,1309857627.724313
1127,1309342799.490963
1128,1308828399.610396
1129,1308314427.726211
1130,1307800883.4823
1131,1307287766.522855
1132,1306775076.492361
1133,1306262813.035601
1134,1305750975.797652
1135,1305239564.423886
1136,1304728578.559973
1137,1304218017.851874
1138,1303707881.945846
1139,1303198170.488443
1140,1302688883.126508
1141,1302180019.507183
1142,1301671579.2779
1143,1301163562.086385
1144,1300655967.580657
1145,1300148795.409031
1146,1299642045.22011
1147,1299135716.662792
1148,1298629809.386267
1149,1298124323.040017
1150,1297619257.273813
1151,1297114611.737721
1152,1296610386.082097
1153,1296106579.957587
1154,1295603193.015128
1155,1295100224.905948
1156,1294597675.281564
1157,1294095543.793787
1158,1293593830.094711
1159,1293092533.836724
1160,1292591654.672503
1161,1292091192.255013
1162,1291591146.237507
1163,1291091516.273528
1164,1290592302.016908
1165,1290093503.121764
1166,1289595119.242503
1167,1289097150.03382
1168,1288599595.150695
1169,1288102454.248398
1170,1287605726.982483
1171,1287109413.008792
1172,1286613511.983455
1173,1286118023.562884
1174,1285622947.403779
1175,1285128283.163129
1176,1284634030.498202
1177,1284140189.066556
1178,1283646758.526032
1179,1283153738.534756
1180,1282661128.751139
1181,1282168928.833875
1182,1281677138.441942
1183,1281185757.234605
1184,1280694784.871407
1185,1280204221.012178
1186,1279714065.317032
1187,1279224317.446362
1188,1278734977.060846
1189,1278246043.821444
1190,1277757517.389398
1191,1277269397.426232
1192,1276781683.593752
1193,1276294375.554044
1194,1275807472.969476
1195,1275320975.502697
1196,1274834882.816638
1197,1274349194.574507
1198,1273863910.439796
1199,1273379030.076274
1200,1272894553.147991
1201,1272410479.319278
1202,1271926808.254743
1203,1271443539.619274
1204,1270960673.078037
1205,1270478208.296479
1206,1269996144.940322
1207,1269514482.675568
1208,1269033221.168498
1209,1268552360.085668
1210,1268071899.093913
1211,1267591837.860346
1212,1267112176.052355
1213,1266632913.337607
1214,1266154049.384042
1215,1265675583.859881
1216,1265197516.433617
1217,1264719846.77402
1218,1264242574.550138
1219,1263765699.431291
1220,1263289221.087075
1221,1262813139.187362
1222,1262337453.402299
1223,1261862163.402306
1224,1261387268.858076
1225,1260912769.44058
1226,1260438664.821059
1227,1259964954.671031
1228,1259491638.662283
1229,1259018716.466879
1230,1258546187.757154
1231,1258074052.205715
1232,1257602309.485443
1233,1257130959.269491
1234,1256660001.231282
1235,1256189435.044514
1236,1255719260.383154
1237,1255249476.921439
1238,1254780084.333882
1239,1254311082.295262
1240,1253842470.48063
1241,1253374248.56531
1242,1252906416.224891
1243,1252438973.135237
1244,1251971918.972478
1245,1251505253.413016
1246,1251038976.133521
1247,1250573086.810932
1248,1250107585.122456
1249,1249642470.745572
1250,1249177743.358023
1251,1248713402.637823
1252,1248249448.263252
1253,1247785879.91286
1254,1247322697.265463
1255,1246859900.000142
1256,1246397487.79625
1257,1245935460.333404
1258,1245473817.291486
1259,1245012558.350648
1260,1244551683.191304
1261,1244091191.494138
1262,1243631082.940098
1263,1243171357.210395
1264,1242712013.98651
1265,1242253052.950185
1266,1241794473.783427
1267,1241336276.168512
1268,1240878459.787976
1269,1240421024.32462
1270,1239963969.461509
1271,1239507294.881973
1272,1239051000.269603
1273,1238595085.308256
1274,1238139549.68205
1275,1237684393.075368
1276,1237229615.172852
1277,1236775215.65941
1278,1236321194.220211
1279,1235867550.540685
1280,1235414284.306525
1281,1234961395.203684
1282,1234508882.918378
1283,1234056747.137084
1284,1233604987.546537
1285,1233153603.833737
1286,1232702595.685941
1287,1232251962.790669
1288,1231801704.835697
1289,1231351821.509066
1290,1230902312.499071
1291,1230453177.494271
1292,1230004416.183482
1293,1229556028.25578
1294,1229108013.400497
1295,1228660371.307226
1296,1228213101.665818
1297,1227766204.166383
1298,1227319678.499284
1299,1226873524.355149
1300,1226427741.424857
1301,1225982329.399548
1302,1225537287.970618
1303,1225092616.829718
1304,1224648315.668758
1305,1224204384.179904
1306,1223760822.055577
1307,1223317628.988454
1308,1222874804.671469
1309,1222432348.79781
1310,1221990261.060921
1311,1221548541.154501
1312,1221107188.772505
1313,1220666203.609139
1314,1220225585.358868
1315,1219785333.716409
1316,1219345448.376732
1317,1218905929.035063
1318,1218466775.386879
1319,1218027987.127914
1320,1217589563.954151
1321,1217151505.56183
1322,1216713811.64744
1323,1216276481.907725
1324,1215839516.03968
1325,1215402913.740554
1326,1214966674.707845
1327,1214530798.639305
1328,1214095285.232937
1329,1213660134.186994
1330,1213225345.199983
1331,1212790917.970658
1332,1212356852.198027
1333,1211923147.581346
1334,1211489803.820123
1335,1211056820.614115
1336,1210624197.663328
1337,1210191934.66802
1338,1209760031.328697
1339,1209328487.346113
1340,1208897302.421274
1341,1208466476.255432
1342,1208036008.550089
1343,1207605899.006995
1344,1207176147.328147
1345,1206746753.215793
1346,1206317716.372425
1347,1205889036.500784
1348,1205460713.303861
1349,1205032746.48489
1350,1204605135.747354
1351,1204177880.794982
1352,1203750981.331751
1353,1203324437.061882
1354,1202898247.689844
1355,1202472412.920351
1356,1202046932.458363
1357,1201621806.009085
1358,1201197033.277968
1359,1200772613.970708
1360,1200348547.793245
1361,1199924834.451764
1362,1199501473.652696
1363,1199078465.102713
1364,1198655808.508735
1365,1198233503.577923
1366,1197811550.017682
1367,1197389947.535662
1368,1196968695.839754
1369,1196547794.638095
1370,1196127243.639062
1371,1195707042.551275
1372,1195287191.083598
1373,1194867688.945137
1374,1194448535.84524
1375,1194029731.493493
1376,1193611275.59973
1377,1193193167.874023
1378,1192775408.026685
1379,1192357995.76827
1380,1191940930.809573
1381,1191524212.861633
1382,1191107841.635724
1383,1190691816.843363
1384,1190276138.196306
1385,1189860805.406552
1386,1189445818.186335
1387,1189031176.248131
1388,1188616879.304656
1389,1188202927.068862
1390,1187789319.253944
1391,1187376055.573331
1392,1186963135.740695
1393,1186550559.469941
1394,1186138326.475218
1395,1185726436.470909
1396,1185314889.171635
1397,1184903684.292255
1398,1184492821.547866
1399,1184082300.6538
1400,1183672121.325629
1401,1183262283.279158
1402,1182852786.230431
1403,1182443629.895727
1404,1182034813.991562
1405,1181626338.234688
1406,1181218202.34209
1407,1180810406.030993
1408,1180402949.018853
1409,1179995831.023365
1410,1179589051.762454
1411,1179182610.954285
1412,1178776508.317254
1413,1178370743.569992
1414,1177965316.431365
1415,1177560226.620472
1416,1177155473.856646
1417,1176751057.859454
1418,1176346978.348695
1419,1175943235.044403
1420,1175539827.666844
1421,1175136755.936516
1422,1174734019.574151
1423,1174331618.300712
1424,1173929551.837395
1425,1173527819.905627
1426,1173126422.22707
1427,1172725358.523612
1428,1172324628.517378
1429,1171924231.930721
1430,1171524168.486225
1431,1171124437.906706
1432,1170725039.915211
1433,1170325974.235015
1434,1169927240.589626
1435,1169528838.702782
1436,1169130768.298447
1437,1168733029.10082
1438,1168335620.834326
1439,1167938543.223619
1440,1167541795.993585
1441,1167145378.869337
1442,1166749291.576216
1443,1166353533.839793
1444,1165958105.385867
1445,1165563005.940465
1446,1165168235.229841
1447,1164773792.980479
1448,1164379678.919088
1449,1163985892.772606
1450,1163592434.268198
1451,1163199303.133256
1452,1162806499.095397
1453,1162414021.882469
1454,1162021871.222542
1455,1161630046.843914
1456,1161238548.47511
1457,1160847375.844878
1458,1160456528.682195
1459,1160066006.716262
1460,1159675809.676506
1461,1159285937.292576
1462,1158896389.294352
1463,1158507165.411932
1464,1158118265.375644
1465,1157729688.916037
1466,1157341435.763885
1467,1156953505.650188
1468,1156565898.306167
1469,1156178613.463268
1470,1155791650.853159
1471,1155405010.207735
1472,1155018691.259109
1473,1154632693.739622
1474,1154247017.381834
1475,1153861661.918528
1476,1153476627.08271
1477,1153091912.60761
1478,1152707518.226676
1479,1152323443.67358
1480,1151939688.682218
1481,1151556252.986701
1482,1151173136.321369
1483,1150790338.420777
1484,1150407859.019703
1485,1150025697.853147
1486,1149643854.656327
1487,1149262329.164682
1488,1148881121.113873
1489,1148500230.239779
1490,1148119656.2785
1491,1147739398.966353
1492,1147359458.039878
1493,1146979833.235832
1494,1146600524.291192
1495,1146221530.943151
1496,1145842852.929126
1497,1145464489.986748
1498,1145086441.853868
1499,1144708708.268556
1500,1144331288.969097
