#Exponential aproximation (mean) vs Original set
#ExpMe(x), ExpMe(CDF) 
1e-08,7.108402177991024e-08
1.020960662306048e-08,7.257398981774799e-08
1.042360673976401e-08,7.409518865131304e-08
1.064209244064725e-08,7.564827286810072e-08
1.086515774652537e-08,7.723391071134955e-08
1.109289864895223e-08,7.885278452413047e-08
1.132541315152813e-08,8.050559108241373e-08
1.156280131207375e-08,8.21930414840466e-08
1.180516528568806e-08,8.39158620369318e-08
1.205260936870841e-08,8.567479403698286e-08
1.230524004359262e-08,8.747059432323567e-08
1.256316602474122e-08,8.930403583295998e-08
1.28264983052806e-08,9.117590749063709e-08
1.309535020482668e-08,9.308701487409365e-08
1.336983741824945e-08,9.503818021450172e-08
1.365007806546014e-08,9.703024328455712e-08
1.393619274224144e-08,9.906406139847945e-08
1.422830457214352e-08,1.011405096340567e-07
1.452653925946781e-08,1.032604816098015e-07
1.483102514336103e-08,1.054248895959731e-07
1.514189325304352e-08,1.076346649586668e-07
1.545927736419478e-08,1.098907587149256e-07
1.578331405652117e-08,1.121941416437622e-07
1.61141427725302e-08,1.145458050633152e-07
1.645190587753661e-08,1.169467608308494e-07
1.679674872092653e-08,1.193980422309338e-07
1.714881969870541e-08,1.219007040864639e-07
1.750827031735723e-08,1.244558234247961e-07
1.787525525904235e-08,1.270644998108139e-07
1.824993244816151e-08,1.297278556799952e-07
1.86324631193156e-08,1.324470372265907e-07
1.902301188668946e-08,1.352232147366905e-07
1.942174681489025e-08,1.38057582699247e-07
1.982883949127072e-08,1.409513608052748e-07
2.024446509976802e-08,1.439057945029631e-07
2.066880249629082e-08,1.469221549976751e-07
2.110203428568597e-08,1.500017404731935e-07
2.154434690031882e-08,1.531458760917204e-07
2.199593068030075e-08,1.563559147710336e-07
2.245697995539776e-08,1.596332380726651e-07
2.292769312865649e-08,1.629792562019006e-07
2.340827276178294e-08,1.663954090069808e-07
2.389892566231048e-08,1.698831667562573e-07
2.43998629725955e-08,1.734440301381923e-07
2.491130026067791e-08,1.770795314826046e-07
2.543345761304648e-08,1.807912354268026e-07
2.596655972934873e-08,1.845807391376297e-07
2.651083601908536e-08,1.884496733106644e-07
2.706652070033241e-08,1.923997029473767e-07
2.763385290053173e-08,1.964325276881951e-07
2.821307675939471e-08,2.005498831447738e-07
2.880444153396298e-08,2.04753541122038e-07
2.940820170587061e-08,2.090453105063617e-07
3.002461709085549e-08,2.134270381537462e-07
3.06539529505653e-08,2.17900609777999e-07
3.12964801067075e-08,2.224679503948224e-07
3.195247505759214e-08,2.271310254320369e-07
3.262222009711667e-08,2.318918416177596e-07
3.330600343624589e-08,2.367524476465377e-07
3.40041193270371e-08,2.417149350675274e-07
3.471686818926559e-08,2.467814396167611e-07
3.544455673970436e-08,2.519541413281701e-07
3.618749812411276e-08,2.572352664209632e-07
3.694601205199302e-08,2.626270871886049e-07
3.772042493417001e-08,2.681319242192615e-07
3.851107002325569e-08,2.737521460627335e-07
3.93182875570577e-08,2.794901715619247e-07
4.014242490499318e-08,2.853484698528419e-07
4.098383671757262e-08,2.913295619189071e-07
4.184288507901584e-08,2.974360215901584e-07
4.271993966306777e-08,3.036704766534726e-07
4.361537789208006e-08,3.100356099627888e-07
4.45295850994266e-08,3.165341606603533e-07
4.546295469532399e-08,3.23168925286943e-07
4.641588833612782e-08,3.299427587810655e-07
4.738879609717651e-08,3.36858576366339e-07
4.838209664925958e-08,3.439193541066032e-07
4.939621743878326e-08,3.511281302381875e-07
5.043159487171359e-08,3.584880070572893e-07
5.148867450137498e-08,3.660021518081535e-07
5.256791122018419e-08,3.736737977932947e-07
5.366976945540476e-08,3.815062465939434e-07
5.479472336900293e-08,3.895028686251578e-07
5.594325706169378e-08,3.976671051342251e-07
5.711586478126435e-08,4.060024693108844e-07
5.831305113526219e-08,4.145125482857281e-07
5.95353313081437e-08,4.232010040183809e-07
6.078323128297236e-08,4.320715754069226e-07
6.2057288067765e-08,4.41128079731179e-07
6.335804992658255e-08,4.503744144290778e-07
6.46860766154632e-08,4.598145582068724e-07
6.604193962330306e-08,4.69452573703677e-07
6.742622241778349e-08,4.792926081575999e-07
6.883952069645497e-08,4.893388961813017e-07
7.028244264308353e-08,4.995957609832402e-07
7.175560918936921e-08,5.100676163660722e-07
7.32596542821523e-08,5.207589686140324e-07
7.479522515621828e-08,5.31674418602357e-07
7.636298261282242e-08,5.428186635736409e-07
7.796360130405237e-08,5.541964991362391e-07
7.959777002314978e-08,5.658128214847125e-07
8.126619200091946e-08,5.776726295092516e-07
8.296958520834915e-08,5.897810269051007e-07
8.470868266557402e-08,6.021432240599367e-07
8.648423275731727e-08,6.14764540940449e-07
8.829699955494083e-08,6.276504088686963e-07
9.014776314524918e-08,6.408063729645974e-07
9.20373199661823e-08,6.542380944773996e-07
9.396648314954691e-08,6.679513536722581e-07
9.593608287093146e-08,6.819520517176159e-07
9.794696670695386e-08,6.962462133497382e-07
1e-07,7.108399899813378e-07
1.020960662306048e-07,7.257396615889533e-07
1.042360673976401e-07,7.409516399325966e-07
1.064209244064725e-07,7.564824711092655e-07
1.086515774652537e-07,7.723388386615682e-07
1.109289864895223e-07,7.885275657981694e-07
1.132541315152813e-07,8.050556191685487e-07
1.156280131207375e-07,8.219301111944688e-07
1.180516528568806e-07,8.391583035116668e-07
1.205260936870841e-07,8.567476097454119e-07
1.230524004359261e-07,8.747055992852637e-07
1.256316602474121e-07,8.930399997275629e-07
1.28264983052806e-07,9.117587010942785e-07
1.309535020482668e-07,9.308697583865211e-07
1.336983741824945e-07,9.503813958033902e-07
1.365007806546014e-07,9.703020096285542e-07
1.393619274224144e-07,9.906401723380753e-07
1.422830457214352e-07,1.011404635931079e-06
1.452653925946781e-07,1.032604336037579e-06
1.483102514336103e-07,1.054248395360169e-06
1.514189325304352e-07,1.076346128114913e-06
1.545927736419479e-07,1.098907043473041e-06
1.578331405652117e-07,1.121940849890812e-06
1.61141427725302e-07,1.145457459772459e-06
1.645190587753661e-07,1.169466992689827e-06
1.679674872092653e-07,1.193979780822474e-06
1.714881969870541e-07,1.219006372510378e-06
1.750827031735723e-07,1.244557537583013e-06
1.787525525904236e-07,1.270644271245125e-06
1.824993244816151e-07,1.297277799405805e-06
1.86324631193156e-07,1.324469583341426e-06
1.902301188668946e-07,1.352231324247555e-06
1.942174681489024e-07,1.380574968790071e-06
1.982883949127071e-07,1.409512714101169e-06
2.024446509976802e-07,1.43905701288638e-06
2.066880249629082e-07,1.469220578753649e-06
2.110203428568597e-07,1.500016392097514e-06
2.154434690031882e-07,1.531457705095107e-06
2.199593068030075e-07,1.563558047812386e-06
2.245697995539772e-07,1.596331233866266e-06
2.292769312865649e-07,1.629791366530853e-06
2.340827276178294e-07,1.663952844510597e-06
2.389892566231048e-07,1.698830368601634e-06
2.43998629725955e-07,1.734438947353922e-06
2.491130026067786e-07,1.770793904287693e-06
2.543345761304648e-07,1.80791088377763e-06
2.596655972934872e-07,1.845805858269323e-06
2.651083601908536e-07,1.884495135162645e-06
2.706652070033241e-07,1.923995363251052e-06
2.763385290053167e-07,1.964323540715185e-06
2.82130767593947e-07,2.005497021895231e-06
2.880444153396298e-07,2.047533524618395e-06
2.940820170587061e-07,2.090451138525573e-06
3.002461709085549e-07,2.134268332176781e-06
3.065395295056524e-07,2.179003961266801e-06
3.12964801067075e-07,2.224677276618792e-06
3.195247505759214e-07,2.271307932733002e-06
3.262222009711673e-07,2.318915996113446e-06
3.330600343624589e-07,2.367521953705598e-06
3.400411932703703e-07,2.417146721889196e-06
3.471686818926559e-07,2.467811655582075e-06
3.544455673970435e-07,2.51953855723297e-06
3.618749812411284e-07,2.57234968614739e-06
3.694601205199302e-07,2.626267768479629e-06
3.772042493416994e-07,2.681316006447609e-06
3.851107002325569e-07,2.737518088880009e-06
3.93182875570577e-07,2.794898200875195e-06
4.014242490499326e-07,2.853481034681415e-06
4.098383671757261e-07,2.913291799910844e-06
4.184288507901585e-07,2.97435623475284e-06
4.271993966306776e-07,3.036700616632082e-06
4.361537789208006e-07,3.100351774198984e-06
4.45295850994266e-07,3.165337097876808e-06
4.5462954695324e-07,3.231684552629233e-06
4.641588833612782e-07,3.29942268950667e-06
4.738879609717651e-07,3.368580657858722e-06
4.838209664925957e-07,3.439188217990718e-06
4.939621743878326e-07,3.511275754264354e-06
5.043159487171359e-07,3.584874287754225e-06
5.148867450137498e-07,3.660015489570512e-06
5.25679112201842e-07,3.736731694958806e-06
5.366976945540476e-07,3.815055916733812e-06
5.479472336900293e-07,3.895021859712244e-06
5.594325706169378e-07,3.976663935256752e-06
5.711586478126435e-07,4.060017275930861e-06
5.831305113526218e-07,4.145117750598004e-06
5.95353313081437e-07,4.232001980186695e-06
6.078323128297237e-07,4.320707352900577e-06
6.205728806776501e-07,4.411272040982794e-06
6.335804992658255e-07,4.503735016259114e-06
6.468607661546321e-07,4.598136068012515e-06
6.604193962330305e-07,4.694515819192446e-06
6.742622241778349e-07,4.792915744178394e-06
6.883952069645496e-07,4.893378186765496e-06
7.028244264308353e-07,4.995946378261173e-06
7.175560918936921e-07,5.100664456136883e-06
7.32596542821523e-07,5.207577482901904e-06
7.479522515621828e-07,5.316731465754287e-06
7.636298261282241e-07,5.428173376120782e-06
7.796360130405236e-07,5.541951169973913e-06
7.959777002314978e-07,5.65811380826009e-06
8.126619200091945e-07,5.776711278548952e-06
8.296958520834915e-07,5.897794615905561e-06
8.470868266557403e-07,6.021415924983842e-06
8.648423275731727e-07,6.147628402786154e-06
8.829699955494083e-07,6.276486361311839e-06
9.014776314524917e-07,6.40804525098293e-06
9.20373199661823e-07,6.542361684069853e-06
9.396648314954691e-07,6.679493460115538e-06
9.593608287093148e-07,6.819499589472144e-06
9.794696670695385e-07,6.962440319835395e-06
1e-06,7.108377161557655e-06
1.020960662306047e-06,7.257372914071247e-06
1.042360673976401e-06,7.409491693421977e-06
1.064209244064725e-06,7.564798959247554e-06
1.086515774652537e-06,7.723361543310325e-06
1.109289864895223e-06,7.88524767825205e-06
1.132541315152813e-06,8.050527026681742e-06
1.156280131207375e-06,8.219270711595783e-06
1.180516528568805e-06,8.391551346575987e-06
1.205260936870841e-06,8.567443067097891e-06
1.230524004359262e-06,8.747021562616197e-06
1.256316602474121e-06,8.930364109094313e-06
1.28264983052806e-06,9.117549602088992e-06
1.309535020482668e-06,9.308658590945207e-06
1.336983741824945e-06,9.503773312991015e-06
1.365007806546014e-06,9.702977729619811e-06
1.393619274224143e-06,9.906357561706436e-06
1.422830457214352e-06,1.011400032724374e-05
1.452653925946781e-06,1.032599537809098e-05
1.483102514336103e-06,1.054243393927567e-05
1.514189325304352e-06,1.076340914774043e-05
1.545927736419479e-06,1.0989016092533e-05
1.57833140565212e-06,1.12193518557735e-05
1.61141427725302e-06,1.145451555450983e-05
1.645190587753661e-06,1.169460838301717e-05
1.679674872092653e-06,1.193973365676282e-05
1.714881969870541e-06,1.218999685659305e-05
1.750827031735727e-06,1.244550567425229e-05
1.787525525904235e-06,1.270637005856834e-05
1.82499324481615e-06,1.297270226296998e-05
1.86324631193156e-06,1.32446168935596e-05
1.902301188668946e-06,1.352223095862914e-05
1.942174681489028e-06,1.380566391884219e-05
1.982883949127071e-06,1.409503773874832e-05
2.024446509976802e-06,1.43904769391856e-05
2.066880249629082e-06,1.469210865090442e-05
2.110203428568597e-06,1.500006266930143e-05
2.154434690031886e-06,1.53144715099307e-05
2.199593068030075e-06,1.563547046612435e-05
2.245697995539772e-06,1.596319766672405e-05
2.292769312865649e-06,1.629779413570009e-05
2.340827276178294e-06,1.663940385276952e-05
2.389892566231052e-06,1.698817381534656e-05
2.43998629725955e-06,1.734425410193641e-05
2.491130026067786e-06,1.770779793630606e-05
2.543345761304648e-06,1.807896175376467e-05
2.596655972934872e-06,1.845790526866509e-05
2.651083601908542e-06,1.884479154246055e-05
2.706652070033241e-06,1.923978705431484e-05
2.763385290053167e-06,1.964306177271169e-05
2.821307675939471e-06,2.005478922861847e-05
2.880444153396298e-06,2.047514658976013e-05
2.940820170587067e-06,2.090431473722454e-05
3.002461709085549e-06,2.13424783434002e-05
3.065395295056524e-06,2.178982595080203e-05
3.129648010670751e-06,2.224655005389486e-05
3.195247505759214e-06,2.271284718147193e-05
3.262222009711673e-06,2.318891798136491e-05
3.330600343624589e-06,2.367496730670826e-05
3.400411932703702e-06,2.417120430409092e-05
3.47168681892656e-06,2.467784250359539e-05
3.544455673970436e-06,2.519509991039115e-05
3.618749812411284e-06,2.572319909899257e-05
3.694601205199302e-06,2.62623673087381e-05
3.772042493416993e-06,2.681283654126787e-05
3.851107002325569e-06,2.737484366088783e-05
3.93182875570577e-06,2.794863049604412e-05
4.014242490499326e-06,2.85344439436841e-05
4.098383671757261e-06,2.91325360750605e-05
4.184288507901576e-06,2.97431642446444e-05
4.271993966306777e-06,3.036659120037033e-05
4.361537789208005e-06,3.100308519699002e-05
4.45295850994266e-06,3.165292011142462e-05
4.5462954695324e-06,3.231637556033728e-05
4.641588833612773e-06,3.299373702081443e-05
4.738879609717651e-06,3.36852959527123e-05
4.838209664925957e-06,3.439134992444526e-05
4.939621743878326e-06,3.51122027406614e-05
5.043159487171359e-06,3.584816457335993e-05
5.148867450137487e-06,3.659955209456278e-05
5.25679112201842e-06,3.736668861342718e-05
5.366976945540476e-06,3.814990421469044e-05
5.479472336900293e-06,3.894953590077854e-05
5.594325706169378e-06,3.976592773702325e-05
5.711586478126423e-06,4.059943099909979e-05
5.831305113526219e-06,4.145040432490532e-05
5.95353313081437e-06,4.231921386810278e-05
6.078323128297237e-06,4.320623345599461e-05
6.205728806776501e-06,4.411184475017205e-05
6.335804992658241e-06,4.503643741071706e-05
6.468607661546321e-06,4.598040926373503e-05
6.604193962330305e-06,4.694416647277322e-05
6.742622241778349e-06,4.792812371290367e-05
6.883952069645496e-06,4.893270434958019e-05
7.028244264308338e-06,4.995834062060389e-05
7.175560918936921e-06,5.100547382175247e-05
7.32596542821523e-06,5.207455449718346e-05
7.479522515621829e-06,5.3166042632391e-05
7.636298261282242e-06,5.428040785271371e-05
7.796360130405221e-06,5.541812962495118e-05
7.959777002314978e-06,5.657969746353242e-05
8.126619200091945e-06,5.776561114123613e-05
8.296958520834915e-06,5.897638090412993e-05
8.470868266557402e-06,6.021252769061736e-05
8.648423275731709e-06,6.147458335603595e-05
8.829699955494083e-06,6.276309090069709e-05
9.014776314524917e-06,6.407860470392102e-05
9.20373199661823e-06,6.542169076229065e-05
9.396648314954691e-06,6.679292693290151e-05
9.593608287093147e-06,6.819290318182958e-05
9.794696670695386e-06,6.962222183803934e-05
1e-05,7.108149785217677e-05
1.020960662306048e-05,7.257135906102441e-05
1.042360673976401e-05,7.409244645739665e-05
1.064209244064725e-05,7.564541446580808e-05
1.086515774652537e-05,7.723093122402602e-05
1.109289864895223e-05,7.88496788699522e-05
1.132541315152813e-05,8.050235383516569e-05
1.156280131207375e-05,8.218966714412801e-05
1.180516528568806e-05,8.391234472027165e-05
1.205260936870841e-05,8.567112769741758e-05
1.230524004359262e-05,8.746677273907544e-05
1.256316602474121e-05,8.930005236340577e-05
1.28264983052806e-05,9.117175527528776e-05
1.309535020482668e-05,9.308268670527031e-05
1.336983741824945e-05,9.503366875596164e-05
1.365007806546014e-05,9.702554075552428e-05
1.393619274224143e-05,9.905915961772038e-05
1.422830457214352e-05,0.000101135400211283
1.452653925946781e-05,0.0001032551557350603
1.483102514336103e-05,0.0001054193381024859
1.514189325304352e-05,0.0001076288783332657
1.545927736419479e-05,0.0001098847269533909
1.578331405652116e-05,0.0001121878544041444
1.61141427725302e-05,0.0001145392514587673
1.645190587753661e-05,0.0001169399296481188
1.679674872092653e-05,0.0001193909216959943
1.714881969870541e-05,0.0001218932819622154
1.750827031735727e-05,0.0001244480868960451
1.787525525904236e-05,0.000127056435498929
1.82499324481615e-05,0.0001297194497962284
1.86324631193156e-05,0.000132438275319835
1.902301188668946e-05,0.0001352140816001102
1.942174681489028e-05,0.0001380480626683722
1.982883949127071e-05,0.0001409414375699303
2.024446509976802e-05,0.0001438954508877766
2.066880249629082e-05,0.0001469113732776028
2.110203428568597e-05,0.000149990502013031
2.154434690031887e-05,0.000153134161543389
2.199593068030075e-05,0.0001563437040625892
2.245697995539772e-05,0.0001596205100897752
2.292769312865649e-05,0.0001629659890622914
2.340827276178294e-05,0.0001663815799414214
2.389892566231053e-05,0.0001698687518300046
2.43998629725955e-05,0.000173429004603487
2.491130026067786e-05,0.0001770638695541837
2.543345761304648e-05,0.0001807749100486422
2.596655972934872e-05,0.0001845637221994378
2.651083601908542e-05,0.0001884319355498487
2.706652070033241e-05,0.0001923812137745173
2.763385290053167e-05,0.0001964132553926579
2.821307675939471e-05,0.0002005297944983608
2.880444153396298e-05,0.0002047326015042206
2.940820170587067e-05,0.0002090234839019489
3.002461709085549e-05,0.0002134042870381991
3.065395295056524e-05,0.000217876894906377
3.12964801067075e-05,0.0002224432309557711
3.195247505759214e-05,0.0002271052589167821
3.262222009711673e-05,0.0002318649836438036
3.330600343624589e-05,0.0002367244519760892
3.400411932703703e-05,0.0002416857536152728
3.471686818926559e-05,0.000246751022022984
3.544455673970435e-05,0.0002519224353354499
3.618749812411284e-05,0.0002572022172990795
3.694601205199302e-05,0.000262592638223591
3.772042493416993e-05,0.0002680960159564538
3.851107002325569e-05,0.0002737147168772047
3.93182875570577e-05,0.0002794511569125246
4.014242490499326e-05,0.0002853078025724098
4.098383671757261e-05,0.0002912871720079924
4.184288507901576e-05,0.0002973918360917871
4.271993966306776e-05,0.0003036244195199211
4.361537789208006e-05,0.000309987601937789
4.45295850994266e-05,0.0003164841190886891
4.5462954695324e-05,0.00032311676398733
4.641588833612772e-05,0.0003298883881167614
4.738879609717651e-05,0.0003368019026507296
4.838209664925957e-05,0.000343860279702124
4.939621743878326e-05,0.0003510665535958468
5.043159487171359e-05,0.0003584238221702174
5.148867450137487e-05,0.0003659352481039102
5.256791122018419e-05,0.0003736040602713153
5.366976945540476e-05,0.0003814335551259873
5.479472336900293e-05,0.0003894270981128489
5.594325706169377e-05,0.0003975881251099267
5.711586478126424e-05,0.0004059201439002846
5.831305113526218e-05,0.0004144267356737119
5.95353313081437e-05,0.0004231115565613841
6.078323128297237e-05,0.0004319783392003895
6.2057288067765e-05,0.0004410308943326724
6.335804992658241e-05,0.0004502731124362835
6.468607661546321e-05,0.0004597089653906039
6.604193962330305e-05,0.0004693425081767622
6.742622241778349e-05,0.0004791778806125802
6.883952069645496e-05,0.0004892193091246
7.028244264308338e-05,0.0004994711085561931
7.175560918936922e-05,0.0005099376840137504
7.32596542821523e-05,0.0005206235327508413
7.479522515621829e-05,0.0005315332460921196
7.636298261282242e-05,0.0005426715113965308
7.79636013040522e-05,0.0005540431140617086
7.959777002314978e-05,0.000565652939570338
8.126619200091945e-05,0.000577505975578374
8.296958520834916e-05,0.0005896073140467806
8.470868266557403e-05,0.000601962153418123
8.648423275731709e-05,0.000614575800837569
8.829699955494083e-05,0.0006274536744208525
9.014776314524917e-05,0.0006406013055680893
9.203731996618231e-05,0.0006540243413269975
9.39664831495469e-05,0.0006677285468038585
9.593608287093147e-05,0.0006817198076258801
9.794696670695385e-05,0.0006960041324531874
0.0001,0.0007105876555438817
0.0001020960662306048,0.0007254766393717249
0.0001042360673976401,0.000740677477298668
0.0001064209244064725,0.0007561966963020028
0.0001086515774652537,0.0007720409597583577
0.0001109289864895223,0.0007882170702858682
0.0001132541315152813,0.0008047319726438573
0.0001156280131207375,0.0008215927566940229
0.0001180516528568806,0.0008388066604221311
0.0001205260936870841,0.0008563810730216614
0.0001230524004359262,0.0008743235380428427
0.0001256316602474122,0.0008926417566049727
0.000128264983052806,0.0009113435906764611
0.0001309535020482668,0.0009304370664219297
0.0001336983741824945,0.0009499303776185908
0.0001365007806546014,0.0009698318891435687
0.0001393619274224143,0.0009901501405326085
0.0001422830457214352,0.001010893849612282
0.0001452653925946781,0.001032071916208022
0.0001483102514336103,0.001053693425927205
0.0001514189325304352,0.001075767654021176
0.0001545927736419478,0.001098304069326872
0.0001578331405652116,0.001121312338288938
0.000161141427725302,0.001144802329065664
0.0001645190587753661,0.001168784115718302
0.0001679674872092653,0.001193267982487534
0.0001714881969870541,0.001218264428157534
0.0001750827031735723,0.001243784170509521
0.0001787525525904235,0.00126983815086712
0.0001824993244816151,0.001296437538735318
0.000186324631193156,0.001323593736534012
0.0001902301188668946,0.001351318384429256
0.0001942174681489025,0.001379623365263427
0.0001982883949127071,0.001408520809586644
0.0002024446509976802,0.001438023100790886
0.0002066880249629082,0.001468142880349799
0.0002110203428568597,0.001498893053165529
0.0002154434690031882,0.001530286793024693
0.0002199593068030075,0.001562337548166925
0.0002245697995539772,0.001595059046965996
0.0002292769312865649,0.001628465303727844
0.0002340827276178294,0.001662570624606952
0.0002389892566231048,0.001697389613642963
0.000243998629725955,0.001732937178921312
0.0002491130026067791,0.001769228538858192
0.0002543345761304648,0.001806279228615204
0.0002596655972934873,0.001844105106642679
0.0002651083601908536,0.001882722361358224
0.0002706652070033241,0.001922147517959383
0.0002763385290053172,0.001962397445375741
0.0002821307675939471,0.002003489363361366
0.0002880444153396298,0.002045440849732461
0.000294082017058706,0.002088269847750568
0.0003002461709085549,0.002131994673655879
0.000306539529505653,0.002176634024353308
0.000312964801067075,0.002222206985253772
0.0003195247505759214,0.002268733038274018
0.0003262222009711667,0.002316232069998536
0.0003330600343624589,0.002364724380005456
0.000340041193270371,0.002414230689361196
0.000347168681892656,0.002464772149285976
0.0003544455673970436,0.002516370349993524
0.0003618749812411277,0.002569047329709306
0.0003694601205199302,0.00262282558386906
0.0003772042493417001,0.002677728074503505
0.0003851107002325569,0.002733778239809692
0.000393182875570577,0.0027910000039153
0.0004014242490499318,0.00284941778683856
0.0004098383671757261,0.002909056514646347
0.0004184288507901585,0.002969941629816342
0.0004271993966306776,0.003032099101805352
0.0004361537789208006,0.003095555437829356
0.0004452958509942651,0.003160337693856707
0.0004546295469532399,0.003226473485821613
0.0004641588833612782,0.003293991001059315
0.0004738879609717651,0.003362919009969323
0.0004838209664925957,0.003433286877908448
0.0004939621743878316,0.003505124577321106
0.0005043159487171359,0.003578462700107976
0.0005148867450137498,0.003653332470239468
0.0005256791122018419,0.003729765756618542
0.0005366976945540476,0.003807795086195664
0.0005479472336900282,0.003887453657343221
0.0005594325706169377,0.003968775353491161
0.0005711586478126435,0.00405179475703088
0.0005831305113526219,0.004136547163491322
0.000595353313081437,0.004223068595992086
0.0006078323128297224,0.004311395819978525
0.0006205728806776501,0.004401566358244624
0.0006335804992658254,0.004493618506247077
0.0006468607661546321,0.004587591347718245
0.0006604193962330305,0.00468352477058076
0.0006742622241778335,0.004781459483170214
0.0006883952069645496,0.004881437030772262
0.0007028244264308353,0.004983499812477254
0.0007175560918936921,0.005087691098360492
0.000732596542821523,0.005194055046991553
0.0007479522515621828,0.005302636723279797
0.0007636298261282241,0.005413482116661039
0.0007796360130405237,0.005526638159631614
0.0007959777002314978,0.005642152746635376
0.0008126619200091946,0.005760074753309308
0.0008296958520834915,0.005880454056094386
0.0008470868266557402,0.006003341552217822
0.0008648423275731727,0.006128789180051331
0.0008829699955494083,0.006256849939853648
0.0009014776314524918,0.006387577914901965
0.000920373199661823,0.006521028293019149
0.000939664831495469,0.006657257388503202
0.0009593608287093146,0.006796322664464949
0.0009794696670695387,0.006938282755580838
0.001,0.007083197491266735
0.001020960662306047,0.007231127919279934
0.001042360673976401,0.007382136329755484
0.001064209244064725,0.007536286279683058
0.001086515774652537,0.007693642617832341
0.001109289864895223,0.007854271510132405
0.001132541315152813,0.00801824046551125
0.001156280131207375,0.00818561836220455
0.001180516528568806,0.008356475474537772
0.001205260936870841,0.008530883500190045
0.001230524004359262,0.008708915587945398
0.001256316602474122,0.008890646365939836
0.00128264983052806,0.009076151970408564
0.001309535020482668,0.009265510074943029
0.001336983741824945,0.009458799920261329
0.001365007806546014,0.009656102344502093
0.001393619274224143,0.009857499814045045
0.001422830457214352,0.0100630764548687
0.001452653925946781,0.01027291808444819
0.001483102514336103,0.0104871122442024
0.001514189325304352,0.01070574823249559
0.001545927736419478,0.01092891713820088
0.001578331405652117,0.01115671187483103
0.00161141427725302,0.01138922721524371
0.001645190587753661,0.01162655982692695
0.001679674872092653,0.01186880830787096
0.001714881969870541,0.01211607322303265
0.001750827031735723,0.012368457141398
0.001787525525904235,0.01262606467364935
0.00182499324481615,0.01288900251044101
0.00186324631193156,0.01315737946129136
0.001902301188668946,0.01343130649409396
0.001942174681489024,0.01371089677525483
0.001982883949127072,0.0139962657104592
0.002024446509976802,0.01428753098607316
0.002066880249629082,0.01458481261118449
0.002110203428568597,0.0148882329602863
0.002154434690031882,0.01519791681660732
0.002199593068030075,0.01551399141609311
0.002245697995539772,0.01583658649203978
0.002292769312865649,0.01616583432038499
0.002340827276178294,0.0165018697656566
0.002389892566231048,0.01684483032758222
0.00243998629725955,0.01719485618836181
0.002491130026067791,0.01755209026060178
0.002543345761304648,0.01791667823591514
0.002596655972934872,0.0182887686341846
0.002651083601908536,0.01866851285348914
0.002706652070033241,0.0190560652206947
0.002763385290053173,0.01945158304270456
0.002821307675939471,0.01985522665836958
0.002880444153396298,0.02026715949105495
0.002940820170587061,0.02068754810185802
0.003002461709085549,0.02111656224347591
0.00306539529505653,0.02155437491471535
0.00312964801067075,0.02200116241563954
0.003195247505759214,0.02245710440334592
0.003262222009711667,0.02292238394836565
0.003330600343624588,0.02339718759167775
0.00340041193270371,0.02388170540232626
0.003471686818926559,0.0243761310356313
0.003544455673970436,0.02488066179198134
0.003618749812411277,0.02539549867619317
0.003694601205199302,0.02592084645742598
0.003772042493417001,0.02645691372963366
0.003851107002325569,0.02700391297253757
0.003931828755705771,0.02756206061310262
0.004014242490499318,0.0281315770874957
0.004098383671757262,0.02871268690350526
0.004184288507901585,0.02930561870339898
0.004271993966306777,0.02991060532719492
0.004361537789208006,0.030527883876319
0.004452958509942651,0.03115769577762029
0.0045462954695324,0.03180028684771485
0.004641588833612782,0.03245590735762383
0.004738879609717651,0.03312481209767248
0.004838209664925958,0.03380726044261362
0.004939621743878316,0.0345035164169345
0.005043159487171359,0.03521384876030798
0.005148867450137497,0.03593853099314182
0.005256791122018419,0.03667784148218178
0.005366976945540477,0.03743206350611605
0.005479472336900281,0.03820148532113221
0.005594325706169377,0.0389864002263689
0.005711586478126435,0.03978710662920526
0.005831305113526219,0.04060390811032688
0.00595353313081437,0.04143711348850276
0.006078323128297224,0.04228703688500501
0.0062057288067765,0.04315399778760154
0.006335804992658254,0.04403832111404316
0.006468607661546321,0.04494033727496816
0.006604193962330305,0.04586038223614064
0.006742622241778335,0.04679879757993388
0.006883952069645496,0.04775593056596905
0.007028244264308352,0.04873213419081057
0.007175560918936921,0.04972776724661976
0.00732596542821523,0.05074319437866015
0.007479522515621813,0.05177878614154252
0.007636298261282242,0.05283491905409654
0.007796360130405237,0.05391197565274652
0.007959777002314978,0.05501034454326437
0.008126619200091946,0.05613042045077032
0.008296958520834915,0.05727260426783887
0.008470868266557402,0.05843730310057116
0.008648423275731726,0.0596249303124804
0.008829699955494083,0.0608359055660338
0.009014776314524917,0.06207065486169039
0.00920373199661823,0.06332961057426079
0.009396648314954691,0.06461321148641552
0.009593608287093146,0.06592190281915689
0.009794696670695385,0.06725613625905957
0.01,0.06861636998208609
0.01020960662306048,0.07000306867376482
0.01042360673976401,0.07141670354551921
0.01064209244064725,0.07285775234692315
0.01086515774652537,0.07432669937364933
0.01109289864895223,0.07582403547087346
0.01132541315152813,0.07735025803188145
0.01156280131207375,0.07890587099162216
0.01180516528568806,0.08049138481494011
0.01205260936870841,0.0821073164792061
0.01230524004359262,0.08375418945106339
0.01256316602474121,0.08543253365698955
0.0128264983052806,0.08714288544736803
0.01309535020482668,0.08888578755375276
0.01336983741824945,0.09066178903899591
0.01365007806546014,0.09247144523990414
0.01393619274224144,0.09431531770206958
0.01422830457214352,0.09619397410652064
0.01452653925946781,0.09810798818781785
0.01483102514336103,0.1000579396432142
0.01514189325304352,0.102044414032487
0.01545927736419479,0.1040680026680354
0.01578331405652117,0.106129302494829
0.0161141427725302,0.1082289159597788
0.01645190587753661,0.1103674508700917
0.01679674872092653,0.1125455202401596
0.01714881969870541,0.1147637421265184
0.01750827031735723,0.117022739450406
0.01787525525904235,0.1193231398074358
0.0182499324481615,0.1216655752638844
0.0186324631193156,0.1240506821390951
0.01902301188668946,0.1264791007734705
0.01942174681489025,0.1289514752815342
0.01982883949127071,0.1314684532895185
0.02024446509976802,0.1340306856569288
0.02066880249629082,0.1366388261815313
0.02110203428568597,0.1392935312871916
0.02154434690031882,0.1419954596939909
0.02199593068030075,0.1447452720700374
0.02245697995539772,0.1475436306643758
0.02292769312865649,0.1503911989204034
0.02340827276178294,0.1532886410691817
0.02389892566231048,0.1562366217020402
0.0243998629725955,0.1592358053218539
0.02491130026067786,0.1622868558723781
0.02543345761304648,0.1653904362450249
0.02596655972934872,0.1685472077624541
0.02651083601908536,0.1717578296383665
0.02706652070033241,0.1750229584128766
0.02763385290053173,0.1783432473628497
0.02821307675939471,0.1817193458865967
0.02880444153396298,0.1851518988623225
0.02940820170587061,0.1886415459797303
0.03002461709085549,0.1921889210442036
0.0306539529505653,0.1957946512529899
0.03129648010670751,0.1994593564428337
0.03195247505759213,0.2031836483085211
0.03262222009711666,0.2069681295918123
0.03330600343624589,0.2108133932402786
0.0340041193270371,0.2147200215355614
0.03471686818926559,0.2186885851906262
0.03544455673970436,0.2227196424155992
0.03618749812411277,0.2268137379518109
0.03694601205199302,0.230971402073728
0.03772042493417001,0.2351931495584717
0.03851107002325569,0.2394794786226931
0.0393182875570577,0.2438308698266145
0.04014242490499318,0.2482477849451001
0.04098383671757262,0.2527306658056951
0.04184288507901585,0.2572799330936182
0.04271993966306777,0.2618959851237822
0.04361537789208006,0.2665791965799829
0.04452958509942651,0.271329917221475
0.04546295469532399,0.2761484705572601
0.04641588833612782,0.2810351524884762
0.04738879609717651,0.2859902299194078
0.04838209664925957,0.2910139393377202
0.04939621743878315,0.2961064853646389
0.05043159487171359,0.3012680392759238
0.05148867450137497,0.306498737494596
0.05256791122018419,0.3117986800565249
0.05366976945540476,0.3171679290501117
0.05479472336900281,0.3226065070314512
0.05594325706169378,0.3281143954165227
0.05711586478126435,0.3336915328520959
0.05831305113526219,0.3393378135672372
0.0595353313081437,0.3450530857074534
0.06078323128297224,0.3508371496536974
0.062057288067765,0.3566897563286709
0.06335804992658255,0.3626106054930237
0.0646860766154632,0.368599344034284
0.06604193962330306,0.3746555642515527
0.06742622241778336,0.380778802139203
0.06883952069645496,0.3869685356730823
0.07028244264308353,0.3932241831029029
0.07175560918936921,0.3995451012547834
0.0732596542821523,0.405930583848121
0.07479522515621813,0.4123798598312203
0.07636298261282241,0.4188920917403793
0.07796360130405237,0.4254663740873479
0.07959777002314977,0.4321017317803713
0.08126619200091946,0.4387971185842608
0.08296958520834916,0.445551415625198
0.08470868266557402,0.4523634299462507
0.08648423275731726,0.4592318931198235
0.08829699955494083,0.4661554599235135
0.09014776314524918,0.4731327070861198
0.09203731996618231,0.4801621321107614
0.09396648314954691,0.4872421521823337
0.09593608287093147,0.494371103166737
0.09794696670695385,0.5015472387095318
0.1,0.5087687294419012
0.1020960662306048,0.5160336623019568
0.1042360673976401,0.5233400399796364
0.1064209244064725,0.5306857804935678
0.1086515774652537,0.5380687169084145
0.1109289864895223,0.5454865972013434
0.1132541315152813,0.5529370842863061
0.1156280131207375,0.5604177562049122
0.1180516528568806,0.5679261064926719
0.1205260936870841,0.5754595447293677
0.1230524004359262,0.5830153972822902
0.1256316602474122,0.5905909082509397
0.128264983052806,0.5981832406216929
0.1309535020482668,0.6057894776407291
0.1336983741824945,0.6134066244132688
0.1365007806546014,0.6210316097369196
0.1393619274224144,0.6286612881765331
0.1422830457214352,0.6362924423876148
0.1452653925946781,0.6439217856948349
0.1483102514336103,0.6515459649316547
0.1514189325304352,0.6591615635465113
0.1545927736419478,0.6667651049802893
0.1578331405652116,0.6743530563191107
0.161141427725302,0.6819218322256293
0.1645190587753661,0.6894677991511283
0.1679674872092653,0.6969872798297755
0.1714881969870541,0.7044765580553082
0.1750827031735723,0.7119318837393382
0.1787525525904236,0.7193494782492449
0.182499324481615,0.7267255400223462
0.186324631193156,0.7340562504517261
0.1902301188668946,0.7413377800376219
0.1942174681489025,0.7485662947968419
0.1982883949127071,0.7557379629210937
0.2024446509976802,0.7628489616734973
0.2066880249629082,0.7698954845109079
0.2110203428568597,0.776873748417925
0.2154434690031882,0.7837800014367373
0.2199593068030075,0.7906105303751458
0.2245697995539772,0.7973616686732932
0.2292769312865649,0.8040298044078227
0.2340827276178294,0.8106113884103355
0.2389892566231048,0.817102942475229
0.243998629725955,0.8235010676301955
0.2491130026067786,0.829802452440908
0.2543345761304648,0.8360038813197496
0.2596655972934873,0.8421022428067918
0.2651083601908536,0.8480945377897251
0.2706652070033241,0.8539778876280028
0.2763385290053172,0.8597495421451595
0.2821307675939471,0.8654068874521318
0.2880444153396298,0.8709474535633959
0.2940820170587061,0.87636892176694
0.3002461709085549,0.8816691317084979
0.306539529505653,0.8868460881500626
0.312964801067075,0.8918979673625901
0.3195247505759213,0.8968231231128985
0.3262222009711667,0.9016200922051678
0.3330600343624588,0.9062875995381445
0.340041193270371,0.9108245626401236
0.3471686818926559,0.9152300956451099
0.3544455673970436,0.9195035126751903
0.3618749812411277,0.9236443305961072
0.3694601205199303,0.9276522711153657
0.3772042493417002,0.9315272621948241
0.3851107002325569,0.9352694387527396
0.393182875570577,0.9388791426335573
0.4014242490499318,0.9423569218273746
0.4098383671757261,0.9457035289250006
0.4184288507901585,0.9489199187987619
0.4271993966306777,0.9520072455037596
0.4361537789208006,0.9549668583990437
0.4452958509942651,0.9578002974931625
0.4546295469532399,0.960509288023722
0.4641588833612782,0.9630957342858812
0.4738879609717651,0.9655617127301247
0.4838209664925957,0.967909464355091
0.4939621743878316,0.9701413864266751
0.5043159487171359,0.9722600235600145
0.5148867450137498,0.9742680582062148
0.5256791122018419,0.9761683005907714
0.5366976945540476,0.9779636781554814
0.5479472336900282,0.9796572245601903
0.5594325706169377,0.981252068304913
0.5711586478126435,0.9827514210366254
0.5831305113526218,0.9841585656083314
0.595353313081437,0.9854768439607563
0.6078323128297224,0.9867096448992072
0.62057288067765,0.9878603918396915
0.6335804992658254,0.9889325305992714
0.6468607661546321,0.9899295173058283
0.6604193962330305,0.9908548065018775
0.6742622241778335,0.9917118395158124
0.6883952069645496,0.9925040331719513
0.7028244264308353,0.9932347689080174
0.7175560918936921,0.9939073823652226
0.732596542821523,0.9945251535119664
0.7479522515621814,0.9950912973573466
0.7636298261282242,0.9956089553052521
0.7796360130405237,0.9960811871938272
0.7959777002314977,0.996510964058636
0.8126619200091946,0.9969011616509773
0.8296958520834898,0.9972545547356058
0.8470868266557402,0.9975738121846837
0.8648423275731727,0.9978614928772189
0.8829699955494082,0.9981200424056448
0.9014776314524917,0.9983517905836576
0.9203731996618231,0.9985589497420623
0.9396648314954691,0.9987436137922797
0.9593608287093147,0.9989077580304395
0.9794696670695385,0.9990532396487125
1,0.9991817989148122
1.020960662306048,0.9992950609754898
1.042360673976403,0.9993945382354245
1.064209244064722,0.9994816332592302
1.086515774652537,0.99955764214139
1.109289864895223,0.9996237582868275
1.132541315152813,0.999681076543535
1.156280131207378,0.9997305976281935
1.180516528568803,0.9997732327860352
1.205260936870841,0.9998098086272675
1.230524004359262,0.9998410720841592
1.256316602474121,0.999867695435334
1.282649830528062,0.9998902813468423
1.309535020482665,0.999909367883116
1.336983741824945,0.999925433444884
1.365007806546014,0.9999389015954218
1.393619274224144,0.9999501457410568
1.422830457214355,0.9999594936365541
1.452653925946778,0.9999672316907676
1.483102514336103,0.9999736090526796
1.514189325304352,0.9999788414625854
1.545927736419479,0.9999831148576268
1.57833140565212,0.9999865887250848
1.611414277253017,0.9999893992007418
1.645190587753661,0.9999916619131758
1.679674872092653,0.9999934745780223
1.714881969870541,0.9999949193490012
1.750827031735727,0.9999960649348519
1.787525525904232,0.999996968493251
1.824993244816151,0.9999976773142922
1.86324631193156,0.9999982303072328
1.902301188668946,0.9999986593049505
1.942174681489028,0.9999989902009607
1.982883949127067,0.9999992439339332
2.024446509976802,0.999999437334477
2.066880249629082,0.9999995838485503
2.110203428568596,0.9999996941512601
2.154434690031886,0.999999776664068
2.19959306803007,0.9999998379875579
2.245697995539772,0.9999998832609903
2.292769312865649,0.9999999164588863
2.340827276178294,0.9999999406338886
2.389892566231053,0.9999999581141642
2.439986297259545,0.9999999706626537
2.491130026067786,0.9999999796045647
2.543345761304648,0.9999999859286522
2.596655972934872,0.9999999903670432
2.651083601908542,0.999999993457648
2.706652070033236,0.9999999955925615
2.763385290053167,0.9999999970552876
2.821307675939471,0.9999999980491299
2.880444153396298,0.9999999987186559
2.940820170587067,0.9999999991657877
3.002461709085543,0.9999999994617543
3.065395295056524,0.9999999996558913
3.12964801067075,0.9999999997820592
3.195247505759214,0.9999999998632826
3.262222009711673,0.9999999999150694
3.330600343624582,0.9999999999477639
3.400411932703703,0.9999999999681981
3.47168681892656,0.9999999999808391
3.544455673970436,0.9999999999885772
3.618749812411284,0.9999999999932638
3.694601205199295,0.9999999999960713
3.772042493416994,0.9999999999977345
3.851107002325569,0.9999999999987085
3.93182875570577,0.9999999999992724
4.014242490499326,0.999999999999595
4.098383671757253,0.9999999999997773
4.184288507901576,0.9999999999998791
4.271993966306777,0.9999999999999352
4.361537789208006,0.9999999999999657
4.45295850994266,0.9999999999999821
4.54629546953239,0.9999999999999908
4.641588833612772,0.9999999999999953
4.738879609717651,0.9999999999999977
4.838209664925957,0.9999999999999989
4.939621743878326,0.9999999999999994
5.043159487171349,0.9999999999999998
5.148867450137487,0.9999999999999999
5.256791122018419,0.9999999999999999
5.366976945540476,1
5.479472336900293,1
5.594325706169389,1
5.711586478126423,1
5.831305113526219,1
5.95353313081437,1
6.078323128297236,1
6.205728806776513,1
6.335804992658241,1
6.46860766154632,1
6.604193962330306,1
6.742622241778349,1
6.883952069645511,1
7.028244264308339,1
7.175560918936921,1
7.32596542821523,1
7.479522515621829,1
7.636298261282257,1
7.796360130405221,1
7.959777002314977,1
8.126619200091946,1
8.296958520834915,1
8.470868266557419,1
8.648423275731709,1
8.829699955494084,1
9.014776314524918,1
9.203731996618231,1
9.39664831495471,1
9.593608287093128,1
9.794696670695386,1
10,1
