#Exponential aproximation (linear regression) vs Original set
#ExpLr(x), ExpLr(CDF) 
1e-08,1.490628047662312e-07
1.020960662306048e-08,1.521872595722229e-07
1.042360673976401e-08,1.553772051021696e-07
1.064209244064725e-08,1.586340139247966e-07
1.086515774652537e-08,1.619590876966726e-07
1.109289864895223e-08,1.653538571622093e-07
1.132541315152813e-08,1.688197832638849e-07
1.156280131207375e-08,1.723583573642884e-07
1.180516528568806e-08,1.759711023563426e-07
1.205260936870841e-08,1.79659572885349e-07
1.230524004359262e-08,1.834253562371657e-07
1.256316602474122e-08,1.872700727822973e-07
1.28264983052806e-08,1.911953771971397e-07
1.309535020482668e-08,1.952029584639803e-07
1.336983741824945e-08,1.9929454142531e-07
1.365007806546014e-08,2.034718865617791e-07
1.393619274224144e-08,2.077367916575312e-07
1.422830457214352e-08,2.120910919112262e-07
1.452653925946781e-08,2.16536661157285e-07
1.483102514336103e-08,2.210754125320236e-07
1.514189325304352e-08,2.257092990287646e-07
1.545927736419478e-08,2.304403149411272e-07
1.578331405652117e-08,2.352704959740493e-07
1.61141427725302e-08,2.402019207980999e-07
1.645190587753661e-08,2.452367114935683e-07
1.679674872092653e-08,2.503770347717094e-07
1.714881969870541e-08,2.55625102529855e-07
1.750827031735723e-08,2.609831732947043e-07
1.787525525904235e-08,2.664535527774348e-07
1.824993244816151e-08,2.720385948729032e-07
1.86324631193156e-08,2.777407032139578e-07
1.902301188668946e-08,2.835623315045055e-07
1.942174681489025e-08,2.895059849628012e-07
1.982883949127072e-08,2.955742212096268e-07
2.024446509976802e-08,3.017696517115809e-07
2.066880249629082e-08,3.080949425582347e-07
2.110203428568597e-08,3.145528155723554e-07
2.154434690031882e-08,3.211460498642182e-07
2.199593068030075e-08,3.278774826087627e-07
2.245697995539776e-08,3.347500107109269e-07
2.292769312865649e-08,3.417665913607593e-07
2.340827276178294e-08,3.489302442538644e-07
2.389892566231048e-08,3.562440519244703e-07
2.43998629725955e-08,3.637111618548516e-07
2.491130026067791e-08,3.713347873635087e-07
2.543345761304648e-08,3.791182089374345e-07
2.596655972934873e-08,3.870647761194945e-07
2.651083601908536e-08,3.951779086186491e-07
2.706652070033241e-08,4.034610976422215e-07
2.763385290053173e-08,4.119179076722546e-07
2.821307675939471e-08,4.20551978019823e-07
2.880444153396298e-08,4.293670241573011e-07
2.940820170587061e-08,4.38366839383697e-07
3.002461709085549e-08,4.475552966010099e-07
3.06539529505653e-08,4.569363498685419e-07
3.12964801067075e-08,4.665140361792552e-07
3.195247505759214e-08,4.762924770140842e-07
3.262222009711667e-08,4.862758803403366e-07
3.330600343624589e-08,4.96468542388051e-07
3.40041193270371e-08,5.068748492043085e-07
3.471686818926559e-08,5.17499278984701e-07
3.544455673970436e-08,5.283464037386665e-07
3.618749812411276e-08,5.394208912878895e-07
3.694601205199302e-08,5.507275073757256e-07
3.772042493417001e-08,5.62271117443558e-07
3.851107002325569e-08,5.740566890732879e-07
3.93182875570577e-08,5.860892938747142e-07
4.014242490499318e-08,5.983741100390461e-07
4.098383671757262e-08,6.109164237821929e-07
4.184288507901584e-08,6.237216326754336e-07
4.271993966306777e-08,6.367952470887062e-07
4.361537789208006e-08,6.501428928551434e-07
4.45295850994266e-08,6.637703139356077e-07
4.546295469532399e-08,6.776833746391375e-07
4.641588833612782e-08,6.918880620654377e-07
4.738879609717651e-08,7.063904889914596e-07
4.838209664925958e-08,7.211968960918469e-07
4.939621743878326e-08,7.363136551585825e-07
5.043159487171359e-08,7.517472712104123e-07
5.148867450137498e-08,7.675043858235142e-07
5.256791122018419e-08,7.835917797960334e-07
5.366976945540476e-08,8.000163759236401e-07
5.479472336900293e-08,8.167852422191757e-07
5.594325706169378e-08,8.339055946882112e-07
5.711586478126435e-08,8.513848007707381e-07
5.831305113526219e-08,8.692303823387704e-07
5.95353313081437e-08,8.874500188049694e-07
6.078323128297236e-08,9.060515505643352e-07
6.2057288067765e-08,9.250429823248751e-07
6.335804992658255e-08,9.444324867713405e-07
6.46860766154632e-08,9.642284075628282e-07
6.604193962330306e-08,9.844392636626509e-07
6.742622241778349e-08,1.005073752335939e-06
6.883952069645497e-08,1.026140753035421e-06
7.028244264308353e-08,1.047649331509248e-06
7.175560918936921e-08,1.069608743686778e-06
7.32596542821523e-08,1.092028439120263e-06
7.479522515621828e-08,1.114918065647785e-06
7.636298261282242e-08,1.138287473390065e-06
7.796360130405237e-08,1.162146718858281e-06
7.959777002314978e-08,1.186506069394966e-06
8.126619200091946e-08,1.21137600739285e-06
8.296958520834915e-08,1.236767235068825e-06
8.470868266557402e-08,1.262690679015854e-06
8.648423275731727e-08,1.289157494976934e-06
8.829699955494083e-08,1.316179072063939e-06
9.014776314524918e-08,1.343767038530785e-06
9.20373199661823e-08,1.371933266325343e-06
9.396648314954691e-08,1.400689876085437e-06
9.593608287093146e-08,1.430049242689968e-06
9.794696670695386e-08,1.460024000032867e-06
1e-07,1.490627047240345e-06
1.020960662306048e-07,1.521871553555876e-06
1.042360673976401e-07,1.553770964557444e-06
1.064209244064725e-07,1.586339007153548e-06
1.086515774652537e-07,1.619589696466583e-06
1.109289864895223e-07,1.653537341161915e-06
1.132541315152813e-07,1.688196549665122e-06
1.156280131207375e-07,1.723582236934362e-06
1.180516528568806e-07,1.759709630455575e-06
1.205260936870841e-07,1.796594276570751e-06
1.230524004359261e-07,1.834252048027452e-06
1.256316602474121e-07,1.872699149751966e-06
1.28264983052806e-07,1.911952126731897e-06
1.309535020482668e-07,1.952027870455453e-06
1.336983741824945e-07,1.992943626683008e-06
1.365007806546014e-07,2.034717002552533e-06
1.393619274224144e-07,2.077365974240131e-06
1.422830457214352e-07,2.120908894731599e-06
1.452653925946781e-07,2.165364501705014e-06
1.483102514336103e-07,2.210751925635357e-06
1.514189325304352e-07,2.257090697899145e-06
1.545927736419479e-07,2.304400759323144e-06
1.578331405652117e-07,2.35270246862207e-06
1.61141427725302e-07,2.402016611391389e-06
1.645190587753661e-07,2.452364408656038e-06
1.679674872092653e-07,2.503767526529366e-06
1.714881969870541e-07,2.556248085094914e-06
1.750827031735723e-07,2.609828668065362e-06
1.787525525904236e-07,2.664532332552483e-06
1.824993244816151e-07,2.720382619059158e-06
1.86324631193156e-07,2.777403561249336e-06
1.902301188668946e-07,2.835619696828218e-06
1.942174681489024e-07,2.895056077756308e-06
1.982883949127071e-07,2.955738280796538e-06
2.024446509976802e-07,3.017692419282625e-06
2.066880249629082e-07,3.080945153666192e-06
2.110203428568597e-07,3.145523702952069e-06
2.154434690031882e-07,3.211455857243806e-06
2.199593068030075e-07,3.278769988623864e-06
2.245697995539772e-07,3.347495064143224e-06
2.292769312865649e-07,3.417660657811794e-06
2.340827276178294e-07,3.489296963810062e-06
2.389892566231048e-07,3.562434808812576e-06
2.43998629725955e-07,3.63710566608777e-06
2.491130026067786e-07,3.713341668154513e-06
2.543345761304648e-07,3.791175621326026e-06
2.596655972934872e-07,3.870641019476651e-06
2.651083601908536e-07,3.951772058474745e-06
2.706652070033241e-07,4.034603651059676e-06
2.763385290053167e-07,4.119171441496761e-06
2.82130767593947e-07,4.205511821564478e-06
2.880444153396298e-07,4.29366194543146e-06
2.940820170587061e-07,4.383659746198809e-06
3.002461709085549e-07,4.475543952220384e-06
3.065395295056524e-07,4.569354103312051e-06
3.12964801067075e-07,4.665130568293208e-06
3.195247505759214e-07,4.762914561862175e-06
3.262222009711673e-07,4.862748162803854e-06
3.330600343624589e-07,4.964674331864316e-06
3.400411932703703e-07,5.068736930291529e-06
3.471686818926559e-07,5.1749807384871e-06
3.544455673970435e-07,5.28345147565723e-06
3.618749812411284e-07,5.394195819130587e-06
3.694601205199302e-07,5.507261424786414e-06
3.772042493416994e-07,5.622696947260586e-06
3.851107002325569e-07,5.740552060928827e-06
3.93182875570577e-07,5.860877481556059e-06
4.014242490499326e-07,5.983724987723704e-06
4.098383671757261e-07,6.109147443367213e-06
4.184288507901585e-07,6.237198820535639e-06
4.271993966306776e-07,6.367934222484273e-06
4.361537789208006e-07,6.50140990743342e-06
4.45295850994266e-07,6.637683312771259e-06
4.5462954695324e-07,6.776813079700794e-06
4.641588833612782e-07,6.918859078774986e-06
4.738879609717651e-07,7.063882435320856e-06
4.838209664925957e-07,7.211945555640753e-06
4.939621743878326e-07,7.363112154545881e-06
5.043159487171359e-07,7.51744728177961e-06
5.148867450137498e-07,7.675017350994295e-06
5.25679112201842e-07,7.835890167617876e-06
5.366976945540476e-07,8.000134958274785e-06
5.479472336900293e-07,8.167822400650948e-06
5.594325706169378e-07,8.339024653913896e-06
5.711586478126435e-07,8.513815389576962e-06
5.831305113526218e-07,8.692269823362686e-06
5.95353313081437e-07,8.874464747288258e-06
6.078323128297237e-07,9.060478563305274e-06
6.205728806776501e-07,9.25039131649541e-06
6.335804992658255e-07,9.444284729487329e-06
6.468607661546321e-07,9.642242237983822e-06
6.604193962330305e-07,9.844349026622012e-06
6.742622241778349e-07,1.005069206527764e-05
6.883952069645496e-07,1.026136014670165e-05
7.028244264308353e-07,1.047644392482283e-05
7.175560918936921e-07,1.069603595371671e-05
7.32596542821523e-07,1.092023072724047e-05
7.479522515621828e-07,1.114912471977814e-05
7.636298261282241e-07,1.1382816427985e-05
7.796360130405236e-07,1.162140641286502e-05
7.959777002314978e-07,1.186499734306956e-05
8.126619200091945e-07,1.211369403930629e-05
8.296958520834915e-07,1.236760351919219e-05
8.470868266557403e-07,1.262683504343887e-05
8.648423275731727e-07,1.289150016281493e-05
8.829699955494083e-07,1.316171276610767e-05
9.014776314524917e-07,1.34375891291949e-05
9.20373199661823e-07,1.371924796500501e-05
9.396648314954691e-07,1.400681047480923e-05
9.593608287093148e-07,1.430040039984704e-05
9.794696670695385e-07,1.460014407528298e-05
1e-06,1.490617048405252e-05
1.020960662306047e-06,1.521861131237312e-05
1.042360673976401e-06,1.553760100658774e-05
1.064209244064725e-06,1.586327683122946e-05
1.086515774652537e-06,1.619577892730817e-05
1.109289864895223e-06,1.653525037359493e-05
1.132541315152813e-06,1.688183724724013e-05
1.156280131207375e-06,1.723568868738923e-05
1.180516528568805e-06,1.759695695890962e-05
1.205260936870841e-06,1.796579751800476e-05
1.230524004359262e-06,1.834236907916065e-05
1.256316602474121e-06,1.872683368342454e-05
1.28264983052806e-06,1.911935676790488e-05
1.309535020482668e-06,1.952010723715869e-05
1.336983741824945e-06,1.992925753602215e-05
1.365007806546014e-06,2.034698372344046e-05
1.393619274224143e-06,2.077346554840709e-05
1.422830457214352e-06,2.120888652723529e-05
1.452653925946781e-06,2.165343402249498e-05
1.483102514336103e-06,2.210729932383693e-05
1.514189325304352e-06,2.257067773003829e-05
1.545927736419479e-06,2.304376863293545e-05
1.57833140565212e-06,2.35267756035773e-05
1.61141427725302e-06,2.401990647959984e-05
1.645190587753661e-06,2.452337345448807e-05
1.679674872092653e-06,2.50373931690584e-05
1.714881969870541e-06,2.556218680471734e-05
1.750827031735727e-06,2.60979801783856e-05
1.787525525904235e-06,2.664500383986468e-05
1.82499324481615e-06,2.72034931709797e-05
1.86324631193156e-06,2.777368848649875e-05
1.902301188668946e-06,2.835583513793871e-05
1.942174681489028e-06,2.89501836192585e-05
1.982883949127071e-06,2.955698967388454e-05
2.024446509976802e-06,3.017651440551106e-05
2.066880249629082e-06,3.080902438967748e-05
2.110203428568597e-06,3.145479178945365e-05
2.154434690031886e-06,3.211409447134717e-05
2.199593068030075e-06,3.278721612554047e-05
2.245697995539772e-06,3.347444638812647e-05
2.292769312865649e-06,3.41760809647873e-05
2.340827276178294e-06,3.489242175913621e-05
2.389892566231052e-06,3.56237770013923e-05
2.43998629725955e-06,3.637046138216249e-05
2.491130026067786e-06,3.713279618688947e-05
2.543345761304648e-06,3.791110943440756e-05
2.596655972934872e-06,3.870573601805205e-05
2.651083601908542e-06,3.951701784987716e-05
2.706652070033241e-06,4.034530400709446e-05
2.763385290053167e-06,4.119095088284119e-05
2.821307675939471e-06,4.205432233950201e-05
2.880444153396298e-06,4.293578986469537e-05
2.940820170587067e-06,4.383573273125663e-05
3.002461709085549e-06,4.475453816088493e-05
3.065395295056524e-06,4.569260148989951e-05
3.129648010670751e-06,4.665032633965893e-05
3.195247505759214e-06,4.762812479019995e-05
3.262222009711673e-06,4.862641755754016e-05
3.330600343624589e-06,4.96456341742002e-05
3.400411932703702e-06,5.068621317450006e-05
3.47168681892656e-06,5.174860228274181e-05
3.544455673970436e-06,5.28332586057223e-05
3.618749812411284e-06,5.394064882990879e-05
3.694601205199302e-06,5.507124942139008e-05
3.772042493416993e-06,5.622554683126779e-05
3.851107002325569e-06,5.740403770471136e-05
3.93182875570577e-06,5.860722909445393e-05
4.014242490499326e-06,5.983563867895114e-05
4.098383671757261e-06,6.108979498520295e-05
4.184288507901576e-06,6.237023761546112e-05
4.271993966306777e-06,6.367751747959893e-05
4.361537789208005e-06,6.501219703247685e-05
4.45295850994266e-06,6.637485051474989e-05
4.5462954695324e-06,6.776606420089148e-05
4.641588833612773e-06,6.918643665032587e-05
4.738879609717651e-06,7.063657896555497e-05
4.838209664925957e-06,7.211711505450413e-05
4.939621743878326e-06,7.362868189886296e-05
5.043159487171359e-06,7.51719298280884e-05
5.148867450137487e-06,7.674752279884789e-05
5.25679112201842e-06,7.835613868056868e-05
5.366976945540476e-06,7.999846954664935e-05
5.479472336900293e-06,8.167522197266575e-05
5.594325706169378e-06,8.338711733923976e-05
5.711586478126423e-06,8.513489214290182e-05
5.831305113526219e-06,8.69192983122824e-05
5.95353313081437e-06,8.8741103531631e-05
6.078323128297237e-06,9.060109157066343e-05
6.205728806776501e-06,9.250006262140342e-05
6.335804992658241e-06,9.443883364246286e-05
6.468607661546321e-06,9.641823870998323e-05
6.604193962330305e-06,9.843912937623767e-05
6.742622241778349e-06,0.0001005023750356715
6.883952069645496e-06,0.0001026088632982702
7.028244264308338e-06,0.0001047595003719204
7.175560918936921e-06,0.0001069552114507655
7.32596542821523e-06,0.0001091969411137761
7.479522515621829e-06,0.0001114856537302034
7.636298261282242e-06,0.0001138223338742472
7.796360130405221e-06,0.0001162079867480514
7.959777002314978e-06,0.0001186436386140244
8.126619200091945e-06,0.0001211303372353756
8.296958520834915e-06,0.0001236691523265332
8.470868266557402e-06,0.0001262611760129984
8.648423275731709e-06,0.0001289075233004144
8.829699955494083e-06,0.0001316093325539613
9.014776314524917e-06,0.0001343677659870757
9.20373199661823e-06,0.000137184010160829
9.396648314954691e-06,0.0001400592764944086
9.593608287093147e-06,0.0001429948017844795
9.794696670695386e-06,0.0001459918487374257
1e-05,0.0001490517065115826
1.020960662306048e-05,0.000152175691270573
1.042360673976401e-05,0.0001553651467494088
1.064209244064725e-05,0.0001586214448312528
1.086515774652537e-05,0.0001619459861366135
1.109289864895223e-05,0.000165340200625308
1.132541315152813e-05,0.0001688055482101936
1.156280131207375e-05,0.0001723435193848877
1.180516528568806e-05,0.0001759556358628123
1.205260936870841e-05,0.0001796434512315592
1.230524004359262e-05,0.0001834085516200235
1.256316602474121e-05,0.0001872525563787475
1.28264983052806e-05,0.0001911771187761424
1.309535020482668e-05,0.0001951839267078093
1.336983741824945e-05,0.0001992747034215148
1.365007806546014e-05,0.0002034512082569329
1.393619274224143e-05,0.0002077152374007074
1.422830457214352e-05,0.0002120686246579462
1.452653925946781e-05,0.000216513242239369
1.483102514336103e-05,0.0002210510015645539
1.514189325304352e-05,0.0002256838540828365
1.545927736419479e-05,0.0002304137921105287
1.578331405652116e-05,0.0002352428496860126
1.61141427725302e-05,0.0002401731034430421
1.645190587753661e-05,0.0002452066735011416
1.679674872092653e-05,0.0002503457243762108
1.714881969870541e-05,0.0002555924659085607
1.750827031735727e-05,0.0002609491542113762
1.787525525904236e-05,0.0002664180926387205
1.82499324481615e-05,0.0002720016327732999
1.86324631193156e-05,0.0002777021754355458
1.902301188668946e-05,0.0002835221717132352
1.942174681489028e-05,0.0002894641240132056
1.982883949127071e-05,0.0002955305871337188
2.024446509976802e-05,0.0003017241693610284
2.066880249629082e-05,0.0003080475335870414
2.110203428568597e-05,0.0003145033984520706
2.154434690031887e-05,0.0003210945395093479
2.199593068030075e-05,0.0003278237904158487
2.245697995539772e-05,0.000334694044146655
2.292769312865649e-05,0.0003417082542351846
2.340827276178294e-05,0.0003488694360389566
2.389892566231053e-05,0.0003561806680318913
2.43998629725955e-05,0.000363645093123921
2.491130026067786e-05,0.0003712659200074686
2.543345761304648e-05,0.0003790464245322367
2.596655972934872e-05,0.0003869899511088626
2.651083601908542e-05,0.0003950999141415501
2.706652070033241e-05,0.0004033797994904553
2.763385290053167e-05,0.0004118331659651586
2.821307675939471e-05,0.0004204636468483347
2.880444153396298e-05,0.0004292749514516192
2.940820170587067e-05,0.0004382708667044488
3.002461709085549e-05,0.0004474552587743208
3.065395295056524e-05,0.0004568320747230237
3.12964801067075e-05,0.0004664053441953975
3.195247505759214e-05,0.0004761791811439542
3.262222009711673e-05,0.0004861577855899135
3.330600343624589e-05,0.0004963454454198768
3.400411932703703e-05,0.0005067465382208036
3.471686818926559e-05,0.0005173655331521809
3.544455673970435e-05,0.0005282069928581601
3.618749812411284e-05,0.0005392755754187739
3.694601205199302e-05,0.0005505760363413437
3.772042493416993e-05,0.0005621132305946297
3.851107002325569e-05,0.0005738921146839493
3.93182875570577e-05,0.0005859177487697043
4.014242490499326e-05,0.0005981952988304284
4.098383671757261e-05,0.0006107300388700221
4.184288507901576e-05,0.0006235273531713936
4.271993966306776e-05,0.0006365927385967307
4.361537789208006e-05,0.0006499318069350668
4.45295850994266e-05,0.0006635502872992527
4.5462954695324e-05,0.0006774540285722219
4.641588833612772e-05,0.0006916490019038823
4.738879609717651e-05,0.0007061413032602992
4.838209664925957e-05,0.0007209371560251698
4.939621743878326e-05,0.0007360429136554769
5.043159487171359e-05,0.0007514650623920982
5.148867450137487e-05,0.0007672102240268153
5.256791122018419e-05,0.0007832851587260548
5.366976945540476e-05,0.0007996967679138045
5.479472336900293e-05,0.0008164520972133715
5.594325706169377e-05,0.0008335583394509793
5.711586478126424e-05,0.0008510228377205387
5.831305113526218e-05,0.000868853088512811
5.95353313081437e-05,0.0008870567449080768
6.078323128297237e-05,0.0009056416198358619
6.2057288067765e-05,0.0009246156894017199
6.335804992658241e-05,0.0009439870962819619
6.468607661546321e-05,0.0009637641531898833
6.604193962330305e-05,0.0009839553464123796
6.742622241778349e-05,0.001004569339420058
6.883952069645496e-05,0.001025614976551736
7.028244264308338e-05,0.001047101286774987
7.175560918936922e-05,0.001069037487524072
7.32596542821523e-05,0.001091432988617136
7.479522515621829e-05,0.001114297396254016
7.636298261282242e-05,0.001137640517096195
7.79636013040522e-05,0.001161472362431248
7.959777002314978e-05,0.00118580315242256
8.126619200091945e-05,0.001210643320446403
8.296958520834916e-05,0.001236003517518514
8.470868266557403e-05,0.001261894616811587
8.648423275731709e-05,0.001288327718265148
8.829699955494083e-05,0.001315314153290892
9.014776314524917e-05,0.001342865489573963
9.203731996618231e-05,0.001370993535972698
9.39664831495469e-05,0.001399710347519401
9.593608287093147e-05,0.001429028230523155
9.794696670695385e-05,0.001458959747777544
0.0001,0.001489517723874512
0.0001020960662306048,0.00152071525062758
0.0001042360673976401,0.001552565692605534
0.0001064209244064725,0.001585082692779571
0.0001086515774652537,0.001618280178285469
0.0001109289864895223,0.001652172366304439
0.0001132541315152813,0.001686773770062211
0.0001156280131207375,0.001722099204952587
0.0001180516528568806,0.00175816379478444
0.0001205260936870841,0.001794982978156168
0.0001230524004359262,0.001832572514961051
0.0001256316602474122,0.001870948493023272
0.000128264983052806,0.001910127334870393
0.0001309535020482668,0.001950125804642933
0.0001336983741824945,0.001990961015144066
0.0001365007806546014,0.002032650435032868
0.0001393619274224143,0.002075211896162887
0.0001422830457214352,0.002118663601070603
0.0001452653925946781,0.002163024130613866
0.0001483102514336103,0.00220831245176667
0.0001514189325304352,0.002254547925570227
0.0001545927736419478,0.002301750315245932
0.0001578331405652116,0.002349939794470735
0.000161141427725302,0.002399136955820835
0.0001645190587753661,0.002449362819384793
0.0001679674872092653,0.002500638841550273
0.0001714881969870541,0.002552986923967882
0.0001750827031735723,0.002606429422695178
0.0001787525525904235,0.002660989157523663
0.0001824993244816151,0.002716689421494389
0.000186324631193156,0.002773553990602529
0.0001902301188668946,0.002831607133698455
0.0001942174681489025,0.002890873622584667
0.0001982883949127071,0.002951378742316657
0.0002024446509976802,0.003013148301707735
0.0002066880249629082,0.003076208644044898
0.0002110203428568597,0.003140586658016753
0.0002154434690031882,0.003206309788860495
0.0002199593068030075,0.003273406049729033
0.0002245697995539772,0.003341904033284826
0.0002292769312865649,0.003411832923522984
0.0002340827276178294,0.003483222507829509
0.0002389892566231048,0.003556103189276683
0.000243998629725955,0.003630505999162814
0.0002491130026067791,0.003706462609798566
0.0002543345761304648,0.003784005347545194
0.0002596655972934873,0.003863167206109797
0.0002651083601908536,0.003943981860101919
0.0002706652070033241,0.004026483678854942
0.0002763385290053172,0.004110707740520136
0.0002821307675939471,0.004196689846434509
0.0002880444153396298,0.004284466535770859
0.000294082017058706,0.004374075100472274
0.0003002461709085549,0.004465553600478067
0.000306539529505653,0.004558940879245355
0.000312964801067075,0.00465427657957207
0.0003195247505759214,0.004751601159725727
0.0003262222009711667,0.004850955909884491
0.0003330600343624589,0.004952382968895774
0.000340041193270371,0.00505592534135646
0.000347168681892656,0.005161626915022866
0.0003544455673970436,0.005269532478553551
0.0003618749812411277,0.005379687739591743
0.0003694601205199302,0.00549213934319448
0.0003772042493417001,0.005606934890611037
0.0003851107002325569,0.005724122958420508
0.000393182875570577,0.005843753118030648
0.0004014242490499318,0.005965875955547428
0.0004098383671757261,0.00609054309201873
0.0004184288507901585,0.006217807204060066
0.0004271993966306776,0.006347722044867221
0.0004361537789208006,0.006480342465623457
0.0004452958509942651,0.006615724437306181
0.0004546295469532399,0.006753925072900846
0.0004641588833612782,0.006895002650026849
0.0004738879609717651,0.007039016633983652
0.0004838209664925957,0.007186027701222342
0.0004939621743878316,0.007336097763249394
0.0005043159487171359,0.007489289990970538
0.0005148867450137498,0.00764566883947837
0.0005256791122018419,0.007805300073294608
0.0005366976945540476,0.007968250792069087
0.0005479472336900282,0.008134589456746055
0.0005594325706169377,0.008304385916202195
0.0005711586478126435,0.008477711434363822
0.0005831305113526219,0.008654638717810026
0.000595353313081437,0.008835241943868977
0.0006078323128297224,0.009019596789213047
0.0006205728806776501,0.009207780458960646
0.0006335804992658254,0.009399871716290642
0.0006468607661546321,0.009595950912576923
0.0006604193962330305,0.009796100018049314
0.0006742622241778335,0.01000040265298729
0.0006883952069645496,0.01020894411945439
0.0007028244264308353,0.01042181143357745
0.0007175560918936921,0.01063909335838042
0.000732596542821523,0.01086088043717703
0.0007479522515621828,0.01108726502752877
0.0007636298261282241,0.01131834133577614
0.0007796360130405237,0.01155420545214725
0.0007959777002314978,0.01179495538645181
0.0008126619200091946,0.01204069110436601
0.0008296958520834915,0.01229151456431243
0.0008470868266557402,0.01254752975494433
0.0008648423275731727,0.01280884273323646
0.0008829699955494083,0.01307556166318957
0.0009014776314524918,0.01334779685515408
0.000920373199661823,0.0136256608057771
0.000939664831495469,0.01390926823857797
0.0009593608287093146,0.01419873614515765
0.0009794696670695387,0.01449418382704537
0.001,0.01479573293818737
0.001020960662306047,0.01510350752808098
0.001042360673976401,0.01541763408555841
0.001064209244064725,0.01573824158322301
0.001086515774652537,0.01606546152254062
0.001109289864895223,0.01639942797958893
0.001132541315152813,0.01674027765146735
0.001156280131207375,0.01708814990336771
0.001180516528568806,0.01744318681630941
0.001205260936870841,0.01780553323553669
0.001230524004359262,0.01817533681958172
0.001256316602474122,0.0185527480899903
0.00128264983052806,0.01893792048171139
0.001309535020482668,0.01933101039414853
0.001336983741824945,0.01973217724287013
0.001365007806546014,0.02014158351197826
0.001393619274224143,0.02055939480712921
0.001422830457214352,0.02098577990920558
0.001452653925946781,0.02142091082863207
0.001483102514336103,0.02186496286032991
0.001514189325304352,0.02231811463930489
0.001545927736419478,0.02278054819685926
0.001578331405652117,0.02325244901742063
0.00161141427725302,0.02373400609597842
0.001645190587753661,0.02422541199611516
0.001679674872092653,0.02472686290862547
0.001714881969870541,0.02523855871070457
0.001750827031735723,0.02576070302569688
0.001787525525904235,0.02629350328338687
0.00182499324481615,0.02683717078081627
0.00186324631193156,0.02739192074360974
0.001902301188668946,0.02795797238778963
0.001942174681489024,0.02853554898205779
0.001982883949127072,0.02912487791052443
0.002024446509976802,0.02972619073585536
0.002066880249629082,0.03033972326281631
0.002110203428568597,0.03096571560218297
0.002154434690031882,0.03160441223498822
0.002199593068030075,0.03225606207707554
0.002245697995539772,0.0329209185439221
0.002292769312865649,0.03359923961569866
0.002340827276178294,0.03429128790252489
0.002389892566231048,0.03499733070988176
0.00243998629725955,0.03571764010413592
0.002491130026067791,0.03645249297813102
0.002543345761304648,0.0372021711167978
0.002596655972934872,0.03796696126273102
0.002651083601908536,0.03874715518167837
0.002706652070033241,0.03954304972788625
0.002763385290053173,0.04035494690923946
0.002821307675939471,0.04118315395213235
0.002880444153396298,0.04202798336600544
0.002940820170587061,0.04288975300747333
0.003002461709085549,0.0437687861439745
0.00306539529505653,0.0446654115168601
0.00312964801067075,0.04557996340384307
0.003195247505759214,0.04651278168071993
0.003262222009711667,0.04746421188227412
0.003330600343624588,0.04843460526226873
0.00340041193270371,0.04942431885242538
0.003471686818926559,0.05043371552028864
0.003544455673970436,0.05146316402586504
0.003618749812411277,0.0525130390769224
0.003694601205199302,0.05358372138283207
0.003772042493417001,0.05467559770682628
0.003851107002325569,0.05578906091654334
0.003931828755705771,0.05692451003272303
0.004014242490499318,0.0580823502759088
0.004098383671757262,0.0592629931110128
0.004184288507901585,0.06046685628958282
0.004271993966306777,0.06169436388961624
0.004361537789208006,0.06294594635274919
0.004452958509942651,0.06422204051864666
0.0045462954695324,0.06552308965641329
0.004641588833612782,0.06684954349283312
0.004738879609717651,0.06820185823724256
0.004838209664925958,0.06958049660283327
0.004939621743878316,0.07098592782416813
0.005043159487171359,0.07241862767069429
0.005148867450137497,0.07387907845602082
0.005256791122018419,0.07536776904272313
0.005366976945540477,0.0768851948424305
0.005479472336900281,0.07843185781093565
0.005594325706169377,0.08000826643806713
0.005711586478126435,0.08161493573204492
0.005831305113526219,0.0832523871980394
0.00595353313081437,0.08492114881063684
0.006078323128297224,0.08662175497990843
0.0062057288067765,0.08835474651076991
0.006335804992658254,0.09012067055530426
0.006468607661546321,0.09192008055771572
0.006604193962330305,0.09375353619156856
0.006742622241778335,0.0956216032889502
0.006883952069645496,0.09752485376119879
0.007028244264308352,0.09946386551080744
0.007175560918936921,0.1014392223341229
0.00732596542821523,0.1034515138144335
0.007479522515621813,0.1055013352050331
0.007636298261282242,0.1075892873018409
0.007796360130405237,0.1097159763051369
0.007959777002314978,0.1118820136699693
0.008126619200091946,0.1140880159447759
0.008296958520834915,0.1163346045977453
0.008470868266557402,0.1186224058304413
0.008648423275731726,0.120952050378198
0.008829699955494083,0.1233241732967774
0.009014776314524917,0.1257394137347817
0.00920373199661823,0.1281984146912898
0.009396648314954691,0.1307018227581856
0.009593608287093146,0.1332502878466334
0.009794696670695385,0.1358444628971401
0.01,0.1384850035726476
0.01020960662306048,0.1411725679340731
0.01042360673976401,0.1439078160977237
0.01064209244064725,0.146691409873992
0.01086515774652537,0.1495240123867331
0.01109289864895223,0.1524062876727296
0.01132541315152813,0.1553389002606256
0.01156280131207375,0.1583225147287249
0.01180516528568806,0.1613577952410353
0.01205260936870841,0.1644454050609354
0.01230524004359262,0.1675860060418526
0.01256316602474121,0.170780258094323
0.0128264983052806,0.1740288186288211
0.01309535020482668,0.1773323419737424
0.01336983741824945,0.1806914787679207
0.01365007806546014,0.184106875327087
0.01393619274224144,0.1875791729836598
0.01422830457214352,0.1911090073992892
0.01452653925946781,0.1946970078495761
0.01483102514336103,0.1983437964804035
0.01514189325304352,0.2020499875353429
0.01545927736419479,0.2058161865536028
0.01578331405652117,0.2096429895380261
0.0161141427725302,0.2135309820926546
0.01645190587753661,0.2174807385294106
0.01679674872092653,0.2214928209434854
0.01714881969870541,0.2255677782570428
0.01750827031735723,0.2297061452309033
0.01787525525904235,0.2339084414439035
0.0182499324481615,0.2381751702396726
0.0186324631193156,0.2425068176406304
0.01902301188668946,0.2469038512290472
0.01942174681489025,0.2513667189950856
0.01982883949127071,0.2558958481517941
0.02024446509976802,0.2604916439170943
0.02066880249629082,0.26515448826289
0.02110203428568597,0.2698847386314845
0.02154434690031882,0.2746827266196044
0.02199593068030075,0.2795487566303972
0.02245697995539772,0.284483104493879
0.02292769312865649,0.2894860160564142
0.02340827276178294,0.2945577057399085
0.02389892566231048,0.2996983550715272
0.0243998629725955,0.3049081111848652
0.02491130026067786,0.3101870852936208
0.02543345761304648,0.3155353511389846
0.02596655972934872,0.3209529434120657
0.02651083601908536,0.3264398561528645
0.02706652070033241,0.3319960411274349
0.02763385290053173,0.3376214061850515
0.02821307675939471,0.3433158135973825
0.02880444153396298,0.3490790783818349
0.02940820170587061,0.3549109666114298
0.03002461709085549,0.3608111937137773
0.0306539529505653,0.3667794227618926
0.03129648010670751,0.3728152627598398
0.03195247505759213,0.3789182669263799
0.03262222009711666,0.3850879309800282
0.03330600343624589,0.3913236914291734
0.0340041193270371,0.3976249238711104
0.03471686818926559,0.4039909413041185
0.03544455673970436,0.4104209924569354
0.03618749812411277,0.4169142601402249
0.03694601205199302,0.4234698596249192
0.03772042493417001,0.4300868370525275
0.03851107002325569,0.4367641678828021
0.0393182875570577,0.4435007553843889
0.04014242490499318,0.4502954291743422
0.04098383671757262,0.4571469438126724
0.04184288507901585,0.4640539774583081
0.04271993966306777,0.4710151305931453
0.04361537789208006,0.4780289248210771
0.04452958509942651,0.4850938017491421
0.04546295469532399,0.4922081219581782
0.04641588833612782,0.4993701640705583
0.04738879609717651,0.5065781239228293
0.04838209664925957,0.5138301138512469
0.04939621743878315,0.5211241620983782
0.05043159487171359,0.5284582123491313
0.05148867450137497,0.5358301234046678
0.05256791122018419,0.5432376690028164
0.05366976945540476,0.5506785377936649
0.05479472336900281,0.5581503334790743
0.05594325706169378,0.5656505751249153
0.05711586478126435,0.573176697654778
0.05831305113526219,0.580726052533914
0.0595353313081437,0.5882959086520549
0.06078323128297224,0.5958834534136337
0.062057288067765,0.6034857940437838
0.06335804992658255,0.6110999591182378
0.0646860766154632,0.618722900325007
0.06604193962330306,0.6263514944653781
0.06742622241778336,0.6339825457013651
0.06883952069645496,0.6416127880563451
0.07028244264308353,0.6492388881750422
0.07175560918936921,0.6568574483484902
0.0732596542821523,0.6644650098089337
0.07479522515621813,0.6720580562988969
0.07636298261282241,0.6796330179178935
0.07796360130405237,0.687186275249337
0.07959777002314977,0.6947141637693064
0.08126619200091946,0.7022129785377795
0.08296958520834916,0.7096789791718436
0.08470868266557402,0.7171083950992468
0.08648423275731726,0.7244974310893735
0.08829699955494083,0.7318422730574062
0.09014776314524918,0.7391390941360656
0.09203731996618231,0.7463840610078053
0.09396648314954691,0.7535733404888527
0.09593608287093147,0.7607031063548587
0.09794696670695385,0.7677695463962704
0.1,0.7747688696898629
0.1020960662306048,0.7816973140710813
0.1042360673976401,0.7885511537901007
0.1064209244064725,0.7953267073326824
0.1086515774652537,0.8020203453850829
0.1109289864895223,0.8086284989204688
0.1132541315152813,0.8151476673824323
0.1156280131207375,0.8215744269394485
0.1180516528568806,0.8279054387823239
0.1205260936870841,0.8341374574349756
0.1230524004359262,0.8402673390472638
0.1256316602474122,0.8462920496370001
0.128264983052806,0.8522086732468308
0.1309535020482668,0.8580144199803386
0.1336983741824945,0.8637066338804991
0.1365007806546014,0.869282800612618
0.1393619274224144,0.8747405549129681
0.1422830457214352,0.8800776877637211
0.1452653925946781,0.8852921532542896
0.1483102514336103,0.8903820750889875
0.1514189325304352,0.8953457527009706
0.1545927736419478,0.9001816669326993
0.1578331405652116,0.9048884852437912
0.161141427725302,0.9094650664080108
0.1645190587753661,0.9139104646623541
0.1679674872092653,0.9182239332727409
0.1714881969870541,0.9224049274826687
0.1750827031735723,0.9264531068134207
0.1787525525904236,0.9303683366869487
0.182499324481615,0.9341506893454474
0.186324631193156,0.9378004440448775
0.1902301188668946,0.9413180865032249
0.1942174681489025,0.9447043075881839
0.1982883949127071,0.9479600012331014
0.2024446509976802,0.9510862615744794
0.2066880249629082,0.954084379309042
0.2110203428568597,0.9569558372732875
0.2154434690031882,0.9597023052535815
0.2199593068030075,0.9623256340401016
0.2245697995539772,0.9648278487433263
0.2292769312865649,0.9672111413972022
0.2340827276178294,0.969477862878565
0.2389892566231048,0.9716305141777981
0.243998629725955,0.9736717370610184
0.2491130026067786,0.9756043041692172
0.2543345761304648,0.9774311086047214
0.2596655972934873,0.9791551530599721
0.2651083601908536,0.9807795385479356
0.2706652070033241,0.9823074527973525
0.2763385290053172,0.9837421583794798
0.2821307675939471,0.9850869806359077
0.2880444153396298,0.9863452954793935
0.2940820170587061,0.987520517141398
0.3002461709085549,0.9886160859411133
0.306539529505653,0.9896354561511647
0.312964801067075,0.9905820840348714
0.3195247505759213,0.9914594161289012
0.3262222009711667,0.9922708778433793
0.3330600343624588,0.993019862448989
0.340041193270371,0.9937097205173568
0.3471686818926559,0.9943437498770629
0.3544455673970436,0.9949251861429993
0.3618749812411277,0.995457193871548
0.3694601205199303,0.9959428583882353
0.3772042493417002,0.9963851783281922
0.3851107002325569,0.9967870589229911
0.393182875570577,0.9971513060603234
0.4014242490499318,0.9974806211356079
0.4098383671757261,0.9977775967070867
0.4184288507901585,0.9980447129583637
0.4271993966306777,0.9982843349647669
0.4361537789208006,0.9984987107524943
0.4452958509942651,0.9986899701323092
0.4546295469532399,0.9988601242827002
0.4641588833612782,0.9990110660510062
0.4738879609717651,0.9991445709351054
0.4838209664925957,0.9992622987029691
0.4939621743878316,0.9993657956027435
0.5043159487171359,0.9994564971121174
0.5148867450137498,0.999535731172581
0.5256791122018419,0.9996047218518376
0.5366976945540476,0.9996645933760917
0.5479472336900282,0.9997163744732105
0.5594325706169377,0.9997610029678324
0.5711586478126435,0.9997993305703405
0.5831305113526218,0.9998321278031903
0.595353313081437,0.9998600890103311
0.6078323128297224,0.9998838373983187
0.62057288067765,0.9999039300611061
0.6335804992658254,0.9999208629443476
0.6468607661546321,0.9999350757092565
0.6604193962330305,0.9999469564605465
0.6742622241778335,0.9999568463076406
0.6883952069645496,0.9999650437330956
0.7028244264308353,0.9999718087469358
0.7175560918936921,0.9999773668102669
0.732596542821523,0.9999819125160503
0.7479522515621814,0.9999856130192044
0.7636298261282242,0.999988611212199
0.7796360130405237,0.9999910286459663
0.7959777002314977,0.99999296819925
0.8126619200091946,0.9999945165023906
0.8296958520834898,0.9999957461240341
0.8470868266557402,0.9999967175312882
0.8648423275731727,0.9999974808354998
0.8829699955494082,0.9999980773370548
0.9014776314524917,0.9999985408834592
0.9203731996618231,0.999998899055461
0.9396648314954691,0.999999174196158
0.9593608287093147,0.9999993842979353
0.9794696670695385,0.9999995437617375
1,0.9999996640426374
1.020960662306048,0.9999997541949553
1.042360673976403,0.9999998213293583
1.064209244064722,0.9999998709934494
1.086515774652537,0.9999999074863911
1.109289864895223,0.9999999341171112
1.132541315152813,0.9999999534146511
1.156280131207378,0.9999999672982494
1.180516528568803,0.9999999772138237
1.205260936870841,0.9999999842426499
1.230524004359262,0.9999999891872225
1.256316602474121,0.9999999926385509
1.282649830528062,0.9999999950284767
1.309535020482665,0.999999996670014
1.336983741824945,0.9999999977881933
1.365007806546014,0.9999999985434435
1.393619274224144,0.9999999990491657
1.422830457214355,0.9999999993848232
1.452653925946778,0.9999999996056051
1.483102514336103,0.9999999997494954
1.514189325304352,0.9999999998423955
1.545927736419479,0.9999999999018019
1.57833140565212,0.9999999999394198
1.611414277253017,0.9999999999630034
1.645190587753661,0.9999999999776383
1.679674872092653,0.9999999999866259
1.714881969870541,0.999999999992087
1.750827031735727,0.9999999999953694
1.787525525904232,0.9999999999973204
1.824993244816151,0.9999999999984671
1.86324631193156,0.9999999999991332
1.902301188668946,0.9999999999995158
1.942174681489028,0.9999999999997328
1.982883949127067,0.9999999999998543
2.024446509976802,0.9999999999999216
2.066880249629082,0.9999999999999584
2.110203428568596,0.9999999999999781
2.154434690031886,0.9999999999999887
2.19959306803007,0.9999999999999942
2.245697995539772,0.9999999999999971
2.292769312865649,0.9999999999999986
2.340827276178294,0.9999999999999993
2.389892566231053,0.9999999999999997
2.439986297259545,0.9999999999999999
2.491130026067786,0.9999999999999999
2.543345761304648,1
2.596655972934872,1
2.651083601908542,1
2.706652070033236,1
2.763385290053167,1
2.821307675939471,1
2.880444153396298,1
2.940820170587067,1
3.002461709085543,1
3.065395295056524,1
3.12964801067075,1
3.195247505759214,1
3.262222009711673,1
3.330600343624582,1
3.400411932703703,1
3.47168681892656,1
3.544455673970436,1
3.618749812411284,1
3.694601205199295,1
3.772042493416994,1
3.851107002325569,1
3.93182875570577,1
4.014242490499326,1
4.098383671757253,1
4.184288507901576,1
4.271993966306777,1
4.361537789208006,1
4.45295850994266,1
4.54629546953239,1
4.641588833612772,1
4.738879609717651,1
4.838209664925957,1
4.939621743878326,1
5.043159487171349,1
5.148867450137487,1
5.256791122018419,1
5.366976945540476,1
5.479472336900293,1
5.594325706169389,1
5.711586478126423,1
5.831305113526219,1
5.95353313081437,1
6.078323128297236,1
6.205728806776513,1
6.335804992658241,1
6.46860766154632,1
6.604193962330306,1
6.742622241778349,1
6.883952069645511,1
7.028244264308339,1
7.175560918936921,1
7.32596542821523,1
7.479522515621829,1
7.636298261282257,1
7.796360130405221,1
7.959777002314977,1
8.126619200091946,1
8.296958520834915,1
8.470868266557419,1
8.648423275731709,1
8.829699955494084,1
9.014776314524918,1
9.203731996618231,1
9.39664831495471,1
9.593608287093128,1
9.794696670695386,1
10,1
