#Normal aproximation vs Original set
#Normal(x), Normal(CDF) 
1e-08,0.2526462797907286
1.020960662306048e-08,0.2526462801079129
1.042360673976401e-08,0.2526462804317455
1.064209244064725e-08,0.2526462807623659
1.086515774652537e-08,0.2526462810999164
1.109289864895223e-08,0.2526462814445422
1.132541315152813e-08,0.2526462817963914
1.156280131207375e-08,0.2526462821556157
1.180516528568806e-08,0.2526462825223696
1.205260936870841e-08,0.2526462828968108
1.230524004359262e-08,0.2526462832791007
1.256316602474122e-08,0.2526462836694036
1.28264983052806e-08,0.2526462840678874
1.309535020482668e-08,0.2526462844747238
1.336983741824945e-08,0.2526462848900877
1.365007806546014e-08,0.2526462853141579
1.393619274224144e-08,0.2526462857471169
1.422830457214352e-08,0.252646286189151
1.452653925946781e-08,0.2526462866404505
1.483102514336103e-08,0.2526462871012095
1.514189325304352e-08,0.2526462875716263
1.545927736419478e-08,0.2526462880519033
1.578331405652117e-08,0.2526462885422472
1.61141427725302e-08,0.2526462890428692
1.645190587753661e-08,0.2526462895539845
1.679674872092653e-08,0.2526462900758131
1.714881969870541e-08,0.2526462906085796
1.750827031735723e-08,0.2526462911525131
1.787525525904235e-08,0.2526462917078479
1.824993244816151e-08,0.252646292274823
1.86324631193156e-08,0.2526462928536821
1.902301188668946e-08,0.2526462934446746
1.942174681489025e-08,0.2526462940480546
1.982883949127072e-08,0.2526462946640819
2.024446509976802e-08,0.2526462952930215
2.066880249629082e-08,0.2526462959351441
2.110203428568597e-08,0.2526462965907261
2.154434690031882e-08,0.2526462972600494
2.199593068030075e-08,0.2526462979434023
2.245697995539776e-08,0.2526462986410786
2.292769312865649e-08,0.2526462993533787
2.340827276178294e-08,0.2526463000806091
2.389892566231048e-08,0.2526463008230828
2.43998629725955e-08,0.2526463015811191
2.491130026067791e-08,0.2526463023550444
2.543345761304648e-08,0.2526463031451918
2.596655972934873e-08,0.2526463039519011
2.651083601908536e-08,0.2526463047755196
2.706652070033241e-08,0.2526463056164016
2.763385290053173e-08,0.2526463064749092
2.821307675939471e-08,0.2526463073514115
2.880444153396298e-08,0.252646308246286
2.940820170587061e-08,0.2526463091599176
3.002461709085549e-08,0.2526463100926996
3.06539529505653e-08,0.2526463110450333
3.12964801067075e-08,0.2526463120173286
3.195247505759214e-08,0.2526463130100037
3.262222009711667e-08,0.2526463140234861
3.330600343624589e-08,0.2526463150582117
3.40041193270371e-08,0.2526463161146258
3.471686818926559e-08,0.252646317193183
3.544455673970436e-08,0.2526463182943476
3.618749812411276e-08,0.2526463194185933
3.694601205199302e-08,0.252646320566404
3.772042493417001e-08,0.2526463217382734
3.851107002325569e-08,0.2526463229347061
3.93182875570577e-08,0.2526463241562168
4.014242490499318e-08,0.2526463254033312
4.098383671757262e-08,0.2526463266765858
4.184288507901584e-08,0.2526463279765289
4.271993966306777e-08,0.2526463293037195
4.361537789208006e-08,0.2526463306587289
4.45295850994266e-08,0.2526463320421403
4.546295469532399e-08,0.2526463334545488
4.641588833612782e-08,0.2526463348965624
4.738879609717651e-08,0.2526463363688016
4.838209664925958e-08,0.2526463378718998
4.939621743878326e-08,0.2526463394065041
5.043159487171359e-08,0.2526463409732746
5.148867450137498e-08,0.2526463425728856
5.256791122018419e-08,0.2526463442060257
5.366976945540476e-08,0.2526463458733973
5.479472336900293e-08,0.2526463475757182
5.594325706169378e-08,0.2526463493137209
5.711586478126435e-08,0.2526463510881534
5.831305113526219e-08,0.252646352899779
5.95353313081437e-08,0.2526463547493776
6.078323128297236e-08,0.2526463566377449
6.2057288067765e-08,0.2526463585656938
6.335804992658255e-08,0.2526463605340537
6.46860766154632e-08,0.2526463625436717
6.604193962330306e-08,0.2526463645954127
6.742622241778349e-08,0.2526463666901596
6.883952069645497e-08,0.2526463688288136
7.028244264308353e-08,0.2526463710122954
7.175560918936921e-08,0.2526463732415444
7.32596542821523e-08,0.2526463755175199
7.479522515621828e-08,0.2526463778412014
7.636298261282242e-08,0.2526463802135888
7.796360130405237e-08,0.252646382635703
7.959777002314978e-08,0.2526463851085864
8.126619200091946e-08,0.252646387633303
8.296958520834915e-08,0.2526463902109394
8.470868266557402e-08,0.2526463928426048
8.648423275731727e-08,0.2526463955294316
8.829699955494083e-08,0.2526463982725761
9.014776314524918e-08,0.2526464010732188
9.20373199661823e-08,0.2526464039325648
9.396648314954691e-08,0.2526464068518446
9.593608287093146e-08,0.2526464098323145
9.794696670695386e-08,0.252646412875257
1e-07,0.2526464159819816
1.020960662306048e-07,0.2526464191538253
1.042360673976401e-07,0.2526464223921528
1.064209244064725e-07,0.252646425698358
1.086515774652537e-07,0.2526464290738634
1.109289864895223e-07,0.2526464325201216
1.132541315152813e-07,0.2526464360386158
1.156280131207375e-07,0.2526464396308599
1.180516528568806e-07,0.2526464432983999
1.205260936870841e-07,0.2526464470428139
1.230524004359261e-07,0.2526464508657134
1.256316602474121e-07,0.2526464547687434
1.28264983052806e-07,0.2526464587535836
1.309535020482668e-07,0.2526464628219486
1.336983741824945e-07,0.2526464669755894
1.365007806546014e-07,0.2526464712162932
1.393619274224144e-07,0.252646475545885
1.422830457214352e-07,0.2526464799662281
1.452653925946781e-07,0.2526464844792244
1.483102514336103e-07,0.2526464890868162
1.514189325304352e-07,0.2526464937909862
1.545927736419479e-07,0.2526464985937588
1.578331405652117e-07,0.2526465034972007
1.61141427725302e-07,0.2526465085034221
1.645190587753661e-07,0.2526465136145772
1.679674872092653e-07,0.2526465188328655
1.714881969870541e-07,0.2526465241605328
1.750827031735723e-07,0.2526465295998715
1.787525525904236e-07,0.2526465351532224
1.824993244816151e-07,0.2526465408229753
1.86324631193156e-07,0.2526465466115701
1.902301188668946e-07,0.2526465525214977
1.942174681489024e-07,0.2526465585553013
1.982883949127071e-07,0.2526465647155776
2.024446509976802e-07,0.2526465710049774
2.066880249629082e-07,0.2526465774262073
2.110203428568597e-07,0.2526465839820305
2.154434690031882e-07,0.2526465906752682
2.199593068030075e-07,0.2526465975088007
2.245697995539772e-07,0.2526466044855686
2.292769312865649e-07,0.2526466116085744
2.340827276178294e-07,0.2526466188808831
2.389892566231048e-07,0.2526466263056245
2.43998629725955e-07,0.2526466338859933
2.491130026067786e-07,0.2526466416252519
2.543345761304648e-07,0.2526466495267306
2.596655972934872e-07,0.2526466575938297
2.651083601908536e-07,0.2526466658300206
2.706652070033241e-07,0.2526466742388477
2.763385290053167e-07,0.2526466828239295
2.82130767593947e-07,0.2526466915889605
2.880444153396298e-07,0.2526467005377125
2.940820170587061e-07,0.2526467096740365
3.002461709085549e-07,0.252646719001864
3.065395295056524e-07,0.2526467285252092
3.12964801067075e-07,0.2526467382481702
3.195247505759214e-07,0.252646748174931
3.262222009711673e-07,0.2526467583097637
3.330600343624589e-07,0.2526467686570292
3.400411932703703e-07,0.2526467792211806
3.471686818926559e-07,0.2526467900067638
3.544455673970435e-07,0.2526468010184203
3.618749812411284e-07,0.2526468122608886
3.694601205199302e-07,0.2526468237390068
3.772042493416994e-07,0.2526468354577142
3.851107002325569e-07,0.2526468474220538
3.93182875570577e-07,0.2526468596371741
4.014242490499326e-07,0.2526468721083319
4.098383671757261e-07,0.2526468848408936
4.184288507901585e-07,0.2526468978403386
4.271993966306776e-07,0.252646911112261
4.361537789208006e-07,0.252646924662372
4.45295850994266e-07,0.2526469384965028
4.5462954695324e-07,0.2526469526206064
4.641588833612782e-07,0.2526469670407611
4.738879609717651e-07,0.2526469817631723
4.838209664925957e-07,0.2526469967941753
4.939621743878326e-07,0.2526470121402387
5.043159487171359e-07,0.2526470278079662
5.148867450137498e-07,0.2526470438041002
5.25679112201842e-07,0.2526470601355242
5.366976945540476e-07,0.2526470768092664
5.479472336900293e-07,0.2526470938325018
5.594325706169378e-07,0.2526471112125561
5.711586478126435e-07,0.2526471289569086
5.831305113526218e-07,0.252647147073195
5.95353313081437e-07,0.2526471655692115
6.078323128297237e-07,0.2526471844529176
6.205728806776501e-07,0.2526472037324393
6.335804992658255e-07,0.2526472234160735
6.468607661546321e-07,0.2526472435122905
6.604193962330305e-07,0.2526472640297382
6.742622241778349e-07,0.2526472849772463
6.883952069645496e-07,0.252647306363829
7.028244264308353e-07,0.2526473281986896
7.175560918936921e-07,0.2526473504912243
7.32596542821523e-07,0.2526473732510264
7.479522515621828e-07,0.2526473964878901
7.636298261282241e-07,0.252647420211815
7.796360130405236e-07,0.2526474444330104
7.959777002314978e-07,0.2526474691618993
8.126619200091945e-07,0.2526474944091234
8.296958520834915e-07,0.2526475201855474
8.470868266557403e-07,0.2526475465022637
8.648423275731727e-07,0.2526475733705974
8.829699955494083e-07,0.2526476008021106
9.014776314524917e-07,0.2526476288086082
9.20373199661823e-07,0.2526476574021422
9.396648314954691e-07,0.2526476865950174
9.593608287093148e-07,0.2526477163997964
9.794696670695385e-07,0.2526477468293052
1e-06,0.2526477778966387
1.020960662306047e-06,0.2526478096151661
1.042360673976401e-06,0.252647841998537
1.064209244064725e-06,0.2526478750606871
1.086515774652537e-06,0.2526479088158441
1.109289864895223e-06,0.2526479432785341
1.132541315152813e-06,0.2526479784635873
1.156280131207375e-06,0.2526480143861453
1.180516528568805e-06,0.2526480510616665
1.205260936870841e-06,0.252648088505934
1.230524004359262e-06,0.2526481267350612
1.256316602474121e-06,0.2526481657654992
1.28264983052806e-06,0.2526482056140444
1.309535020482668e-06,0.2526482462978448
1.336983741824945e-06,0.2526482878344083
1.365007806546014e-06,0.2526483302416093
1.393619274224143e-06,0.2526483735376973
1.422830457214352e-06,0.2526484177413039
1.452653925946781e-06,0.2526484628714517
1.483102514336103e-06,0.2526485089475615
1.514189325304352e-06,0.2526485559894617
1.545927736419479e-06,0.2526486040173961
1.57833140565212e-06,0.2526486530520327
1.61141427725302e-06,0.252648703114473
1.645190587753661e-06,0.2526487542262606
1.679674872092653e-06,0.2526488064093907
1.714881969870541e-06,0.2526488596863196
1.750827031735727e-06,0.2526489140799744
1.787525525904235e-06,0.2526489696137625
1.82499324481615e-06,0.2526490263115823
1.86324631193156e-06,0.2526490841978328
1.902301188668946e-06,0.2526491432974247
1.942174681489028e-06,0.2526492036357906
1.982883949127071e-06,0.2526492652388966
2.024446509976802e-06,0.2526493281332526
2.066880249629082e-06,0.2526493923459244
2.110203428568597e-06,0.2526494579045453
2.154434690031886e-06,0.2526495248373275
2.199593068030075e-06,0.2526495931730748
2.245697995539772e-06,0.2526496629411946
2.292769312865649e-06,0.252649734171711
2.340827276178294e-06,0.252649806895277
2.389892566231052e-06,0.2526498811431885
2.43998629725955e-06,0.2526499569473973
2.491130026067786e-06,0.2526500343405248
2.543345761304648e-06,0.2526501133558764
2.596655972934872e-06,0.2526501940274556
2.651083601908542e-06,0.2526502763899785
2.706652070033241e-06,0.2526503604788891
2.763385290053167e-06,0.2526504463303741
2.821307675939471e-06,0.2526505339813789
2.880444153396298e-06,0.2526506234696234
2.940820170587067e-06,0.2526507148336179
3.002461709085549e-06,0.2526508081126803
3.065395295056524e-06,0.2526509033469522
3.129648010670751e-06,0.2526510005774171
3.195247505759214e-06,0.2526510998459173
3.262222009711673e-06,0.2526512011951722
3.330600343624589e-06,0.2526513046687967
3.400411932703702e-06,0.2526514103113198
3.47168681892656e-06,0.2526515181682044
3.544455673970436e-06,0.2526516282858655
3.618749812411284e-06,0.2526517407116919
3.694601205199302e-06,0.2526518554940653
3.772042493416993e-06,0.2526519726823815
3.851107002325569e-06,0.2526520923270721
3.93182875570577e-06,0.2526522144796254
4.014242490499326e-06,0.2526523391926092
4.098383671757261e-06,0.2526524665196931
4.184288507901576e-06,0.252652596515672
4.271993966306777e-06,0.252652729236489
4.361537789208005e-06,0.2526528647392601
4.45295850994266e-06,0.2526530030822985
4.5462954695324e-06,0.2526531443251398
4.641588833612773e-06,0.2526532885285675
4.738879609717651e-06,0.2526534357546393
4.838209664925957e-06,0.2526535860667136
4.939621743878326e-06,0.2526537395294773
5.043159487171359e-06,0.2526538962089727
5.148867450137487e-06,0.2526540561726269
5.25679112201842e-06,0.2526542194892802
5.366976945540476e-06,0.2526543862292162
5.479472336900293e-06,0.2526545564641914
5.594325706169378e-06,0.2526547302674668
5.711586478126423e-06,0.2526549077138389
5.831305113526219e-06,0.2526550888796722
5.95353313081437e-06,0.252655273842932
6.078323128297237e-06,0.2526554626832177
6.205728806776501e-06,0.2526556554817976
6.335804992658241e-06,0.2526558523216433
6.468607661546321e-06,0.252656053287466
6.604193962330305e-06,0.2526562584657523
6.742622241778349e-06,0.2526564679448018
6.883952069645496e-06,0.2526566818147654
7.028244264308338e-06,0.2526569001676833
7.175560918936921e-06,0.2526571230975256
7.32596542821523e-06,0.2526573507002319
7.479522515621829e-06,0.2526575830737532
7.636298261282242e-06,0.2526578203180934
7.796360130405221e-06,0.2526580625353532
7.959777002314978e-06,0.2526583098297733
8.126619200091945e-06,0.2526585623077798
8.296958520834915e-06,0.2526588200780296
8.470868266557402e-06,0.2526590832514575
8.648423275731709e-06,0.2526593519413237
8.829699955494083e-06,0.2526596262632627
9.014776314524917e-06,0.2526599063353329
9.20373199661823e-06,0.2526601922780681
9.396648314954691e-06,0.2526604842145281
9.593608287093147e-06,0.252660782270353
9.794696670695386e-06,0.2526610865738165
1e-05,0.2526613972558812
1.020960662306048e-05,0.2526617144502554
1.042360673976401e-05,0.25266203829345
1.064209244064725e-05,0.2526623689248381
1.086515774652537e-05,0.2526627064867142
1.109289864895223e-05,0.2526630511243557
1.132541315152813e-05,0.2526634029860859
1.156280131207375e-05,0.2526637622233373
1.180516528568806e-05,0.2526641289907168
1.205260936870841e-05,0.2526645034460729
1.230524004359262e-05,0.2526648857505628
1.256316602474121e-05,0.2526652760687223
1.28264983052806e-05,0.2526656745685366
1.309535020482668e-05,0.2526660814215123
1.336983741824945e-05,0.2526664968027519
1.365007806546014e-05,0.2526669208910284
1.393619274224143e-05,0.2526673538688629
1.422830457214352e-05,0.2526677959226026
1.452653925946781e-05,0.2526682472425018
1.483102514336103e-05,0.2526687080228029
1.514189325304352e-05,0.252669178461821
1.545927736419479e-05,0.2526696587620283
1.578331405652116e-05,0.2526701491301422
1.61141427725302e-05,0.2526706497772136
1.645190587753661e-05,0.2526711609187182
1.679674872092653e-05,0.2526716827746491
1.714881969870541e-05,0.2526722155696116
1.750827031735727e-05,0.2526727595329197
1.787525525904236e-05,0.2526733148986954
1.82499324481615e-05,0.2526738819059688
1.86324631193156e-05,0.2526744607987815
1.902301188668946e-05,0.2526750518262916
1.942174681489028e-05,0.2526756552428809
1.982883949127071e-05,0.2526762713082645
2.024446509976802e-05,0.2526769002876028
2.066880249629082e-05,0.2526775424516152
2.110203428568597e-05,0.2526781980766973
2.154434690031887e-05,0.2526788674450397
2.199593068030075e-05,0.2526795508447493
2.245697995539772e-05,0.2526802485699737
2.292769312865649e-05,0.2526809609210277
2.340827276178294e-05,0.2526816882045228
2.389892566231053e-05,0.2526824307334989
2.43998629725955e-05,0.2526831888275597
2.491130026067786e-05,0.2526839628130098
2.543345761304648e-05,0.2526847530229958
2.596655972934872e-05,0.252685559797649
2.651083601908542e-05,0.2526863834842328
2.706652070033241e-05,0.2526872244372917
2.763385290053167e-05,0.2526880830188044
2.821307675939471e-05,0.2526889595983391
2.880444153396298e-05,0.2526898545532137
2.940820170587067e-05,0.2526907682686573
3.002461709085549e-05,0.2526917011379768
3.065395295056524e-05,0.2526926535627263
3.12964801067075e-05,0.2526936259528797
3.195247505759214e-05,0.2526946187270077
3.262222009711673e-05,0.252695632312458
3.330600343624589e-05,0.2526966671455395
3.400411932703703e-05,0.2526977236717102
3.471686818926559e-05,0.2526988023457692
3.544455673970435e-05,0.2526999036320525
3.618749812411284e-05,0.2527010280046332
3.694601205199302e-05,0.2527021759475259
3.772042493416993e-05,0.2527033479548951
3.851107002325569e-05,0.2527045445312681
3.93182875570577e-05,0.2527057661917527
4.014242490499326e-05,0.2527070134622588
4.098383671757261e-05,0.2527082868797252
4.184288507901576e-05,0.2527095869923514
4.271993966306776e-05,0.2527109143598331
4.361537789208006e-05,0.2527122695536042
4.45295850994266e-05,0.2527136531570824
4.5462954695324e-05,0.2527150657659215
4.641588833612772e-05,0.2527165079882671
4.738879609717651e-05,0.2527179804450198
4.838209664925957e-05,0.2527194837701021
4.939621743878326e-05,0.2527210186107322
5.043159487171359e-05,0.2527225856277024
5.148867450137487e-05,0.2527241854956647
5.256791122018419e-05,0.2527258189034213
5.366976945540476e-05,0.2527274865542214
5.479472336900293e-05,0.2527291891660651
5.594325706169377e-05,0.2527309274720119
5.711586478126424e-05,0.2527327022204979
5.831305113526218e-05,0.252734514175658
5.95353313081437e-05,0.2527363641176555
6.078323128297237e-05,0.2527382528430185
6.2057288067765e-05,0.2527401811649836
6.335804992658241e-05,0.2527421499138467
6.468607661546321e-05,0.2527441599373209
6.604193962330305e-05,0.252746212100902
6.742622241778349e-05,0.2527483072882425
6.883952069645496e-05,0.2527504464015323
7.028244264308338e-05,0.2527526303618879
7.175560918936922e-05,0.2527548601097502
7.32596542821523e-05,0.2527571366052896
7.479522515621829e-05,0.2527594608288213
7.636298261282242e-05,0.2527618337812271
7.79636013040522e-05,0.2527642564843883
7.959777002314978e-05,0.2527667299816261
8.126619200091945e-05,0.2527692553381523
8.296958520834916e-05,0.2527718336415288
8.470868266557403e-05,0.2527744660021373
8.648423275731709e-05,0.2527771535536579
8.829699955494083e-05,0.2527798974535595
9.014776314524917e-05,0.2527826988835988
9.203731996618231e-05,0.2527855590503308
9.39664831495469e-05,0.2527884791856299
9.593608287093147e-05,0.2527914605472211
9.794696670695385e-05,0.2527945044192243
0.0001,0.2527976121127079
0.0001020960662306048,0.2528007849662556
0.0001042360673976401,0.2528040243465442
0.0001064209244064725,0.2528073316489343
0.0001086515774652537,0.2528107082980731
0.0001109289864895223,0.2528141557485095
0.0001132541315152813,0.2528176754853231
0.0001156280131207375,0.2528212690247654
0.0001180516528568806,0.2528249379149158
0.0001205260936870841,0.2528286837363496
0.0001230524004359262,0.2528325081028222
0.0001256316602474122,0.2528364126619662
0.000128264983052806,0.2528403990960034
0.0001309535020482668,0.2528444691224728
0.0001336983741824945,0.2528486244949728
0.0001365007806546014,0.2528528670039192
0.0001393619274224143,0.2528571984773206
0.0001422830457214352,0.2528616207815678
0.0001452653925946781,0.2528661358222418
0.0001483102514336103,0.2528707455449384
0.0001514189325304352,0.2528754519361094
0.0001545927736419478,0.2528802570239226
0.0001578331405652116,0.2528851628791392
0.000161141427725302,0.2528901716160104
0.0001645190587753661,0.2528952853931922
0.0001679674872092653,0.2529005064146803
0.0001714881969870541,0.2529058369307642
0.0001750827031735723,0.2529112792390015
0.0001787525525904235,0.252916835685213
0.0001824993244816151,0.2529225086644991
0.000186324631193156,0.252928300622277
0.0001902301188668946,0.25293421405534
0.0001942174681489025,0.2529402515129401
0.0001982883949127071,0.2529464155978922
0.0002024446509976802,0.2529527089677025
0.0002066880249629082,0.2529591343357208
0.0002110203428568597,0.2529656944723161
0.0002154434690031882,0.2529723922060793
0.0002199593068030075,0.2529792304250487
0.0002245697995539772,0.2529862120779636
0.0002292769312865649,0.2529933401755434
0.0002340827276178294,0.2530006177917938
0.0002389892566231048,0.2530080480653416
0.000243998629725955,0.2530156342007963
0.0002491130026067791,0.253023379470142
0.0002543345761304648,0.253031287214158
0.0002596655972934873,0.2530393608438697
0.0002651083601908536,0.2530476038420308
0.0002706652070033241,0.253056019764636
0.0002763385290053172,0.2530646122424665
0.0002821307675939471,0.2530733849826684
0.0002880444153396298,0.2530823417703642
0.000294082017058706,0.2530914864702988
0.0003002461709085549,0.2531008230285205
0.000306539529505653,0.2531103554740977
0.000312964801067075,0.2531200879208717
0.0003195247505759214,0.2531300245692479
0.0003262222009711667,0.2531401697080238
0.0003330600343624589,0.2531505277162567
0.000340041193270371,0.2531611030651714
0.000347168681892656,0.2531719003201074
0.0003544455673970436,0.2531829241425088
0.0003618749812411277,0.253194179291956
0.0003694601205199302,0.253205670628241
0.0003772042493417001,0.2532174031134867
0.0003851107002325569,0.2532293818143113
0.000393182875570577,0.2532416119040399
0.0004014242490499318,0.2532540986649617
0.0004098383671757261,0.2532668474906368
0.0004184288507901585,0.2532798638882518
0.0004271993966306776,0.2532931534810255
0.0004361537789208006,0.2533067220106665
0.0004452958509942651,0.2533205753398829
0.0004546295469532399,0.2533347194549466
0.0004641588833612782,0.253349160468311
0.0004738879609717651,0.2533639046212866
0.0004838209664925957,0.2533789582867725
0.0004939621743878316,0.2533943279720469
0.0005043159487171359,0.253410020321618
0.0005148867450137498,0.2534260421201353
0.0005256791122018419,0.2534424002953638
0.0005366976945540476,0.2534591019212221
0.0005479472336900282,0.2534761542208857
0.0005594325706169377,0.253493564569957
0.0005711586478126435,0.2535113404997036
0.0005831305113526219,0.2535294897003664
0.000595353313081437,0.2535480200245385
0.0006078323128297224,0.2535669394906174
0.0006205728806776501,0.2535862562863315
0.0006335804992658254,0.2536059787723424
0.0006468607661546321,0.2536261154859252
0.0006604193962330305,0.2536466751447287
0.0006742622241778335,0.2536676666506154
0.0006883952069645496,0.2536890990935867
0.0007028244264308353,0.253710981755791
0.0007175560918936921,0.2537333241156198
0.000732596542821523,0.2537561358518919
0.0007479522515621828,0.2537794268481289
0.0007636298261282241,0.2538032071969228
0.0007796360130405237,0.2538274872043985
0.0007959777002314978,0.253852277394774
0.0008126619200091946,0.2538775885150188
0.0008296958520834915,0.2539034315396139
0.0008470868266557402,0.2539298176754154
0.0008648423275731727,0.2539567583666244
0.0008829699955494083,0.2539842652998645
0.0009014776314524918,0.254012350409371
0.000920373199661823,0.2540410258822927
0.000939664831495469,0.2540703041641093
0.0009593608287093146,0.2541001979641683
0.0009794696670695387,0.2541307202613423
0.001,0.25416188430981
0.001020960662306047,0.254193703644965
0.001042360673976401,0.2542261920894527
0.001064209244064725,0.2542593637593411
0.001086515774652537,0.2542932330704268
0.001109289864895223,0.2543278147446792
0.001132541315152813,0.2543631238168273
0.001156280131207375,0.2543991756410915
0.001180516528568806,0.2544359858980634
0.001205260936870841,0.2544735706017384
0.001230524004359262,0.2545119461067027
0.001256316602474122,0.2545511291154804
0.00128264983052806,0.2545911366860422
0.001309535020482668,0.2546319862394816
0.001336983741824945,0.2546736955678606
0.001365007806546014,0.2547162828422306
0.001393619274224143,0.2547597666208307
0.001422830457214352,0.2548041658574688
0.001452653925946781,0.2548494999100908
0.001483102514336103,0.2548957885495388
0.001514189325304352,0.2549430519685066
0.001545927736419478,0.254991310790695
0.001578331405652117,0.2550405860801722
0.00161141427725302,0.2550908993509438
0.001645190587753661,0.2551422725767379
0.001679674872092653,0.2551947282010102
0.001714881969870541,0.2552482891471741
0.001750827031735723,0.2553029788290607
0.001787525525904235,0.2553588211616162
0.00182499324481615,0.2554158405718401
0.00186324631193156,0.2554740620099704
0.001902301188668946,0.2555335109609231
0.001942174681489024,0.2555942134559905
0.001982883949127072,0.2556561960848062
0.002024446509976802,0.2557194860075805
0.002066880249629082,0.2557841109676168
0.002110203428568597,0.2558500993041111
0.002154434690031882,0.2559174799652465
0.002199593068030075,0.255986282521585
0.002245697995539772,0.2560565371797675
0.002292769312865649,0.2561282747965279
0.002340827276178294,0.2562015268930296
0.002389892566231048,0.2562763256695311
0.00243998629725955,0.2563527040203915
0.002491130026067791,0.2564306955494203
0.002543345761304648,0.2565103345855846
0.002596655972934872,0.2565916561990785
0.002651083601908536,0.2566746962177668
0.002706652070033241,0.2567594912440099
0.002763385290053173,0.2568460786718815
0.002821307675939471,0.2569344967047871
0.002880444153396298,0.2570247843734955
0.002940820170587061,0.2571169815545905
0.003002461709085549,0.2572111289893581
0.00306539529505653,0.2573072683031149
0.00312964801067075,0.2574054420249929
0.003195247505759214,0.2575056936081906
0.003262222009711667,0.2576080674507027
0.003330600343624588,0.2577126089165404
0.00340041193270371,0.2578193643574545
0.003471686818926559,0.2579283811351757
0.003544455673970436,0.2580397076441839
0.003618749812411277,0.2581533933350203
0.003694601205199302,0.2582694887381574
0.003772042493417001,0.2583880454884405
0.003851107002325569,0.258509116350115
0.003931828755705771,0.258632755242457
0.004014242490499318,0.2587590172660202
0.004098383671757262,0.2588879587295168
0.004184288507901585,0.2590196371773495
0.004271993966306777,0.2591541114178101
0.004361537789208006,0.2592914415519637
0.004452958509942651,0.2594316890032363
0.0045462954695324,0.2595749165477236
0.004641588833612782,0.2597211883452419
0.004738879609717651,0.259870569971139
0.004838209664925958,0.2600231284488868
0.004939621743878316,0.2601789322834753
0.005043159487171359,0.2603380514956313
0.005148867450137497,0.2605005576568818
0.005256791122018419,0.2606665239254861
0.005366976945540477,0.2608360250832611
0.005479472336900281,0.2610091375733206
0.005594325706169377,0.2611859395387578
0.005711586478126435,0.2613665108622933
0.005831305113526219,0.2615509332069157
0.00595353313081437,0.2617392900575439
0.006078323128297224,0.2619316667637351
0.0062057288067765,0.2621281505834719
0.006335804992658254,0.262328830728054
0.006468607661546321,0.2625337984081271
0.006604193962330305,0.262743146880881
0.006742622241778335,0.2629569714984461
0.006883952069645496,0.2631753697575256
0.007028244264308352,0.2633984413502937
0.007175560918936921,0.2636262882165982
0.00732596542821523,0.2638590145975018
0.007479522515621813,0.2640967270901997
0.007636298261282242,0.2643395347043525
0.007796360130405237,0.2645875489198736
0.007959777002314978,0.2648408837462116
0.008126619200091946,0.2650996557831696
0.008296958520834915,0.2653639842833048
0.008470868266557402,0.2656339912159519
0.008648423275731726,0.2659098013329175
0.008829699955494083,0.2661915422358905
0.009014776314524917,0.2664793444456183
0.00920373199661823,0.2667733414728968
0.009396648314954691,0.2670736698914278
0.009593608287093146,0.267380469412594
0.009794696670695385,0.2676938829622056
0.01,0.2680140567592773
0.01020960662306048,0.2683411403968871
0.01042360673976401,0.2686752869251818
0.01064209244064725,0.2690166529365851
0.01086515774652537,0.269365398653271
0.01109289864895223,0.2697216880169689
0.01132541315152813,0.2700856887811618
0.01156280131207375,0.2704575726057473
0.01180516528568806,0.27083751515423
0.01205260936870841,0.2712256961935149
0.01230524004359262,0.2716222996963759
0.01256316602474121,0.2720275139466722
0.0128264983052806,0.2724415316473902
0.01309535020482668,0.2728645500315884
0.01336983741824945,0.2732967709763257
0.01365007806546014,0.2737384011196553
0.01393619274224144,0.2741896519807673
0.01422830457214352,0.2746507400833677
0.01452653925946781,0.2751218870823799
0.01483102514336103,0.2756033198940597
0.01514189325304352,0.2760952708296155
0.01545927736419479,0.2765979777324269
0.01578331405652117,0.2771116841189581
0.0161141427725302,0.2776366393234636
0.01645190587753661,0.278173098646584
0.01679674872092653,0.2787213235079369
0.01714881969870541,0.2792815816028007
0.01750827031735723,0.2798541470630001
0.01787525525904235,0.2804393006220984
0.0182499324481615,0.281037329785002
0.0186324631193156,0.2816485290020901
0.01902301188668946,0.2822731998479766
0.01942174681489025,0.2829116512050173
0.01982883949127071,0.2835641994516744
0.02024446509976802,0.2842311686558511
0.02066880249629082,0.2849128907733107
0.02110203428568597,0.2856097058512932
0.02154434690031882,0.2863219622374449
0.02199593068030075,0.2870500167941726
0.02245697995539772,0.2877942351185375
0.02292769312865649,0.288554991767801
0.02340827276178294,0.2893326704907312
0.02389892566231048,0.2901276644647821
0.0243998629725955,0.2909403765392501
0.02491130026067786,0.2917712194845126
0.02543345761304648,0.2926206162474498
0.02596655972934872,0.2934890002131444
0.02651083601908536,0.2943768154729532
0.02706652070033241,0.2952845170990352
0.02763385290053173,0.2962125714254142
0.02821307675939471,0.2971614563356526
0.02880444153396298,0.2981316615571953
0.02940820170587061,0.2991236889624396
0.03002461709085549,0.3001380528765757
0.0306539529505653,0.3011752803922267
0.03129648010670751,0.3022359116909061
0.03195247505759213,0.3033205003712972
0.03262222009711666,0.3044296137843349
0.03330600343624589,0.3055638333750619
0.0340041193270371,0.3067237550312006
0.03471686818926559,0.307909989438365
0.03544455673970436,0.3091231624418099
0.03618749812411277,0.3103639154145834
0.03694601205199302,0.3116329056319253
0.03772042493417001,0.3129308066517109
0.03851107002325569,0.3142583087007082
0.0393182875570577,0.3156161190663771
0.04014242490499318,0.3170049624938859
0.04098383671757262,0.318425581587984
0.04184288507901585,0.3198787372193043
0.04271993966306777,0.3213652089346195
0.04361537789208006,0.3228857953705096
0.04452958509942651,0.3244413146698263
0.04546295469532399,0.3260326049002729
0.04641588833612782,0.327660524474327
0.04738879609717651,0.3293259525696538
0.04838209664925957,0.3310297895490569
0.04939621743878315,0.3327729573789094
0.05043159487171359,0.3345564000449013
0.05148867450137497,0.3363810839638093
0.05256791122018419,0.3382479983898714
0.05366976945540476,0.3401581558142042
0.05479472336900281,0.3421125923555434
0.05594325706169378,0.3441123681404333
0.05711586478126435,0.3461585676708006
0.05831305113526219,0.3482523001766687
0.0595353313081437,0.3503946999515564
0.06078323128297224,0.3525869266678813
0.062057288067765,0.3548301656694625
0.06335804992658255,0.3571256282379479
0.0646860766154632,0.3594745518297331
0.06604193962330306,0.3618782002796372
0.06742622241778336,0.3643378639672923
0.06883952069645496,0.3668548599418746
0.07028244264308353,0.3694305320004411
0.07175560918936921,0.3720662507147662
0.0732596542821523,0.3747634134011626
0.07479522515621813,0.3775234440273456
0.07636298261282241,0.3803477930499453
0.07796360130405237,0.3832379371757862
0.07959777002314977,0.3861953790395468
0.08126619200091946,0.3892216467898705
0.08296958520834916,0.392318293575427
0.08470868266557402,0.3954868969218319
0.08648423275731726,0.3987290579896962
0.08829699955494083,0.4020464007034154
0.09014776314524918,0.4054405707396296
0.09203731996618231,0.4089132343635482
0.09396648314954691,0.4124660771006
0.09593608287093147,0.4161008022300827
0.09794696670695385,0.4198191290866837
0.1,0.4236227911549274
0.1020960662306048,0.4275135339407422
0.1042360673976401,0.431493112603493
0.1064209244064725,0.435563289330943
0.1086515774652537,0.4397258304387217
0.1109289864895223,0.443982503175016
0.1132541315152813,0.4483350722103039
0.1156280131207375,0.452785295791123
0.1180516528568806,0.4573349215360295
0.1205260936870841,0.4619856818511203
0.1230524004359262,0.4667392889417885
0.1256316602474122,0.4715974293967066
0.128264983052806,0.476561758319504
0.1309535020482668,0.4816338929831533
0.1336983741824945,0.4868154059817805
0.1365007806546014,0.4921078178545059
0.1393619274224144,0.4975125891559645
0.1422830457214352,0.5030311119484935
0.1452653925946781,0.508664700691532
0.1483102514336103,0.514414582504679
0.1514189325304352,0.5202818867821288
0.1545927736419478,0.5262676341378482
0.1578331405652116,0.5323727246630255
0.161141427725302,0.5385979254799776
0.1645190587753661,0.5449438575799511
0.1679674872092653,0.5514109819362035
0.1714881969870541,0.5579995848883632
0.1750827031735723,0.5647097627995643
0.1787525525904236,0.5715414059941729
0.182499324481615,0.5784941819912376
0.186324631193156,0.5855675180571771
0.1902301188668946,0.5927605831106724
0.1942174681489025,0.6000722690234662
0.1982883949127071,0.6075011713727325
0.2024446509976802,0.6150455697140067
0.2066880249629082,0.6227034074584492
0.2110203428568597,0.6304722714543681
0.2154434690031882,0.6383493713906684
0.2199593068030075,0.6463315191590553
0.2245697995539772,0.6544151083324847
0.2292769312865649,0.6625960939394813
0.2340827276178294,0.6708699727373317
0.2389892566231048,0.6792317642118473
0.243998629725955,0.6876759925570151
0.2491130026067786,0.6961966699142823
0.2543345761304648,0.704787281178116
0.2596655972934873,0.7134407707013608
0.2651083601908536,0.7221495312604527
0.2706652070033241,0.7309053956660023
0.2763385290053172,0.7396996314280523
0.2821307675939471,0.7485229389066625
0.2880444153396298,0.7573654533963965
0.2940820170587061,0.7662167516068508
0.3002461709085549,0.7750658630094642
0.306539529505653,0.7839012865221355
0.312964801067075,0.7927110129965206
0.3195247505759213,0.801482553956715
0.3262222009711667,0.8102029770110117
0.3330600343624588,0.8188589483191117
0.340041193270371,0.8274367824440023
0.3471686818926559,0.8359224998495491
0.3544455673970436,0.8443018922202603
0.3618749812411277,0.8525605956778233
0.3694601205199303,0.8606841718491856
0.3772042493417002,0.8686581966027447
0.3851107002325569,0.8764683561130436
0.393182875570577,0.8841005497408605
0.4014242490499318,0.8915409990264169
0.4098383671757261,0.8987763618909658
0.4184288507901585,0.9057938509294803
0.4271993966306777,0.9125813544590131
0.4361537789208006,0.9191275587687617
0.4452958509942651,0.9254220698055202
0.4546295469532399,0.9314555323295202
0.4641588833612782,0.9372197443990593
0.4738879609717651,0.9427077648971939
0.4838209664925957,0.9479140117098336
0.4939621743878316,0.9528343481119812
0.5043159487171359,0.9574661549274885
0.5148867450137498,0.9618083861066994
0.5256791122018419,0.9658616055237557
0.5366976945540476,0.9696280030370579
0.5479472336900282,0.9731113881858896
0.5594325706169377,0.9763171603136207
0.5711586478126435,0.9792522544093623
0.5831305113526218,0.9819250625372358
0.595353313081437,0.9843453313623545
0.6078323128297224,0.9865240369671251
0.62057288067765,0.9884732388576222
0.6335804992658254,0.9902059157602375
0.6468607661546321,0.9917357864728928
0.6604193962330305,0.9930771196298593
0.6742622241778335,0.9942445367313337
0.6883952069645496,0.9952528131464983
0.7028244264308353,0.9961166819937768
0.7175560918936921,0.9968506458124455
0.732596542821523,0.9974688007520348
0.7479522515621814,0.9979846776167594
0.7636298261282242,0.9984111035199073
0.7796360130405237,0.9987600871483971
0.7959777002314977,0.9990427297434078
0.8126619200091946,0.9992691629126342
0.8296958520834898,0.9994485133553315
0.8470868266557402,0.9995888935599354
0.8648423275731727,0.9996974165837397
0.8829699955494082,0.9997802321994141
0.9014776314524917,0.9998425810405643
0.9203731996618231,0.9998888629324795
0.9396648314954691,0.9999227153739377
0.9593608287093147,0.9999470981437374
0.9794696670695385,0.999964380226707
1,0.9999764256580256
1.020960662306048,0.9999846754290673
1.042360673976403,0.9999902232320036
1.064209244064722,0.999993883490527
1.086515774652537,0.9999962507791006
1.109289864895223,0.999997750328967
1.132541315152813,0.9999986798222592
1.156280131207378,0.9999992430651701
1.180516528568803,0.9999995763996485
1.205260936870841,0.9999997688649047
1.230524004359262,0.9999998771691606
1.256316602474121,0.9999999364990246
1.282649830528062,0.9999999681020505
1.309535020482665,0.9999999844507304
1.336983741824945,0.9999999926539461
1.365007806546014,0.9999999966410565
1.393619274224144,0.9999999985156447
1.422830457214355,0.9999999993669832
1.452653925946778,0.9999999997398867
1.483102514336103,0.9999999998971797
1.514189325304352,0.9999999999609669
1.545927736419479,0.9999999999857943
1.57833140565212,0.9999999999950526
1.611414277253017,0.9999999999983543
1.645190587753661,0.9999999999994782
1.679674872092653,0.9999999999998427
1.714881969870541,0.9999999999999549
1.750827031735727,0.9999999999999878
1.787525525904232,0.9999999999999969
1.824993244816151,0.9999999999999992
1.86324631193156,0.9999999999999998
1.902301188668946,1
1.942174681489028,1
1.982883949127067,1
2.024446509976802,1
2.066880249629082,1
2.110203428568596,1
2.154434690031886,1
2.19959306803007,1
2.245697995539772,1
2.292769312865649,1
2.340827276178294,1
2.389892566231053,1
2.439986297259545,1
2.491130026067786,1
2.543345761304648,1
2.596655972934872,1
2.651083601908542,1
2.706652070033236,1
2.763385290053167,1
2.821307675939471,1
2.880444153396298,1
2.940820170587067,1
3.002461709085543,1
3.065395295056524,1
3.12964801067075,1
3.195247505759214,1
3.262222009711673,1
3.330600343624582,1
3.400411932703703,1
3.47168681892656,1
3.544455673970436,1
3.618749812411284,1
3.694601205199295,1
3.772042493416994,1
3.851107002325569,1
3.93182875570577,1
4.014242490499326,1
4.098383671757253,1
4.184288507901576,1
4.271993966306777,1
4.361537789208006,1
4.45295850994266,1
4.54629546953239,1
4.641588833612772,1
4.738879609717651,1
4.838209664925957,1
4.939621743878326,1
5.043159487171349,1
5.148867450137487,1
5.256791122018419,1
5.366976945540476,1
5.479472336900293,1
5.594325706169389,1
5.711586478126423,1
5.831305113526219,1
5.95353313081437,1
6.078323128297236,1
6.205728806776513,1
6.335804992658241,1
6.46860766154632,1
6.604193962330306,1
6.742622241778349,1
6.883952069645511,1
7.028244264308339,1
7.175560918936921,1
7.32596542821523,1
7.479522515621829,1
7.636298261282257,1
7.796360130405221,1
7.959777002314977,1
8.126619200091946,1
8.296958520834915,1
8.470868266557419,1
8.648423275731709,1
8.829699955494084,1
9.014776314524918,1
9.203731996618231,1
9.39664831495471,1
9.593608287093128,1
9.794696670695386,1
10,1
