#Pareto - Cost J(iterations) convergence
#iterations, J(iterations)
1,30.1137853753213
2,30.05768979548485
3,30.00358433638203
4,29.95007369576429
5,29.8971224411061
6,29.84472411013938
7,29.79287291609899
8,29.74156314557066
9,29.69078914507367
10,29.64054532016606
11,29.59082613482248
12,29.54162611082397
13,29.4929398271545
14,29.44476191940355
15,29.39708707917509
16,29.3499100535027
17,29.30322564427074
18,29.25702870764165
19,29.21131415348912
20,29.16607694483735
21,29.1213120973059
22,29.07701467856067
23,29.03317980777036
24,28.98980265506861
25,28.94687844102197
26,28.9044024361032
27,28.86236996017018
28,28.82077638195022
29,28.77961711852981
30,28.7388876348496
31,28.69858344320476
32,28.65870010275051
33,28.61923321901281
34,28.5801784434041
35,28.54153147274426
36,28.50328804878642
37,28.46544395774777
38,28.42799502984527
39,28.39093713883621
40,28.35426620156362
41,28.31797817750629
42,28.28206906833362
43,28.24653491746509
44,28.21137180963424
45,28.17657587045737
46,28.14214326600655
47,28.10807020238726
48,28.07435292532033
49,28.04098771972831
50,28.00797090932608
51,27.97529885621585
52,27.94296796048625
53,27.91097465981575
54,27.87931542908014
55,27.84798677996407
56,27.81698526057675
57,27.78630745507156
58,27.75594998326977
59,27.72590950028799
60,27.69618269616969
61,27.66676629552049
62,27.63765705714724
63,27.60885177370092
64,27.58034727132324
65,27.55214040929694
66,27.5242280796997
67,27.49660720706174
68,27.46927474802694
69,27.44222769101751
70,27.41546305590219
71,27.38897789366782
72,27.36276928609452
73,27.33683434543401
74,27.3111702140916
75,27.28577406431114
76,27.26064309786361
77,27.23577454573873
78,27.21116566783985
79,27.18681375268208
80,27.16271611709346
81,27.13887010591943
82,27.11527309173018
83,27.0919224745312
84,27.06881568147673
85,27.04595016658644
86,27.02332341046468
87,27.00093292002312
88,26.97877622820586
89,26.95685089371771
90,26.93515450075516
91,26.91368465874022
92,26.89243900205701
93,26.87141518979109
94,26.85061090547156
95,26.83002385681582
96,26.80965177547697
97,26.78949241679392
98,26.76954355954402
99,26.74980300569834
100,26.73026858017952
101,26.71093813062205
102,26.69180952713516
103,26.67288066206807
104,26.65414944977791
105,26.63561382639979
106,26.61727174961937
107,26.59912119844797
108,26.58116017299982
109,26.56338669427162
110,26.54579880392464
111,26.52839456406884
112,26.51117205704941
113,26.4941293852354
114,26.47726467081071
115,26.46057605556714
116,26.44406170069969
117,26.42771978660387
118,26.41154851267532
119,26.39554609711133
120,26.37971077671456
121,26.36404080669873
122,26.34853446049644
123,26.33319002956881
124,26.31800582321737
125,26.30298016839768
126,26.28811140953502
127,26.27339790834195
128,26.25883804363784
129,26.24443021117024
130,26.23017282343802
131,26.21606430951664
132,26.20210311488485
133,26.18828770125357
134,26.17461654639632
135,26.16108814398153
136,26.14770100340655
137,26.13445364963336
138,26.12134462302616
139,26.10837247919044
140,26.09553578881392
141,26.08283313750895
142,26.07026312565679
143,26.05782436825331
144,26.04551549475641
145,26.03333514893503
146,26.0212819887197
147,26.00935468605467
148,25.99755192675157
149,25.9858724103446
150,25.97431484994729
151,25.96287797211066
152,25.9515605166829
153,25.94036123667058
154,25.92927889810117
155,25.91831227988718
156,25.9074601736915
157,25.89672138379436
158,25.88609472696154
159,25.87557903231398
160,25.86517314119879
161,25.85487590706161
162,25.84468619532023
163,25.83460288323962
164,25.82462485980816
165,25.81475102561533
166,25.80498029273049
167,25.79531158458302
168,25.78574383584372
169,25.77627599230741
170,25.76690701077683
171,25.75763585894759
172,25.74846151529453
173,25.73938296895911
174,25.73039921963806
175,25.72150927747311
176,25.71271216294202
177,25.70400690675053
178,25.69539254972568
179,25.68686814271007
180,25.67843274645723
181,25.67008543152821
182,25.66182527818917
183,25.65365137630998
184,25.64556282526396
185,25.6375587338287
186,25.62963822008777
187,25.62180041133365
188,25.61404444397149
189,25.60636946342397
190,25.5987746240372
191,25.59125908898747
192,25.58382203018908
193,25.57646262820309
194,25.56918007214706
195,25.56197355960564
196,25.55484229654224
197,25.54778549721149
198,25.54080238407261
199,25.53389218770391
200,25.52705414671782
201,25.52028750767711
202,25.51359152501183
203,25.50696546093719
204,25.50040858537226
205,25.49392017585951
206,25.48749951748521
207,25.48114590280068
208,25.47485863174434
209,25.46863701156452
210,25.46248035674323
211,25.45638798892054
212,25.45035923681986
213,25.444393436174
214,25.43848992965195
215,25.43264806678649
216,25.42686720390246
217,25.4211467040459
218,25.41548593691383
219,25.40988427878481
220,25.40434111245024
221,25.39885582714632
222,25.39342781848675
223,25.38805648839618
224,25.38274124504425
225,25.37748150278047
226,25.37227668206961
227,25.36712620942785
228,25.36202951735966
229,25.35698604429517
230,25.35199523452841
231,25.34705653815597
232,25.3421694110165
233,25.33733331463069
234,25.33254771614196
235,25.32781208825776
236,25.32312590919146
237,25.31848866260486
238,25.31389983755129
239,25.30935892841934
240,25.30486543487708
241,25.30041886181703
242,25.29601871930156
243,25.29166452250887
244,25.28735579167963
245,25.28309205206409
246,25.27887283386978
247,25.27469767220975
248,25.27056610705131
249,25.26647768316541
250,25.2624319500764
251,25.2584284620125
252,25.25446677785656
253,25.25054646109755
254,25.24666707978244
255,25.24282820646856
256,25.23902941817657
257,25.23527029634385
258,25.23155042677829
259,25.22786939961279
260,25.22422680925998
261,25.22062225436761
262,25.2170553377743
263,25.21352566646575
264,25.21003285153148
265,25.20657650812197
266,25.20315625540625
267,25.19977171652993
268,25.19642251857369
269,25.19310829251218
270,25.18982867317337
271,25.1865832991983
272,25.18337181300129
273,25.18019386073052
274,25.17704909222904
275,25.17393716099619
276,25.17085772414942
277,25.16781044238655
278,25.1647949799483
279,25.16181100458139
280,25.15885818750185
281,25.15593620335886
282,25.15304473019886
283,25.15018344943007
284,25.14735204578744
285,25.14455020729784
286,25.14177762524575
287,25.13903399413921
288,25.13631901167616
289,25.13363237871115
290,25.13097379922237
291,25.12834298027901
292,25.12573963200904
293,25.1231634675672
294,25.12061420310346
295,25.11809155773171
296,25.11559525349879
297,25.11312501535393
298,25.11068057111839
299,25.10826165145549
300,25.1058679898409
301,25.10349932253333
302,25.10115538854544
303,25.0988359296151
304,25.09654069017688
305,25.09426941733397
306,25.09202186083025
307,25.08979777302277
308,25.0875969088544
309,25.0854190258269
310,25.08326388397415
311,25.0811312458357
312,25.07902087643069
313,25.07693254323184
314,25.07486601613994
315,25.07282106745841
316,25.07079747186826
317,25.06879500640326
318,25.06681345042535
319,25.06485258560036
320,25.06291219587392
321,25.0609920674477
322,25.05909198875579
323,25.05721175044145
324,25.05535114533399
325,25.05350996842601
326,25.05168801685073
327,25.0498850898597
328,25.04810098880066
329,25.04633551709565
330,25.04458848021934
331,25.04285968567762
332,25.04114894298637
333,25.0394560636505
334,25.03778086114314
335,25.03612315088513
336,25.03448275022463
337,25.03285947841706
338,25.03125315660514
339,25.02966360779918
340,25.02809065685762
341,25.02653413046768
342,25.02499385712632
343,25.02346966712128
344,25.02196139251243
345,25.02046886711327
346,25.01899192647254
347,25.01753040785622
348,25.01608415022951
349,25.0146529942391
350,25.01323678219567
351,25.01183535805642
352,25.01044856740798
353,25.00907625744929
354,25.00771827697488
355,25.00637447635809
356,25.00504470753469
357,25.00372882398648
358,25.00242668072521
359,25.00113813427656
360,24.99986304266437
361,24.99860126539496
362,24.99735266344168
363,24.99611709922956
364,24.99489443662019
365,24.99368454089669
366,24.99248727874889
367,24.99130251825859
368,24.99013012888511
369,24.98896998145082
370,24.987821948127
371,24.98668590241962
372,24.98556171915555
373,24.98444927446868
374,24.98334844578631
375,24.98225911181558
376,24.98118115253022
377,24.98011444915721
378,24.97905888416377
379,24.97801434124436
380,24.9769807053079
381,24.97595786246508
382,24.97494570001581
383,24.97394410643678
384,24.97295297136921
385,24.97197218560667
386,24.97100164108304
387,24.97004123086063
388,24.96909084911835
389,24.96815039114012
390,24.96721975330327
391,24.96629883306713
392,24.96538752896176
393,24.96448574057678
394,24.96359336855024
395,24.96271031455775
396,24.96183648130159
397,24.96097177250001
398,24.96011609287663
399,24.95926934814994
400,24.95843144502289
401,24.95760229117263
402,24.95678179524033
403,24.95596986682114
404,24.95516641645418
405,24.95437135561272
406,24.95358459669442
407,24.95280605301165
408,24.95203563878198
409,24.9512732691187
410,24.9505188600215
411,24.94977232836716
412,24.94903359190043
413,24.94830256922497
414,24.94757917979437
415,24.94686334390325
416,24.94615498267853
417,24.9454540180707
418,24.94476037284524
419,24.94407397057411
420,24.94339473562729
421,24.94272259316452
422,24.94205746912698
423,24.94139929022917
424,24.94074798395086
425,24.94010347852903
426,24.93946570294999
427,24.9388345869416
428,24.93821006096548
429,24.93759205620936
430,24.9369805045795
431,24.93637533869318
432,24.93577649187129
433,24.93518389813098
434,24.93459749217835
435,24.93401720940134
436,24.93344298586253
437,24.93287475829213
438,24.932312464081
439,24.93175604127379
440,24.93120542856203
441,24.93066056527747
442,24.93012139138531
443,24.92958784747766
444,24.92905987476693
445,24.92853741507942
446,24.92802041084883
447,24.92750880510999
448,24.92700254149255
449,24.92650156421475
450,24.92600581807731
451,24.92551524845734
452,24.92502980130232
453,24.92454942312411
454,24.92407406099311
455,24.92360366253241
456,24.923138175912
457,24.92267754984307
458,24.92222173357236
459,24.92177067687659
460,24.92132433005688
461,24.92088264393331
462,24.92044556983949
463,24.9200130596172
464,24.91958506561108
465,24.91916154066339
466,24.91874243810878
467,24.91832771176919
468,24.91791731594876
469,24.91751120542875
470,24.91710933546261
471,24.91671166177102
472,24.91631814053702
473,24.91592872840119
474,24.91554338245685
475,24.91516206024534
476,24.91478471975137
477,24.91441131939836
478,24.91404181804385
479,24.91367617497502
480,24.91331434990412
481,24.91295630296413
482,24.91260199470429
483,24.91225138608576
484,24.91190443847738
485,24.91156111365135
486,24.91122137377905
487,24.91088518142683
488,24.91055249955196
489,24.91022329149849
490,24.9098975209932
491,24.90957515214168
492,24.90925614942429
493,24.90894047769228
494,24.90862810216393
495,24.90831898842072
496,24.9080131024035
497,24.90771041040877
498,24.90741087908496
499,24.90711447542873
500,24.90682116678141
501,24.90653092082531
502,24.90624370558017
503,24.90595948939972
504,24.90567824096811
505,24.90539992929648
506,24.90512452371959
507,24.90485199389232
508,24.9045823097865
509,24.90431544168746
510,24.90405136019083
511,24.90379003619924
512,24.90353144091921
513,24.90327554585786
514,24.90302232281986
515,24.90277174390429
516,24.90252378150156
517,24.90227840829038
518,24.90203559723475
519,24.90179532158095
520,24.90155755485467
521,24.90132227085799
522,24.90108944366657
523,24.90085904762676
524,24.90063105735281
525,24.900405447724
526,24.90018219388194
527,24.89996127122782
528,24.89974265541968
529,24.8995263223697
530,24.89931224824164
531,24.89910040944812
532,24.89889078264806
533,24.89868334474412
534,24.89847807288011
535,24.89827494443854
536,24.89807393703805
537,24.89787502853101
538,24.89767819700104
539,24.89748342076063
540,24.89729067834867
541,24.89709994852823
542,24.89691121028407
543,24.89672444282039
544,24.89653962555859
545,24.89635673813487
546,24.89617576039814
547,24.89599667240769
548,24.89581945443102
549,24.89564408694169
550,24.89547055061714
551,24.89529882633661
552,24.89512889517895
553,24.8949607384206
554,24.89479433753352
555,24.89462967418312
556,24.89446673022627
557,24.89430548770928
558,24.89414592886593
559,24.89398803611553
560,24.89383179206094
561,24.89367717948669
562,24.89352418135708
563,24.89337278081427
564,24.89322296117648
565,24.8930747059361
566,24.89292799875789
567,24.89278282347718
568,24.89263916409811
569,24.89249700479181
570,24.89235632989472
571,24.89221712390684
572,24.89207937148998
573,24.89194305746617
574,24.89180816681588
575,24.89167468467643
576,24.89154259634033
577,24.89141188725366
578,24.89128254301449
579,24.89115454937123
580,24.89102789222116
581,24.89090255760877
582,24.8907785317243
583,24.89065580090219
584,24.89053435161955
585,24.8904141704947
586,24.89029524428573
587,24.89017755988895
588,24.89006110433752
589,24.88994586479999
590,24.88983182857891
591,24.8897189831094
592,24.88960731595778
593,24.8894968148202
594,24.88938746752131
595,24.88927926201287
596,24.88917218637244
597,24.88906622880209
598,24.88896137762708
599,24.88885762129456
600,24.88875494837234
601,24.88865334754758
602,24.88855280762557
603,24.88845331752852
604,24.88835486629427
605,24.88825744307517
606,24.88816103713679
607,24.88806563785684
608,24.88797123472391
609,24.88787781733637
610,24.88778537540119
611,24.88769389873281
612,24.88760337725206
613,24.88751380098497
614,24.88742516006176
615,24.88733744471567
616,24.88725064528196
617,24.88716475219679
618,24.88707975599617
619,24.88699564731496
620,24.88691241688579
621,24.88683005553807
622,24.88674855419696
623,24.88666790388238
624,24.88658809570803
625,24.88650912088037
626,24.88643097069772
627,24.88635363654924
628,24.886277109914
629,24.88620138236005
630,24.88612644554349
631,24.88605229120753
632,24.88597891118163
633,24.88590629738053
634,24.88583444180341
635,24.88576333653299
636,24.88569297373467
637,24.88562334565566
638,24.88555444462409
639,24.88548626304824
640,24.88541879341566
641,24.8853520282923
642,24.88528596032178
643,24.88522058222452
644,24.88515588679696
645,24.88509186691073
646,24.88502851551193
647,24.8849658256203
648,24.88490379032846
649,24.88484240280117
650,24.88478165627455
651,24.88472154405536
652,24.88466205952024
653,24.88460319611498
654,24.88454494735385
655,24.88448730681879
656,24.88443026815879
657,24.88437382508915
658,24.8843179713908
659,24.88426270090958
660,24.88420800755564
661,24.88415388530266
662,24.88410032818729
663,24.88404733030844
664,24.88399488582663
665,24.88394298896337
666,24.88389163400048
667,24.88384081527952
668,24.88379052720111
669,24.88374076422436
670,24.8836915208662
671,24.88364279170088
672,24.88359457135924
673,24.88354685452821
674,24.88349963595019
675,24.88345291042251
676,24.88340667279677
677,24.88336091797838
678,24.88331564092594
679,24.88327083665065
680,24.88322650021585
681,24.8831826267364
682,24.88313921137819
683,24.88309624935757
684,24.88305373594085
685,24.88301166644377
686,24.88297003623097
687,24.8829288407155
688,24.88288807535831
689,24.88284773566775
690,24.88280781719905
691,24.88276831555386
692,24.88272922637979
693,24.88269054536985
694,24.88265226826204
695,24.88261439083887
696,24.8825769089269
697,24.88253981839622
698,24.88250311516011
699,24.88246679517447
700,24.88243085443745
701,24.882395288989
702,24.88236009491038
703,24.88232526832381
704,24.88229080539199
705,24.88225670231767
706,24.88222295534327
707,24.88218956075044
708,24.88215651485966
709,24.88212381402982
710,24.88209145465786
711,24.88205943317829
712,24.8820277460629
713,24.88199638982029
714,24.88196536099554
715,24.8819346561698
716,24.88190427195989
717,24.881874205018
718,24.88184445203126
719,24.88181500972139
720,24.88178587484432
721,24.88175704418991
722,24.88172851458148
723,24.88170028287556
724,24.88167234596147
725,24.88164470076107
726,24.88161734422829
727,24.88159027334892
728,24.88156348514017
729,24.88153697665047
730,24.88151074495902
731,24.88148478717551
732,24.88145910043984
733,24.88143368192177
734,24.8814085288206
735,24.88138363836488
736,24.88135900781209
737,24.88133463444838
738,24.8813105155882
739,24.88128664857405
740,24.88126303077621
741,24.88123965959237
742,24.88121653244743
743,24.88119364679318
744,24.88117100010798
745,24.88114858989654
746,24.88112641368967
747,24.8811044690439
748,24.88108275354129
749,24.88106126478919
750,24.88104000041985
751,24.88101895809034
752,24.88099813548213
753,24.88097753030092
754,24.88095714027636
755,24.88093696316182
756,24.88091699673412
757,24.88089723879328
758,24.88087768716233
759,24.880858339687
760,24.88083919423552
761,24.88082024869838
762,24.88080150098812
763,24.88078294903902
764,24.880764590807
765,24.88074642426928
766,24.88072844742421
767,24.88071065829105
768,24.88069305490973
769,24.88067563534065
770,24.88065839766448
771,24.88064133998191
772,24.88062446041346
773,24.88060775709931
774,24.88059122819901
775,24.88057487189137
776,24.88055868637418
777,24.88054266986409
778,24.88052682059635
779,24.88051113682461
780,24.88049561682081
781,24.88048025887489
782,24.88046506129468
783,24.88045002240564
784,24.88043514055074
785,24.88042041409026
786,24.8804058414016
787,24.88039142087907
788,24.88037715093379
789,24.88036302999344
790,24.88034905650214
791,24.88033522892024
792,24.88032154572417
793,24.88030800540628
794,24.88029460647465
795,24.88028134745293
796,24.88026822688023
797,24.88025524331085
798,24.88024239531424
799,24.88022968147476
800,24.88021710039155
801,24.88020465067841
802,24.88019233096356
803,24.8801801398896
804,24.88016807611326
805,24.88015613830533
806,24.88014432515045
807,24.88013263534702
808,24.88012106760701
809,24.88010962065586
810,24.8800982932323
811,24.88008708408824
812,24.88007599198863
813,24.88006501571129
814,24.88005415404683
815,24.88004340579847
816,24.88003276978195
817,24.88002224482534
818,24.88001182976898
819,24.8800015234653
820,24.87999132477871
821,24.87998123258551
822,24.87997124577368
823,24.87996136324286
824,24.87995158390416
825,24.87994190668006
826,24.87993233050428
827,24.87992285432171
828,24.87991347708821
829,24.87990419777059
830,24.8798950153464
831,24.87988592880391
832,24.87987693714193
833,24.87986803936973
834,24.87985923450692
835,24.87985052158335
836,24.87984189963902
837,24.87983336772392
838,24.87982492489798
839,24.87981657023094
840,24.87980830280227
841,24.87980012170102
842,24.87979202602579
843,24.87978401488455
844,24.87977608739461
845,24.87976824268252
846,24.8797604798839
847,24.87975279814342
848,24.87974519661468
849,24.87973767446014
850,24.87973023085096
851,24.879722864967
852,24.87971557599665
853,24.8797083631368
854,24.8797012255927
855,24.87969416257791
856,24.87968717331422
857,24.87968025703153
858,24.87967341296777
859,24.87966664036884
860,24.87965993848852
861,24.87965330658837
862,24.87964674393768
863,24.87964024981333
864,24.87963382349981
865,24.87962746428902
866,24.87962117148029
867,24.87961494438026
868,24.87960878230282
869,24.87960268456899
870,24.87959665050691
871,24.87959067945174
872,24.87958477074556
873,24.87957892373733
874,24.8795731377828
875,24.87956741224447
876,24.87956174649148
877,24.87955613989955
878,24.87955059185093
879,24.87954510173433
880,24.87953966894481
881,24.87953429288379
882,24.87952897295891
883,24.87952370858399
884,24.87951849917901
885,24.87951334416996
886,24.87950824298885
887,24.87950319507362
888,24.87949819986807
889,24.87949325682182
890,24.87948836539023
891,24.87948352503432
892,24.8794787352208
893,24.8794739954219
894,24.87946930511536
895,24.8794646637844
896,24.87946007091763
897,24.87945552600898
898,24.87945102855769
899,24.87944657806819
900,24.87944217405013
901,24.87943781601828
902,24.87943350349243
903,24.87942923599742
904,24.87942501306304
905,24.879420834224
906,24.87941669901986
907,24.879412606995
908,24.87940855769853
909,24.8794045506843
910,24.87940058551078
911,24.8793966617411
912,24.87939277894293
913,24.87938893668844
914,24.87938513455426
915,24.87938137212149
916,24.87937764897556
917,24.87937396470624
918,24.87937031890758
919,24.87936671117789
920,24.87936314111964
921,24.87935960833949
922,24.87935611244817
923,24.8793526530605
924,24.87934922979531
925,24.87934584227541
926,24.87934249012757
927,24.87933917298242
928,24.87933589047448
929,24.87933264224206
930,24.87932942792726
931,24.87932624717593
932,24.8793230996376
933,24.87931998496546
934,24.87931690281632
935,24.87931385285058
936,24.87931083473221
937,24.87930784812863
938,24.87930489271077
939,24.87930196815302
940,24.87929907413313
941,24.87929621033221
942,24.87929337643474
943,24.87929057212846
944,24.87928779710439
945,24.87928505105677
946,24.87928233368302
947,24.87927964468373
948,24.87927698376263
949,24.87927435062653
950,24.8792717449853
951,24.87926916655183
952,24.87926661504203
953,24.87926409017479
954,24.87926159167187
955,24.879259119258
956,24.87925667266076
957,24.87925425161058
958,24.87925185584068
959,24.87924948508711
960,24.87924713908865
961,24.87924481758679
962,24.87924252032576
963,24.87924024705244
964,24.87923799751635
965,24.87923577146962
966,24.87923356866699
967,24.87923138886573
968,24.87922923182568
969,24.87922709730917
970,24.879224985081
971,24.87922289490845
972,24.87922082656122
973,24.8792187798114
974,24.87921675443348
975,24.87921475020429
976,24.879212766903
977,24.8792108043111
978,24.87920886221233
979,24.8792069403927
980,24.87920503864046
981,24.87920315674609
982,24.87920129450221
983,24.87919945170363
984,24.87919762814733
985,24.87919582363236
986,24.87919403795992
987,24.87919227093322
988,24.8791905223576
989,24.87918879204038
990,24.87918707979091
991,24.87918538542053
992,24.87918370874255
993,24.87918204957222
994,24.87918040772674
995,24.87917878302519
996,24.87917717528857
997,24.87917558433973
998,24.87917401000337
999,24.87917245210603
1000,24.87917091047606
1001,24.87916938494358
1002,24.87916787534052
1003,24.87916638150055
1004,24.87916490325906
1005,24.87916344045317
1006,24.87916199292172
1007,24.87916056050519
1008,24.87915914304579
1009,24.87915774038731
1010,24.87915635237522
1011,24.87915497885656
1012,24.87915361968
1013,24.87915227469581
1014,24.87915094375576
1015,24.87914962671321
1016,24.87914832342305
1017,24.87914703374169
1018,24.879145757527
1019,24.8791444946384
1020,24.8791432449367
1021,24.87914200828424
1022,24.87914078454473
1023,24.87913957358337
1024,24.87913837526671
1025,24.87913718946271
1026,24.87913601604072
1027,24.87913485487146
1028,24.87913370582697
1029,24.87913256878066
1030,24.87913144360725
1031,24.87913033018275
1032,24.87912922838448
1033,24.87912813809106
1034,24.87912705918233
1035,24.87912599153943
1036,24.87912493504472
1037,24.87912388958179
1038,24.87912285503545
1039,24.87912183129172
1040,24.87912081823779
1041,24.87911981576203
1042,24.87911882375399
1043,24.87911784210438
1044,24.87911687070503
1045,24.8791159094489
1046,24.87911495823008
1047,24.87911401694377
1048,24.87911308548625
1049,24.87911216375489
1050,24.87911125164813
1051,24.87911034906547
1052,24.87910945590747
1053,24.8791085720757
1054,24.8791076974728
1055,24.87910683200239
1056,24.8791059755691
1057,24.87910512807858
1058,24.87910428943745
1059,24.8791034595533
1060,24.8791026383347
1061,24.87910182569115
1062,24.87910102153313
1063,24.87910022577201
1064,24.87909943832014
1065,24.87909865909073
1066,24.87909788799794
1067,24.8790971249568
1068,24.87909636988325
1069,24.87909562269406
1070,24.87909488330694
1071,24.87909415164039
1072,24.87909342761382
1073,24.87909271114744
1074,24.87909200216231
1075,24.87909130058031
1076,24.87909060632413
1077,24.8790899193173
1078,24.8790892394841
1079,24.87908856674963
1080,24.87908790103977
1081,24.87908724228116
1082,24.87908659040123
1083,24.87908594532814
1084,24.87908530699083
1085,24.87908467531894
1086,24.8790840502429
1087,24.87908343169383
1088,24.87908281960356
1089,24.87908221390466
1090,24.87908161453038
1091,24.8790810214147
1092,24.87908043449226
1093,24.87907985369839
1094,24.87907927896908
1095,24.87907871024103
1096,24.87907814745157
1097,24.87907759053867
1098,24.879077039441
1099,24.87907649409781
1100,24.87907595444903
1101,24.87907542043519
1102,24.87907489199745
1103,24.8790743690776
1104,24.879073851618
1105,24.87907333956165
1106,24.87907283285213
1107,24.87907233143361
1108,24.87907183525083
1109,24.87907134424912
1110,24.8790708583744
1111,24.87907037757311
1112,24.8790699017923
1113,24.87906943097953
1114,24.87906896508291
1115,24.87906850405114
1116,24.87906804783339
1117,24.87906759637942
1118,24.87906714963947
1119,24.87906670756432
1120,24.87906627010526
1121,24.87906583721409
1122,24.87906540884312
1123,24.87906498494515
1124,24.87906456547345
1125,24.87906415038183
1126,24.87906373962455
1127,24.87906333315634
1128,24.87906293093241
1129,24.87906253290846
1130,24.87906213904062
1131,24.8790617492855
1132,24.87906136360016
1133,24.87906098194208
1134,24.87906060426924
1135,24.87906023054
1136,24.8790598607132
1137,24.87905949474808
1138,24.87905913260433
1139,24.87905877424203
1140,24.8790584196217
1141,24.87905806870427
1142,24.87905772145108
1143,24.87905737782387
1144,24.87905703778476
1145,24.87905670129629
1146,24.8790563683214
1147,24.87905603882339
1148,24.87905571276595
1149,24.87905539011317
1150,24.87905507082949
1151,24.87905475487971
1152,24.87905444222905
1153,24.87905413284306
1154,24.87905382668762
1155,24.87905352372902
1156,24.87905322393387
1157,24.87905292726916
1158,24.87905263370217
1159,24.87905234320058
1160,24.87905205573236
1161,24.87905177126584
1162,24.87905148976969
1163,24.87905121121289
1164,24.87905093556475
1165,24.87905066279488
1166,24.87905039287325
1167,24.8790501257701
1168,24.879049861456
1169,24.87904959990184
1170,24.8790493410788
1171,24.87904908495835
1172,24.87904883151228
1173,24.87904858071266
1174,24.87904833253186
1175,24.87904808694253
1176,24.87904784391762
1177,24.87904760343033
1178,24.87904736545419
1179,24.87904712996296
1180,24.8790468969307
1181,24.87904666633173
1182,24.87904643814065
1183,24.87904621233231
1184,24.87904598888183
1185,24.87904576776459
1186,24.87904554895623
1187,24.87904533243264
1188,24.87904511816997
1189,24.87904490614459
1190,24.87904469633315
1191,24.87904448871254
1192,24.87904428325988
1193,24.87904407995252
1194,24.87904387876808
1195,24.87904367968438
1196,24.87904348267949
1197,24.8790432877317
1198,24.87904309481952
1199,24.87904290392171
1200,24.87904271501723
1201,24.87904252808527
1202,24.87904234310522
1203,24.87904216005672
1204,24.87904197891958
1205,24.87904179967386
1206,24.87904162229979
1207,24.87904144677783
1208,24.87904127308866
1209,24.87904110121314
1210,24.87904093113231
1211,24.87904076282744
1212,24.87904059627999
1213,24.87904043147162
1214,24.87904026838413
1215,24.8790401069996
1216,24.87903994730022
1217,24.8790397892684
1218,24.87903963288673
1219,24.87903947813798
1220,24.87903932500509
1221,24.8790391734712
1222,24.87903902351961
1223,24.87903887513379
1224,24.8790387282974
1225,24.87903858299424
1226,24.87903843920833
1227,24.87903829692382
1228,24.87903815612502
1229,24.87903801679642
1230,24.87903787892267
1231,24.87903774248859
1232,24.87903760747913
1233,24.87903747387942
1234,24.87903734167475
1235,24.87903721085053
1236,24.87903708139237
1237,24.879036953286
1238,24.87903682651729
1239,24.87903670107228
1240,24.87903657693716
1241,24.87903645409824
1242,24.87903633254199
1243,24.87903621225501
1244,24.87903609322406
1245,24.87903597543601
1246,24.87903585887788
1247,24.87903574353685
1248,24.87903562940019
1249,24.87903551645532
1250,24.87903540468982
1251,24.87903529409135
1252,24.87903518464774
1253,24.87903507634693
1254,24.87903496917698
1255,24.87903486312609
1256,24.87903475818256
1257,24.87903465433484
1258,24.87903455157149
1259,24.87903444988117
1260,24.8790343492527
1261,24.87903424967498
1262,24.87903415113703
1263,24.879034053628
1264,24.87903395713715
1265,24.87903386165385
1266,24.87903376716756
1267,24.87903367366789
1268,24.87903358114454
1269,24.8790334895873
1270,24.8790333989861
1271,24.87903330933093
1272,24.87903322061193
1273,24.87903313281933
1274,24.87903304594344
1275,24.87903295997471
1276,24.87903287490364
1277,24.87903279072088
1278,24.87903270741715
1279,24.87903262498325
1280,24.87903254341013
1281,24.87903246268878
1282,24.87903238281031
1283,24.87903230376593
1284,24.87903222554691
1285,24.87903214814465
1286,24.87903207155061
1287,24.87903199575636
1288,24.87903192075354
1289,24.87903184653389
1290,24.87903177308923
1291,24.87903170041148
1292,24.87903162849261
1293,24.87903155732472
1294,24.87903148689994
1295,24.87903141721053
1296,24.87903134824882
1297,24.87903128000718
1298,24.87903121247813
1299,24.8790311456542
1300,24.87903107952804
1301,24.87903101409236
1302,24.87903094933995
1303,24.87903088526367
1304,24.87903082185647
1305,24.87903075911137
1306,24.87903069702144
1307,24.87903063557984
1308,24.87903057477982
1309,24.87903051461465
1310,24.87903045507773
1311,24.87903039616247
1312,24.87903033786241
1313,24.8790302801711
1314,24.8790302230822
1315,24.87903016658942
1316,24.87903011068653
1317,24.87903005536737
1318,24.87903000062584
1319,24.87902994645592
1320,24.87902989285163
1321,24.87902983980707
1322,24.8790297873164
1323,24.87902973537382
1324,24.87902968397363
1325,24.87902963311015
1326,24.87902958277778
1327,24.87902953297097
1328,24.87902948368425
1329,24.87902943491216
1330,24.87902938664935
1331,24.87902933889048
1332,24.87902929163032
1333,24.87902924486364
1334,24.87902919858529
1335,24.87902915279017
1336,24.87902910747324
1337,24.8790290626295
1338,24.87902901825401
1339,24.87902897434189
1340,24.8790289308883
1341,24.87902888788843
1342,24.87902884533758
1343,24.87902880323102
1344,24.87902876156414
1345,24.87902872033234
1346,24.87902867953108
1347,24.87902863915586
1348,24.87902859920223
1349,24.87902855966579
1350,24.87902852054219
1351,24.87902848182711
1352,24.87902844351629
1353,24.87902840560551
1354,24.87902836809058
1355,24.87902833096738
1356,24.87902829423182
1357,24.87902825787984
1358,24.87902822190745
1359,24.87902818631067
1360,24.8790281510856
1361,24.87902811622834
1362,24.87902808173505
1363,24.87902804760194
1364,24.87902801382524
1365,24.87902798040124
1366,24.87902794732624
1367,24.87902791459661
1368,24.87902788220873
1369,24.87902785015905
1370,24.87902781844403
1371,24.87902778706017
1372,24.87902775600402
1373,24.87902772527215
1374,24.87902769486117
1375,24.87902766476775
1376,24.87902763498856
1377,24.87902760552032
1378,24.87902757635978
1379,24.87902754750373
1380,24.87902751894899
1381,24.87902749069242
1382,24.8790274627309
1383,24.87902743506135
1384,24.87902740768072
1385,24.879027380586
1386,24.8790273537742
1387,24.87902732724236
1388,24.87902730098756
1389,24.87902727500692
1390,24.87902724929755
1391,24.87902722385665
1392,24.8790271986814
1393,24.87902717376901
1394,24.87902714911677
1395,24.87902712472194
1396,24.87902710058183
1397,24.8790270766938
1398,24.8790270530552
1399,24.87902702966343
1400,24.87902700651592
1401,24.8790269836101
1402,24.87902696094347
1403,24.87902693851352
1404,24.87902691631779
1405,24.87902689435381
1406,24.87902687261918
1407,24.8790268511115
1408,24.87902682982841
1409,24.87902680876754
1410,24.87902678792659
1411,24.87902676730327
1412,24.87902674689528
1413,24.8790267267004
1414,24.87902670671637
1415,24.87902668694104
1416,24.87902666737218
1417,24.87902664800767
1418,24.87902662884536
1419,24.87902660988313
1420,24.87902659111891
1421,24.87902657255062
1422,24.87902655417622
1423,24.87902653599368
1424,24.879026518001
1425,24.8790265001962
1426,24.87902648257731
1427,24.8790264651424
1428,24.87902644788954
1429,24.87902643081684
1430,24.8790264139224
1431,24.87902639720437
1432,24.87902638066091
1433,24.8790263642902
1434,24.87902634809043
1435,24.87902633205981
1436,24.87902631619658
1437,24.879026300499
1438,24.87902628496533
1439,24.87902626959385
1440,24.87902625438289
1441,24.87902623933075
1442,24.87902622443579
1443,24.87902620969636
1444,24.87902619511084
1445,24.87902618067761
1446,24.8790261663951
1447,24.87902615226172
1448,24.87902613827592
1449,24.87902612443616
1450,24.87902611074091
1451,24.87902609718866
1452,24.87902608377793
1453,24.87902607050723
1454,24.87902605737511
1455,24.8790260443801
1456,24.87902603152079
1457,24.87902601879575
1458,24.87902600620359
1459,24.8790259937429
1460,24.87902598141234
1461,24.87902596921052
1462,24.87902595713613
1463,24.8790259451878
1464,24.87902593336425
1465,24.87902592166414
1466,24.87902591008622
1467,24.87902589862918
1468,24.87902588729179
1469,24.87902587607277
1470,24.8790258649709
1471,24.87902585398496
1472,24.87902584311372
1473,24.879025832356
1474,24.87902582171062
1475,24.87902581117639
1476,24.87902580075217
1477,24.87902579043678
1478,24.87902578022912
1479,24.87902577012803
1480,24.87902576013242
1481,24.87902575024119
1482,24.87902574045324
1483,24.87902573076749
1484,24.87902572118287
1485,24.87902571169835
1486,24.87902570231286
1487,24.87902569302537
1488,24.87902568383485
1489,24.87902567474031
1490,24.87902566574073
1491,24.87902565683512
1492,24.8790256480225
1493,24.8790256393019
1494,24.87902563067237
1495,24.87902562213294
1496,24.87902561368267
1497,24.87902560532065
1498,24.87902559704594
1499,24.87902558885763
1500,24.87902558075482
