#Pareto aproximation (maximum likehood) vs Original set
#ParetoMl(x), ParetoMl(CDF) 
1e-08,0
1.020960662306048e-08,0
1.042360673976401e-08,0
1.064209244064725e-08,0
1.086515774652537e-08,0
1.109289864895223e-08,0
1.132541315152813e-08,0
1.156280131207375e-08,0
1.180516528568806e-08,0
1.205260936870841e-08,0
1.230524004359262e-08,0
1.256316602474122e-08,0
1.28264983052806e-08,0
1.309535020482668e-08,0
1.336983741824945e-08,0
1.365007806546014e-08,0
1.393619274224144e-08,0
1.422830457214352e-08,0
1.452653925946781e-08,0
1.483102514336103e-08,0
1.514189325304352e-08,0
1.545927736419478e-08,0
1.578331405652117e-08,0
1.61141427725302e-08,0
1.645190587753661e-08,0
1.679674872092653e-08,0
1.714881969870541e-08,0
1.750827031735723e-08,0
1.787525525904235e-08,0
1.824993244816151e-08,0
1.86324631193156e-08,0
1.902301188668946e-08,0
1.942174681489025e-08,0
1.982883949127072e-08,0
2.024446509976802e-08,0
2.066880249629082e-08,0
2.110203428568597e-08,0
2.154434690031882e-08,0
2.199593068030075e-08,0
2.245697995539776e-08,0
2.292769312865649e-08,0
2.340827276178294e-08,0
2.389892566231048e-08,0
2.43998629725955e-08,0
2.491130026067791e-08,0
2.543345761304648e-08,0
2.596655972934873e-08,0
2.651083601908536e-08,0
2.706652070033241e-08,0
2.763385290053173e-08,0
2.821307675939471e-08,0
2.880444153396298e-08,0
2.940820170587061e-08,0
3.002461709085549e-08,0
3.06539529505653e-08,0
3.12964801067075e-08,0
3.195247505759214e-08,0
3.262222009711667e-08,0
3.330600343624589e-08,0
3.40041193270371e-08,0
3.471686818926559e-08,0
3.544455673970436e-08,0
3.618749812411276e-08,0
3.694601205199302e-08,0
3.772042493417001e-08,0
3.851107002325569e-08,0
3.93182875570577e-08,0
4.014242490499318e-08,0
4.098383671757262e-08,0
4.184288507901584e-08,0
4.271993966306777e-08,0
4.361537789208006e-08,0
4.45295850994266e-08,0
4.546295469532399e-08,0
4.641588833612782e-08,0
4.738879609717651e-08,0
4.838209664925958e-08,0
4.939621743878326e-08,0
5.043159487171359e-08,0.000820674680065081
5.148867450137498e-08,0.002798630791852386
5.256791122018419e-08,0.004772671379888016
5.366976945540476e-08,0.006742804195267849
5.479472336900293e-08,0.008709036973742923
5.594325706169378e-08,0.01067137743575086
5.711586478126435e-08,0.01262983328644651
5.831305113526219e-08,0.01458441221573126
5.95353313081437e-08,0.01653512189828421
6.078323128297236e-08,0.01848196999359131
6.2057288067765e-08,0.02042496414597605
6.335804992658255e-08,0.02236411198462984
6.46860766154632e-08,0.0242994211236407
6.604193962330306e-08,0.02623089916202481
6.742622241778349e-08,0.02815855368375475
6.883952069645497e-08,0.03008239225779019
7.028244264308353e-08,0.03200242243810791
7.175560918936921e-08,0.03391865176373021
7.32596542821523e-08,0.03583108775875621
7.479522515621828e-08,0.03773973793238961
7.636298261282242e-08,0.03964460977896933
7.796360130405237e-08,0.04154571077799896
7.959777002314978e-08,0.04344304839417523
8.126619200091946e-08,0.04533663007741862
8.296958520834915e-08,0.04722646326290136
8.470868266557402e-08,0.04911255537107684
8.648423275731727e-08,0.05099491380771015
8.829699955494083e-08,0.05287354596390492
9.014776314524918e-08,0.05474845921613447
9.20373199661823e-08,0.05661966092626902
9.396648314954691e-08,0.05848715844160557
9.593608287093146e-08,0.06035095909489707
9.794696670695386e-08,0.06221107020437977
1e-07,0.06406749907380394
1.020960662306048e-07,0.06592025299246063
1.042360673976401e-07,0.06776933923521145
1.064209244064725e-07,0.06961476506251707
1.086515774652537e-07,0.0714565377204649
1.109289864895223e-07,0.07329466444079891
1.132541315152813e-07,0.07512915244094664
1.156280131207375e-07,0.07696000892404831
1.180516528568806e-07,0.07878724107898516
1.205260936870841e-07,0.08061085608040708
1.230524004359261e-07,0.08243086108876163
1.256316602474121e-07,0.08424726325032128
1.28264983052806e-07,0.08606006969721192
1.309535020482668e-07,0.08786928754744106
1.336983741824945e-07,0.08967492390492526
1.365007806546014e-07,0.0914769858595188
1.393619274224144e-07,0.09327548048704037
1.422830457214352e-07,0.09507041484930168
1.452653925946781e-07,0.09686179599413558
1.483102514336103e-07,0.09864963095542212
1.514189325304352e-07,0.1004339267531185
1.545927736419479e-07,0.1022146903932843
1.578331405652117e-07,0.1039919288681103
1.61141427725302e-07,0.105765649155946
1.645190587753661e-07,0.1075358582213264
1.679674872092653e-07,0.1093025630149997
1.714881969870541e-07,0.1110657704739547
1.750827031735723e-07,0.1128254875214475
1.787525525904236e-07,0.1145817210670295
1.824993244816151e-07,0.1163344780065735
1.86324631193156e-07,0.1180837652223021
1.902301188668946e-07,0.1198295895828136
1.942174681489024e-07,0.121571957943109
1.982883949127071e-07,0.1233108771446201
2.024446509976802e-07,0.1250463540152347
2.066880249629082e-07,0.1267783953693249
2.110203428568597e-07,0.1285070080077729
2.154434690031882e-07,0.1302321987179976
2.199593068030075e-07,0.1319539742739827
2.245697995539772e-07,0.1336723414363011
2.292769312865649e-07,0.1353873069521435
2.340827276178294e-07,0.1370988775553436
2.389892566231048e-07,0.1388070599664046
2.43998629725955e-07,0.1405118608925267
2.491130026067786e-07,0.1422132870276319
2.543345761304648e-07,0.1439113450523917
2.596655972934872e-07,0.1456060416342522
2.651083601908536e-07,0.1472973834274607
2.706652070033241e-07,0.1489853770730923
2.763385290053167e-07,0.1506700291990754
2.82130767593947e-07,0.1523513464202176
2.880444153396298e-07,0.1540293353382325
2.940820170587061e-07,0.1557040025417642
3.002461709085549e-07,0.1573753546064152
3.065395295056524e-07,0.15904339809477
3.12964801067075e-07,0.1607081395564227
3.195247505759214e-07,0.1623695855280015
3.262222009711673e-07,0.1640277425331951
3.330600343624589e-07,0.1656826170827774
3.400411932703703e-07,0.1673342156746347
3.471686818926559e-07,0.1689825447937897
3.544455673970435e-07,0.1706276109124273
3.618749812411284e-07,0.1722694204899204
3.694601205199302e-07,0.1739079799728548
3.772042493416994e-07,0.1755432957950552
3.851107002325569e-07,0.17717537437761
3.93182875570577e-07,0.178804222128896
4.014242490499326e-07,0.1804298454446045
4.098383671757261e-07,0.182052250707766
4.184288507901585e-07,0.1836714442887752
4.271993966306776e-07,0.185287432545416
4.361537789208006e-07,0.186900221822887
4.45295850994266e-07,0.1885098184538254
4.5462954695324e-07,0.1901162287583326
4.641588833612782e-07,0.1917194590439991
4.738879609717651e-07,0.1933195156059286
4.838209664925957e-07,0.1949164047267636
4.939621743878326e-07,0.1965101326767095
5.043159487171359e-07,0.1981007057135586
5.148867450137498e-07,0.1996881300827167
5.25679112201842e-07,0.2012724120172251
5.366976945540476e-07,0.202853557737787
5.479472336900293e-07,0.2044315734527911
5.594325706169378e-07,0.2060064653583357
5.711586478126435e-07,0.2075782396382541
5.831305113526218e-07,0.2091469024641374
5.95353313081437e-07,0.2107124599953604
6.078323128297237e-07,0.2122749183791043
6.205728806776501e-07,0.2138342837503815
6.335804992658255e-07,0.21539056223206
6.468607661546321e-07,0.2169437599348868
6.604193962330305e-07,0.2184938829575124
6.742622241778349e-07,0.2200409373865142
6.883952069645496e-07,0.2215849292964209
7.028244264308353e-07,0.2231258647497366
7.175560918936921e-07,0.2246637497969632
7.32596542821523e-07,0.2261985904766263
7.479522515621828e-07,0.2277303928152968
7.636298261282241e-07,0.2292591628276159
7.796360130405236e-07,0.2307849065163187
7.959777002314978e-07,0.2323076298722565
8.126619200091945e-07,0.2338273388744223
8.296958520834915e-07,0.2353440394899724
8.470868266557403e-07,0.2368577376742507
8.648423275731727e-07,0.2383684393708125
8.829699955494083e-07,0.239876150511447
9.014776314524917e-07,0.2413808770162009
9.20373199661823e-07,0.2428826247934021
9.396648314954691e-07,0.2443813997396816
9.593608287093148e-07,0.2458772077399988
9.794696670695385e-07,0.247370054667662
1e-06,0.2488599463843542
1.020960662306047e-06,0.2503468887401535
1.042360673976401e-06,0.251830887573558
1.064209244064725e-06,0.2533119487115079
1.086515774652537e-06,0.2547900779694081
1.109289864895223e-06,0.2562652811511522
1.132541315152813e-06,0.2577375640491439
1.156280131207375e-06,0.2592069324443206
1.180516528568805e-06,0.2606733921061757
1.205260936870841e-06,0.2621369487927817
1.230524004359262e-06,0.2635976082508124
1.256316602474121e-06,0.2650553762155655
1.28264983052806e-06,0.2665102584109852
1.309535020482668e-06,0.2679622605496851
1.336983741824945e-06,0.2694113883329695
1.365007806546014e-06,0.2708576474508574
1.393619274224143e-06,0.2723010435821031
1.422830457214352e-06,0.2737415823942196
1.452653925946781e-06,0.2751792695435012
1.483102514336103e-06,0.2766141106750443
1.514189325304352e-06,0.2780461114227707
1.545927736419479e-06,0.2794752774094494
1.57833140565212e-06,0.2809016142467189
1.61141427725302e-06,0.2823251275351083
1.645190587753661e-06,0.2837458228640607
1.679674872092653e-06,0.2851637058119546
1.714881969870541e-06,0.2865787819461248
1.750827031735727e-06,0.2879910568228858
1.787525525904235e-06,0.2894005359875526
1.82499324481615e-06,0.2908072249744629
1.86324631193156e-06,0.292211129306999
1.902301188668946e-06,0.2936122544976087
1.942174681489028e-06,0.2950106060478279
1.982883949127071e-06,0.2964061894483013
2.024446509976802e-06,0.2977990101788049
2.066880249629082e-06,0.2991890737082672
2.110203428568597e-06,0.3005763854947898
2.154434690031886e-06,0.3019609509856699
2.199593068030075e-06,0.3033427756174214
2.245697995539772e-06,0.3047218648157962
2.292769312865649e-06,0.3060982239958056
2.340827276178294e-06,0.307471858561741
2.389892566231052e-06,0.3088427739071959
2.43998629725955e-06,0.3102109754150868
2.491130026067786e-06,0.3115764684576741
2.543345761304648e-06,0.3129392583965834
2.596655972934872e-06,0.3142993505828268
2.651083601908542e-06,0.3156567503568233
2.706652070033241e-06,0.31701146304842
2.763385290053167e-06,0.3183634939769134
2.821307675939471e-06,0.3197128484510705
2.880444153396298e-06,0.3210595317691483
2.940820170587067e-06,0.3224035492189158
3.002461709085549e-06,0.3237449060776744
3.065395295056524e-06,0.3250836076122787
3.129648010670751e-06,0.3264196590791576
3.195247505759214e-06,0.3277530657243336
3.262222009711673e-06,0.3290838327834449
3.330600343624589e-06,0.3304119654817649
3.400411932703702e-06,0.3317374690342236
3.47168681892656e-06,0.3330603486454274
3.544455673970436e-06,0.3343806095096798
3.618749812411284e-06,0.3356982568110017
3.694601205199302e-06,0.3370132957231518
3.772042493416993e-06,0.3383257314096468
3.851107002325569e-06,0.3396355690237823
3.93182875570577e-06,0.3409428137086522
4.014242490499326e-06,0.3422474705971691
4.098383671757261e-06,0.3435495448120846
4.184288507901576e-06,0.3448490414660096
4.271993966306777e-06,0.3461459656614343
4.361537789208005e-06,0.3474403224907479
4.45295850994266e-06,0.3487321170362585
4.5462954695324e-06,0.3500213543702139
4.641588833612773e-06,0.3513080395548206
4.738879609717651e-06,0.3525921776422644
4.838209664925957e-06,0.3538737736747297
4.939621743878326e-06,0.3551528326844193
5.043159487171359e-06,0.3564293596935746
5.148867450137487e-06,0.357703359714495
5.25679112201842e-06,0.3589748377495577
5.366976945540476e-06,0.3602437987912374
5.479472336900293e-06,0.3615102478221253
5.594325706169378e-06,0.3627741898149495
5.711586478126423e-06,0.3640356297325943
5.831305113526219e-06,0.3652945725281196
5.95353313081437e-06,0.3665510231447799
6.078323128297237e-06,0.3678049865160447
6.205728806776501e-06,0.3690564675656165
6.335804992658241e-06,0.3703054712074517
6.468607661546321e-06,0.3715520023457791
6.604193962330305e-06,0.3727960658751186
6.742622241778349e-06,0.3740376666803015
6.883952069645496e-06,0.3752768096364888
7.028244264308338e-06,0.3765134996091911
7.175560918936921e-06,0.3777477414542874
7.32596542821523e-06,0.3789795400180435
7.479522515621829e-06,0.3802089001371322
7.636298261282242e-06,0.3814358266386512
7.796360130405221e-06,0.3826603243401432
7.959777002314978e-06,0.3838823980496139
8.126619200091945e-06,0.3851020525655511
8.296958520834915e-06,0.3863192926769434
8.470868266557402e-06,0.3875341231632996
8.648423275731709e-06,0.3887465487946669
8.829699955494083e-06,0.38995657433165
9.014776314524917e-06,0.3911642045254292
9.20373199661823e-06,0.3923694441177799
9.396648314954691e-06,0.3935722978410902
9.593608287093147e-06,0.3947727704183808
9.794696670695386e-06,0.3959708665633221
1e-05,0.3971665909802541
1.020960662306048e-05,0.3983599483642035
1.042360673976401e-05,0.3995509434009031
1.064209244064725e-05,0.4007395807668102
1.086515774652537e-05,0.4019258651291241
1.109289864895223e-05,0.4031098011458055
1.132541315152813e-05,0.4042913934655941
1.156280131207375e-05,0.4054706467280268
1.180516528568806e-05,0.4066475655634567
1.205260936870841e-05,0.4078221545930704
1.230524004359262e-05,0.4089944184289064
1.256316602474121e-05,0.4101643616738736
1.28264983052806e-05,0.4113319889217687
1.309535020482668e-05,0.412497304757295
1.336983741824945e-05,0.4136603137560796
1.365007806546014e-05,0.4148210204846924
1.393619274224143e-05,0.4159794295006627
1.422830457214352e-05,0.4171355453524981
1.452653925946781e-05,0.4182893725797021
1.483102514336103e-05,0.419440915712792
1.514189325304352e-05,0.4205901792733162
1.545927736419479e-05,0.4217371677738729
1.578331405652116e-05,0.4228818857181265
1.61141427725302e-05,0.4240243376008268
1.645190587753661e-05,0.4251645279078252
1.679674872092653e-05,0.4263024611160937
1.714881969870541e-05,0.4274381416937412
1.750827031735727e-05,0.4285715741000317
1.787525525904236e-05,0.4297027627854019
1.82499324481615e-05,0.4308317121914784
1.86324631193156e-05,0.4319584267510955
1.902301188668946e-05,0.433082910888312
1.942174681489028e-05,0.434205169018429
1.982883949127071e-05,0.435325205548007
2.024446509976802e-05,0.4364430248748838
2.066880249629082e-05,0.4375586313881914
2.110203428568597e-05,0.4386720294683722
2.154434690031887e-05,0.4397832234871983
2.199593068030075e-05,0.4408922178077868
2.245697995539772e-05,0.4419990167846177
2.292769312865649e-05,0.4431036247635516
2.340827276178294e-05,0.4442060460818454
2.389892566231053e-05,0.4453062850681703
2.43998629725955e-05,0.4464043460426285
2.491130026067786e-05,0.4475002333167704
2.543345761304648e-05,0.4485939511936111
2.596655972934872e-05,0.4496855039676477
2.651083601908542e-05,0.4507748959248761
2.706652070033241e-05,0.4518621313428071
2.763385290053167e-05,0.4529472144904846
2.821307675939471e-05,0.4540301496285013
2.880444153396298e-05,0.4551109410090156
2.940820170587067e-05,0.4561895928757684
3.002461709085549e-05,0.4572661094641
3.065395295056524e-05,0.4583404950009662
3.12964801067075e-05,0.4594127537049555
3.195247505759214e-05,0.4604828897863051
3.262222009711673e-05,0.4615509074469181
3.330600343624589e-05,0.4626168108803789
3.400411932703703e-05,0.463680604271971
3.471686818926559e-05,0.4647422917986925
3.544455673970435e-05,0.4658018776292731
3.618749812411284e-05,0.4668593659241896
3.694601205199302e-05,0.4679147608356833
3.772042493416993e-05,0.4689680665077754
3.851107002325569e-05,0.4700192870762844
3.93182875570577e-05,0.4710684266688406
4.014242490499326e-05,0.4721154894049042
4.098383671757261e-05,0.4731604793957799
4.184288507901576e-05,0.4742034007446343
4.271993966306776e-05,0.4752442575465112
4.361537789208006e-05,0.4762830538883481
4.45295850994266e-05,0.4773197938489917
4.5462954695324e-05,0.4783544814992146
4.641588833612772e-05,0.4793871209017307
4.738879609717651e-05,0.4804177161112121
4.838209664925957e-05,0.4814462711743037
4.939621743878326e-05,0.4824727901296398
5.043159487171359e-05,0.4834972770078599
5.148867450137487e-05,0.484519735831625
5.256791122018419e-05,0.4855401706156325
5.366976945540476e-05,0.4865585853666322
5.479472336900293e-05,0.4875749840834427
5.594325706169377e-05,0.4885893707569662
5.711586478126424e-05,0.4896017493702048
5.831305113526218e-05,0.4906121238982761
5.95353313081437e-05,0.4916204983084284
6.078323128297237e-05,0.4926268765600562
6.2057288067765e-05,0.4936312626047166
6.335804992658241e-05,0.4946336603861441
6.468607661546321e-05,0.4956340738402663
6.604193962330305e-05,0.4966325068952191
6.742622241778349e-05,0.4976289634713625
6.883952069645496e-05,0.4986234474812958
7.028244264308338e-05,0.4996159628298731
7.175560918936922e-05,0.5006065134142184
7.32596542821523e-05,0.5015951031237411
7.479522515621829e-05,0.502581735840151
7.636298261282242e-05,0.503566415437474
7.79636013040522e-05,0.504549145782067
7.959777002314978e-05,0.5055299307326331
8.126619200091945e-05,0.5065087741402368
8.296958520834916e-05,0.5074856798483188
8.470868266557403e-05,0.5084606516927119
8.648423275731709e-05,0.5094336935016555
8.829699955494083e-05,0.5104048090958102
9.014776314524917e-05,0.511374002288274
9.203731996618231e-05,0.5123412768845959
9.39664831495469e-05,0.5133066366827919
9.593608287093147e-05,0.5142700854733593
9.794696670695385e-05,0.5152316270392922
0.0001,0.5161912651560954
0.0001020960662306048,0.5171490035918003
0.0001042360673976401,0.5181048461069786
0.0001064209244064725,0.5190587964547585
0.0001086515774652537,0.5200108583808376
0.0001109289864895223,0.5209610356234994
0.0001132541315152813,0.5219093319136267
0.0001156280131207375,0.5228557509747166
0.0001180516528568806,0.5238002965228958
0.0001205260936870841,0.5247429722669342
0.0001230524004359262,0.52568378190826
0.0001256316602474122,0.5266227291409742
0.000128264983052806,0.5275598176518648
0.0001309535020482668,0.5284950511204218
0.0001336983741824945,0.529428433218851
0.0001365007806546014,0.5303599676120891
0.0001393619274224143,0.5312896579578179
0.0001422830457214352,0.5322175079064777
0.0001452653925946781,0.5331435211012836
0.0001483102514336103,0.5340677011782378
0.0001514189325304352,0.5349900517661449
0.0001545927736419478,0.5359105764866264
0.0001578331405652116,0.536829278954134
0.000161141427725302,0.5377461627759648
0.0001645190587753661,0.5386612315522743
0.0001679674872092653,0.5395744888760918
0.0001714881969870541,0.5404859383333339
0.0001750827031735723,0.541395583502818
0.0001787525525904235,0.5423034279562777
0.0001824993244816151,0.5432094752583754
0.000186324631193156,0.5441137289667173
0.0001902301188668946,0.5450161926318671
0.0001942174681489025,0.5459168697973598
0.0001982883949127071,0.5468157639997154
0.0002024446509976802,0.5477128787684535
0.0002066880249629082,0.5486082176261067
0.0002110203428568597,0.5495017840882341
0.0002154434690031882,0.5503935816634357
0.0002199593068030075,0.551283613853366
0.0002245697995539772,0.5521718841527474
0.0002292769312865649,0.5530583960493849
0.0002340827276178294,0.5539431530241782
0.0002389892566231048,0.5548261585511368
0.000243998629725955,0.5557074160973932
0.0002491130026067791,0.5565869291232162
0.0002543345761304648,0.5574647010820247
0.0002596655972934873,0.5583407354204015
0.0002651083601908536,0.5592150355781063
0.0002706652070033241,0.5600876049880898
0.0002763385290053172,0.560958447076507
0.0002821307675939471,0.5618275652627298
0.0002880444153396298,0.5626949629593623
0.000294082017058706,0.5635606435722521
0.0003002461709085549,0.5644246105005053
0.000306539529505653,0.5652868671364988
0.000312964801067075,0.5661474168658942
0.0003195247505759214,0.5670062630676508
0.0003262222009711667,0.5678634091140391
0.0003330600343624589,0.5687188583706538
0.000340041193270371,0.5695726141964274
0.000347168681892656,0.5704246799436425
0.0003544455673970436,0.5712750589579465
0.0003618749812411277,0.5721237545783628
0.0003694601205199302,0.5729707701373061
0.0003772042493417001,0.5738161089605931
0.0003851107002325569,0.5746597743674575
0.000393182875570577,0.5755017696705624
0.0004014242490499318,0.5763420981760127
0.0004098383671757261,0.577180763183369
0.0004184288507901585,0.57801776798566
0.0004271993966306776,0.5788531158693955
0.0004361537789208006,0.5796868101145798
0.0004452958509942651,0.5805188539947235
0.0004546295469532399,0.5813492507768576
0.0004641588833612782,0.5821780037215456
0.0004738879609717651,0.5830051160828962
0.0004838209664925957,0.5838305911085766
0.0004939621743878316,0.5846544320398248
0.0005043159487171359,0.585476642111463
0.0005148867450137498,0.5862972245519089
0.0005256791122018419,0.5871161825831901
0.0005366976945540476,0.5879335194209555
0.0005479472336900282,0.5887492382744886
0.0005594325706169377,0.5895633423467197
0.0005711586478126435,0.5903758348342388
0.0005831305113526219,0.5911867189273078
0.000595353313081437,0.5919959978098733
0.0006078323128297224,0.5928036746595791
0.0006205728806776501,0.5936097526477786
0.0006335804992658254,0.594414234939547
0.0006468607661546321,0.5952171246936944
0.0006604193962330305,0.5960184250627772
0.0006742622241778335,0.5968181391931118
0.0006883952069645496,0.5976162702247856
0.0007028244264308353,0.5984128212916702
0.0007175560918936921,0.5992077955214332
0.000732596542821523,0.6000011960355515
0.0007479522515621828,0.6007930259493217
0.0007636298261282241,0.601583288371874
0.0007796360130405237,0.6023719864061841
0.0007959777002314978,0.6031591231490843
0.0008126619200091946,0.6039447016912773
0.0008296958520834915,0.6047287251173472
0.0008470868266557402,0.6055111965057716
0.0008648423275731727,0.6062921189289343
0.0008829699955494083,0.6070714954531373
0.0009014776314524918,0.6078493291386122
0.000920373199661823,0.6086256230395326
0.000939664831495469,0.6094003802040266
0.0009593608287093146,0.6101736036741878
0.0009794696670695387,0.6109452964860879
0.001,0.6117154616697885
0.001020960662306047,0.612484102249353
0.001042360673976401,0.613251221242858
0.001064209244064725,0.6140168216624065
0.001086515774652537,0.6147809065141374
0.001109289864895223,0.6155434787982402
0.001132541315152813,0.6163045415089643
0.001156280131207375,0.6170640976346321
0.001180516528568806,0.6178221501576502
0.001205260936870841,0.6185787020545215
0.001230524004359262,0.6193337562958565
0.001256316602474122,0.6200873158463852
0.00128264983052806,0.6208393836649687
0.001309535020482668,0.6215899627046109
0.001336983741824945,0.6223390559124695
0.001365007806546014,0.6230866662298689
0.001393619274224143,0.6238327965923101
0.001422830457214352,0.6245774499294834
0.001452653925946781,0.6253206291652798
0.001483102514336103,0.6260623372178014
0.001514189325304352,0.6268025769993748
0.001545927736419478,0.6275413514165606
0.001578331405652117,0.6282786633701658
0.00161141427725302,0.6290145157552552
0.001645190587753661,0.6297489114611624
0.001679674872092653,0.6304818533715015
0.001714881969870541,0.631213344364178
0.001750827031735723,0.6319433873114005
0.001787525525904235,0.632671985079692
0.00182499324481615,0.6333991405299007
0.00186324631193156,0.6341248565172117
0.001902301188668946,0.6348491358911581
0.001942174681489024,0.6355719814956317
0.001982883949127072,0.636293396168895
0.002024446509976802,0.637013382743592
0.002066880249629082,0.6377319440467588
0.002110203428568597,0.6384490828998357
0.002154434690031882,0.6391648021186771
0.002199593068030075,0.6398791045135638
0.002245697995539772,0.640591992889213
0.002292769312865649,0.6413034700447902
0.002340827276178294,0.642013538773919
0.002389892566231048,0.6427222018646934
0.00243998629725955,0.6434294620996881
0.002491130026067791,0.6441353222559693
0.002543345761304648,0.6448397851051055
0.002596655972934872,0.6455428534131793
0.002651083601908536,0.6462445299407972
0.002706652070033241,0.6469448174431008
0.002763385290053173,0.6476437186697781
0.002821307675939471,0.6483412363650731
0.002880444153396298,0.6490373732677983
0.002940820170587061,0.6497321321113437
0.003002461709085549,0.6504255156236889
0.00306539529505653,0.6511175265274129
0.00312964801067075,0.6518081675397053
0.003195247505759214,0.6524974413723766
0.003262222009711667,0.6531853507318692
0.003330600343624588,0.6538718983192682
0.00340041193270371,0.654557086830311
0.003471686818926559,0.6552409189553989
0.003544455673970436,0.6559233973796077
0.003618749812411277,0.6566045247826973
0.003694601205199302,0.6572843038391231
0.003772042493417001,0.6579627372180461
0.003851107002325569,0.6586398275833435
0.003931828755705771,0.6593155775936193
0.004014242490499318,0.6599899899022141
0.004098383671757262,0.6606630671572169
0.004184288507901585,0.6613348120014735
0.004271993966306777,0.6620052270725987
0.004361537789208006,0.6626743150029859
0.004452958509942651,0.663342078419817
0.0045462954695324,0.6640085199450736
0.004641588833612782,0.6646736421955468
0.004738879609717651,0.6653374477828473
0.004838209664925958,0.6659999393134164
0.004939621743878316,0.6666611193885353
0.005043159487171359,0.667320990604336
0.005148867450137497,0.6679795555518111
0.005256791122018419,0.668636816816824
0.005366976945540477,0.6692927769801196
0.005479472336900281,0.6699474386173336
0.005594325706169377,0.6706008042990033
0.005711586478126435,0.6712528765905771
0.005831305113526219,0.6719036580524251
0.00595353313081437,0.6725531512398493
0.006078323128297224,0.6732013587030923
0.0062057288067765,0.6738482829873493
0.006335804992658254,0.6744939266327765
0.006468607661546321,0.6751382921745017
0.006604193962330305,0.6757813821426347
0.006742622241778335,0.676423199062276
0.006883952069645496,0.6770637454535281
0.007028244264308352,0.6777030238315043
0.007175560918936921,0.6783410367063392
0.00732596542821523,0.6789777865831985
0.007479522515621813,0.6796132759622886
0.007636298261282242,0.6802475073388665
0.007796360130405237,0.6808804832032498
0.007959777002314978,0.6815122060408261
0.008126619200091946,0.6821426783320632
0.008296958520834915,0.6827719025525184
0.008470868266557402,0.6833998811728486
0.008648423275731726,0.6840266166588197
0.008829699955494083,0.6846521114713165
0.009014776314524917,0.6852763680663525
0.00920373199661823,0.6858993888950788
0.009396648314954691,0.6865211764037946
0.009593608287093146,0.6871417330339565
0.009794696670695385,0.6877610612221878
0.01,0.6883791634002887
0.01020960662306048,0.6889960419952448
0.01042360673976401,0.6896116994292381
0.01064209244064725,0.6902261381196548
0.01086515774652537,0.6908393604790966
0.01109289864895223,0.6914513689153887
0.01132541315152813,0.69206216583159
0.01156280131207375,0.6926717536260019
0.01180516528568806,0.6932801346921791
0.01205260936870841,0.6938873114189372
0.01230524004359262,0.6944932861903634
0.01256316602474121,0.6950980613858252
0.0128264983052806,0.6957016393799801
0.01309535020482668,0.6963040225427848
0.01336983741824945,0.6969052132395041
0.01365007806546014,0.6975052138307211
0.01393619274224144,0.6981040266723455
0.01422830457214352,0.6987016541156237
0.01452653925946781,0.6992980985071473
0.01483102514336103,0.6998933621888626
0.01514189325304352,0.7004874474980802
0.01545927736419479,0.7010803567674833
0.01578331405652117,0.7016720923251377
0.0161141427725302,0.7022626564945007
0.01645190587753661,0.7028520515944296
0.01679674872092653,0.7034402799391921
0.01714881969870541,0.7040273438384741
0.01750827031735723,0.7046132455973892
0.01787525525904235,0.7051979875164882
0.0182499324481615,0.7057815718917675
0.0186324631193156,0.7063640010146788
0.01902301188668946,0.7069452771721372
0.01942174681489025,0.7075254026465306
0.01982883949127071,0.7081043797157295
0.02024446509976802,0.7086822106530943
0.02066880249629082,0.7092588977274856
0.02110203428568597,0.7098344432032725
0.02154434690031882,0.7104088493403414
0.02199593068030075,0.7109821183941055
0.02245697995539772,0.7115542526155128
0.02292769312865649,0.7121252542510554
0.02340827276178294,0.7126951255427788
0.02389892566231048,0.7132638687282895
0.0243998629725955,0.713831486040765
0.02491130026067786,0.7143979797089615
0.02543345761304648,0.7149633519572239
0.02596655972934872,0.7155276050054933
0.02651083601908536,0.7160907410693165
0.02706652070033241,0.7166527623598542
0.02763385290053173,0.7172136710838902
0.02821307675939471,0.7177734694438396
0.02880444153396298,0.7183321596377579
0.02940820170587061,0.7188897438593489
0.03002461709085549,0.7194462242979742
0.0306539529505653,0.7200016031386615
0.03129648010670751,0.7205558825621124
0.03195247505759213,0.7211090647447125
0.03262222009711666,0.7216611518585381
0.03330600343624589,0.7222121460713666
0.0340041193270371,0.7227620495466838
0.03471686818926559,0.7233108644436923
0.03544455673970436,0.7238585929173208
0.03618749812411277,0.7244052371182321
0.03694601205199302,0.7249507991928317
0.03772042493417001,0.7254952812832759
0.03851107002325569,0.7260386855274803
0.0393182875570577,0.7265810140591287
0.04014242490499318,0.7271222690076807
0.04098383671757262,0.727662452498381
0.04184288507901585,0.7282015666522668
0.04271993966306777,0.7287396135861764
0.04361537789208006,0.7292765954127581
0.04452958509942651,0.7298125142404778
0.04546295469532399,0.7303473721736274
0.04641588833612782,0.7308811713123334
0.04738879609717651,0.7314139137525649
0.04838209664925957,0.7319456015861417
0.04939621743878315,0.7324762369007429
0.05043159487171359,0.7330058217799147
0.05148867450137497,0.7335343583030787
0.05256791122018419,0.7340618485455404
0.05366976945540476,0.7345882945784968
0.05479472336900281,0.735113698469045
0.05594325706169378,0.7356380622801897
0.05711586478126435,0.7361613880708524
0.05831305113526219,0.7366836778958781
0.0595353313081437,0.7372049338060446
0.06078323128297224,0.7377251578480697
0.062057288067765,0.7382443520646196
0.06335804992658255,0.7387625184943172
0.0646860766154632,0.7392796591717492
0.06604193962330306,0.7397957761274752
0.06742622241778336,0.7403108713880349
0.06883952069645496,0.7408249469759562
0.07028244264308353,0.7413380049097635
0.07175560918936921,0.7418500472039853
0.0732596542821523,0.7423610758691621
0.07479522515621813,0.7428710929118543
0.07636298261282241,0.7433801003346503
0.07796360130405237,0.7438881001361742
0.07959777002314977,0.7443950943110935
0.08126619200091946,0.7449010848501275
0.08296958520834916,0.7454060737400541
0.08470868266557402,0.7459100629637188
0.08648423275731726,0.7464130545000415
0.08829699955494083,0.7469150503240247
0.09014776314524918,0.7474160524067617
0.09203731996618231,0.7479160627154432
0.09396648314954691,0.748415083213366
0.09593608287093147,0.7489131158599405
0.09794696670695385,0.749410162610698
0.1,0.749906225417299
0.1020960662306048,0.7504013062275404
0.1042360673976401,0.7508954069853631
0.1064209244064725,0.75138852963086
0.1086515774652537,0.7518806761002833
0.1109289864895223,0.7523718483260525
0.1132541315152813,0.7528620482367615
0.1156280131207375,0.7533512777571862
0.1180516528568806,0.7538395388082929
0.1205260936870841,0.7543268333072444
0.1230524004359262,0.7548131631674089
0.1256316602474122,0.7552985302983666
0.128264983052806,0.7557829366059177
0.1309535020482668,0.7562663839920897
0.1336983741824945,0.7567488743551448
0.1365007806546014,0.7572304095895876
0.1393619274224144,0.7577109915861723
0.1422830457214352,0.75819062223191
0.1452653925946781,0.7586693034100767
0.1483102514336103,0.7591470370002197
0.1514189325304352,0.7596238248781664
0.1545927736419478,0.7600996689160302
0.1578331405652116,0.7605745709822187
0.161141427725302,0.7610485329414409
0.1645190587753661,0.7615215566547144
0.1679674872092653,0.7619936439793729
0.1714881969870541,0.7624647967690731
0.1750827031735723,0.7629350168738023
0.1787525525904236,0.7634043061398859
0.182499324481615,0.7638726664099937
0.186324631193156,0.7643400995231486
0.1902301188668946,0.7648066073147326
0.1942174681489025,0.7652721916164943
0.1982883949127071,0.7657368542565564
0.2024446509976802,0.7662005970594225
0.2066880249629082,0.7666634218459846
0.2110203428568597,0.7671253304335302
0.2154434690031882,0.7675863246357491
0.2199593068030075,0.7680464062627407
0.2245697995539772,0.7685055771210214
0.2292769312865649,0.7689638390135316
0.2340827276178294,0.7694211937396422
0.2389892566231048,0.7698776430951623
0.243998629725955,0.770333188872346
0.2491130026067786,0.7707878328598996
0.2543345761304648,0.7712415768429886
0.2596655972934873,0.7716944226032442
0.2651083601908536,0.7721463719187711
0.2706652070033241,0.7725974265641541
0.2763385290053172,0.7730475883104648
0.2821307675939471,0.773496858925269
0.2880444153396298,0.7739452401726334
0.2940820170587061,0.7743927338131328
0.3002461709085549,0.7748393416038565
0.306539529505653,0.7752850652984156
0.312964801067075,0.7757299066469499
0.3195247505759213,0.7761738673961344
0.3262222009711667,0.7766169492891867
0.3330600343624588,0.7770591540658734
0.340041193270371,0.7775004834625173
0.3471686818926559,0.7779409392120036
0.3544455673970436,0.7783805230437875
0.3618749812411277,0.7788192366839002
0.3694601205199303,0.7792570818549568
0.3772042493417002,0.7796940602761615
0.3851107002325569,0.7801301736633157
0.393182875570577,0.7805654237288242
0.4014242490499318,0.7809998121817019
0.4098383671757261,0.7814333407275803
0.4184288507901585,0.7818660110687149
0.4271993966306777,0.7822978249039911
0.4361537789208006,0.7827287839289315
0.4452958509942651,0.7831588898357021
0.4546295469532399,0.7835881443131193
0.4641588833612782,0.784016549046656
0.4738879609717651,0.7844441057184488
0.4838209664925957,0.7848708160073046
0.4939621743878316,0.7852966815887065
0.5043159487171359,0.7857217041348212
0.5148867450137498,0.786145885314505
0.5256791122018419,0.7865692267933106
0.5366976945540476,0.7869917302334939
0.5479472336900282,0.7874133972940197
0.5594325706169377,0.7878342296305693
0.5711586478126435,0.788254228895546
0.5831305113526218,0.7886733967380821
0.595353313081437,0.7890917348040457
0.6078323128297224,0.7895092447360463
0.62057288067765,0.7899259281734421
0.6335804992658254,0.7903417867523457
0.6468607661546321,0.7907568221056309
0.6604193962330305,0.7911710358629397
0.6742622241778335,0.7915844296506872
0.6883952069645496,0.7919970050920696
0.7028244264308353,0.7924087638070696
0.7175560918936921,0.7928197074124627
0.732596542821523,0.7932298375218243
0.7479522515621814,0.7936391557455356
0.7636298261282242,0.7940476636907895
0.7796360130405237,0.7944553629615978
0.7959777002314977,0.7948622551587967
0.8126619200091946,0.7952683418800537
0.8296958520834898,0.7956736247198732
0.8470868266557402,0.7960781052696037
0.8648423275731727,0.7964817851174428
0.8829699955494082,0.7968846658484448
0.9014776314524917,0.7972867490445259
0.9203731996618231,0.7976880362844707
0.9396648314954691,0.7980885291439388
0.9593608287093147,0.7984882291954705
0.9794696670695385,0.7988871380084928
1,0.7992852571493265
1.020960662306048,0.7996825881811912
1.042360673976403,0.8000791326642124
1.064209244064722,0.8004748921554268
1.086515774652537,0.8008698682087891
1.109289864895223,0.801264062375178
1.132541315152813,0.8016574762024016
1.156280131207378,0.8020501112352043
1.180516528568803,0.8024419690152724
1.205260936870841,0.8028330510812407
1.230524004359262,0.8032233589686977
1.256316602474121,0.8036128942101921
1.282649830528062,0.8040016583352393
1.309535020482665,0.8043896528703262
1.336983741824945,0.8047768793389183
1.365007806546014,0.8051633392614653
1.393619274224144,0.805549034155407
1.422830457214355,0.8059339655351793
1.452653925946778,0.8063181349122197
1.483102514336103,0.8067015437949747
1.514189325304352,0.8070841936889037
1.545927736419479,0.8074660860964865
1.57833140565212,0.8078472225172285
1.611414277253017,0.8082276044476664
1.645190587753661,0.808607233381375
1.679674872092653,0.8089861108089718
1.714881969870541,0.809364238218124
1.750827031735727,0.8097416170935535
1.787525525904232,0.8101182489170433
1.824993244816151,0.810494135167443
1.86324631193156,0.8108692773206746
1.902301188668946,0.8112436768497386
1.942174681489028,0.8116173352247196
1.982883949127067,0.8119902539127916
2.024446509976802,0.8123624343782248
2.066880249629082,0.8127338780823903
2.110203428568596,0.8131045864837666
2.154434690031886,0.8134745610379449
2.19959306803007,0.8138438031976349
2.245697995539772,0.8142123144126707
2.292769312865649,0.8145800961300161
2.340827276178294,0.8149471497937709
2.389892566231053,0.8153134768451756
2.439986297259545,0.8156790787226182
2.491130026067786,0.8160439568616391
2.543345761304648,0.8164081126949367
2.596655972934872,0.8167715476523738
2.651083601908542,0.8171342631609821
2.706652070033236,0.8174962606449686
2.763385290053167,0.8178575415257211
2.821307675939471,0.8182181072218135
2.880444153396298,0.8185779591490117
2.940820170587067,0.8189370987202785
3.002461709085543,0.8192955273457802
3.065395295056524,0.8196532464328913
3.12964801067075,0.8200102573862001
3.195247505759214,0.820366561607515
3.262222009711673,0.8207221604958687
3.330600343624582,0.8210770554475247
3.400411932703703,0.8214312478559828
3.47168681892656,0.8217847391119837
3.544455673970436,0.8221375306035154
3.618749812411284,0.822489623715818
3.694601205199295,0.8228410198313896
3.772042493416994,0.8231917203299915
3.851107002325569,0.8235417265886538
3.93182875570577,0.8238910399816802
4.014242490499326,0.8242396618806545
4.098383671757253,0.8245875936544445
4.184288507901576,0.824934836669209
4.271993966306777,0.825281392288402
4.361537789208006,0.8256272618727787
4.45295850994266,0.8259724467804002
4.54629546953239,0.8263169483666393
4.641588833612772,0.8266607679841859
4.738879609717651,0.8270039069830522
4.838209664925957,0.8273463667105777
4.939621743878326,0.8276881485114349
5.043159487171349,0.8280292537276341
5.148867450137487,0.8283696836985297
5.256791122018419,0.8287094397608239
5.366976945540476,0.8290485232485731
5.479472336900293,0.8293869354931933
5.594325706169389,0.8297246778234642
5.711586478126423,0.8300617515655352
5.831305113526219,0.8303981580429307
5.95353313081437,0.8307338985765551
6.078323128297236,0.8310689744846977
6.205728806776513,0.8314033870830384
6.335804992658241,0.8317371376846523
6.46860766154632,0.8320702276000154
6.604193962330306,0.8324026581370096
6.742622241778349,0.8327344306009274
6.883952069645511,0.8330655462944778
7.028244264308339,0.8333960065177906
7.175560918936921,0.8337258125684219
7.32596542821523,0.8340549657413595
7.479522515621829,0.8343834673290275
7.636298261282257,0.8347113186212914
7.796360130405221,0.8350385209054636
7.959777002314977,0.8353650754663078
8.126619200091946,0.8356909835860448
8.296958520834915,0.8360162465443567
8.470868266557419,0.8363408656183928
8.648423275731709,0.8366648420827739
8.829699955494084,0.8369881772095978
9.014776314524918,0.8373108722684439
9.203731996618231,0.8376329285263783
9.39664831495471,0.837954347247959
9.593608287093128,0.8382751296952407
9.794696670695386,0.8385952771277798
10,0.8389147908026391
