#Pareto aproximation (linear regression) vs Original set
#ParetoLr(x), ParetoLr(CDF) 
1e-08,0
1.020960662306048e-08,0
1.042360673976401e-08,0
1.064209244064725e-08,0
1.086515774652537e-08,0
1.109289864895223e-08,0
1.132541315152813e-08,0
1.156280131207375e-08,0
1.180516528568806e-08,0
1.205260936870841e-08,0
1.230524004359262e-08,0
1.256316602474122e-08,0
1.28264983052806e-08,0
1.309535020482668e-08,0
1.336983741824945e-08,0
1.365007806546014e-08,0
1.393619274224144e-08,0
1.422830457214352e-08,0
1.452653925946781e-08,0
1.483102514336103e-08,0
1.514189325304352e-08,0
1.545927736419478e-08,0
1.578331405652117e-08,0
1.61141427725302e-08,0
1.645190587753661e-08,0
1.679674872092653e-08,0
1.714881969870541e-08,0
1.750827031735723e-08,0
1.787525525904235e-08,0
1.824993244816151e-08,0
1.86324631193156e-08,0
1.902301188668946e-08,0
1.942174681489025e-08,0
1.982883949127072e-08,0
2.024446509976802e-08,0
2.066880249629082e-08,0
2.110203428568597e-08,0
2.154434690031882e-08,0
2.199593068030075e-08,0
2.245697995539776e-08,0
2.292769312865649e-08,0
2.340827276178294e-08,0
2.389892566231048e-08,0
2.43998629725955e-08,0
2.491130026067791e-08,0
2.543345761304648e-08,0
2.596655972934873e-08,0
2.651083601908536e-08,0
2.706652070033241e-08,0
2.763385290053173e-08,0
2.821307675939471e-08,0
2.880444153396298e-08,0
2.940820170587061e-08,0
3.002461709085549e-08,0
3.06539529505653e-08,0
3.12964801067075e-08,0
3.195247505759214e-08,0
3.262222009711667e-08,0
3.330600343624589e-08,0
3.40041193270371e-08,0
3.471686818926559e-08,0
3.544455673970436e-08,0
3.618749812411276e-08,0
3.694601205199302e-08,0
3.772042493417001e-08,0
3.851107002325569e-08,0
3.93182875570577e-08,0
4.014242490499318e-08,0
4.098383671757262e-08,0
4.184288507901584e-08,0
4.271993966306777e-08,0
4.361537789208006e-08,0
4.45295850994266e-08,0
4.546295469532399e-08,0
4.641588833612782e-08,0
4.738879609717651e-08,0
4.838209664925958e-08,0
4.939621743878326e-08,0
5.043159487171359e-08,0.002549668244271941
5.148867450137498e-08,0.008676642254269451
5.256791122018419e-08,0.01476598049502154
5.366976945540476e-08,0.02081791414934875
5.479472336900293e-08,0.02683267297999825
5.594325706169378e-08,0.03281048533836839
5.711586478126435e-08,0.03875157817317942
5.831305113526219e-08,0.04465617703908653
5.95353313081437e-08,0.05052450610524661
6.078323128297236e-08,0.05635678816382561
6.2057288067765e-08,0.0621532446384585
6.335804992658255e-08,0.06791409559265715
6.46860766154632e-08,0.07363955973816083
6.604193962330306e-08,0.07932985444324514
6.742622241778349e-08,0.08498519574096919
6.883952069645497e-08,0.09060579833738047
7.028244264308353e-08,0.09619187561966647
7.175560918936921e-08,0.1017436396642529
7.32596542821523e-08,0.1072613012448598
7.479522515621828e-08,0.1127450698404987
7.636298261282242e-08,0.1181951536434286
7.796360130405237e-08,0.1236117595670603
7.959777002314978e-08,0.1289950932538092
8.126619200091946e-08,0.1343453590829063
8.296958520834915e-08,0.1396627601781537
8.470868266557402e-08,0.144947498415638
8.648423275731727e-08,0.1501997744313963
8.829699955494083e-08,0.1554197876290293
9.014776314524918e-08,0.1606077361872763
9.20373199661823e-08,0.1657638170675351
9.396648314954691e-08,0.1708882260213415
9.593608287093146e-08,0.1759811575978024
9.794696670695386e-08,0.1810428051509785
1e-07,0.1860733608472286
1.020960662306048e-07,0.1910730156725026
1.042360673976401e-07,0.1960419594395928
1.064209244064725e-07,0.2009803807953425
1.086515774652537e-07,0.2058884672278041
1.109289864895223e-07,0.210766405073361
1.132541315152813e-07,0.2156143795237987
1.156280131207375e-07,0.2204325746333371
1.180516528568806e-07,0.2252211733256196
1.205260936870841e-07,0.2299803574006541
1.230524004359261e-07,0.2347103075417196
1.256316602474121e-07,0.2394112033222217
1.28264983052806e-07,0.2440832232125121
1.309535020482668e-07,0.2487265445866658
1.336983741824945e-07,0.2533413437292112
1.365007806546014e-07,0.2579277958418275
1.393619274224144e-07,0.2624860750499917
1.422830457214352e-07,0.267016354409592
1.452653925946781e-07,0.2715188059134985
1.483102514336103e-07,0.2759936004980901
1.514189325304352e-07,0.2804409080497471
1.545927736419479e-07,0.2848608974112988
1.578331405652117e-07,0.2892537363884345
1.61141427725302e-07,0.2936195917560753
1.645190587753661e-07,0.2979586292647034
1.679674872092653e-07,0.3022710136466573
1.714881969870541e-07,0.3065569086223841
1.750827031735723e-07,0.3108164769066553
1.787525525904236e-07,0.3150498802147466
1.824993244816151e-07,0.3192572792685736
1.86324631193156e-07,0.3234388338027976
1.902301188668946e-07,0.3275947025708869
1.942174681489024e-07,0.3317250433511447
1.982883949127071e-07,0.3358300129527012
2.024446509976802e-07,0.3399097672214635
2.066880249629082e-07,0.3439644610460355
2.110203428568597e-07,0.3479942483635959
2.154434690031882e-07,0.3519992821657433
2.199593068030075e-07,0.3559797145043055
2.245697995539772e-07,0.3599356964971104
2.292769312865649e-07,0.3638673783337252
2.340827276178294e-07,0.3677749092811562
2.389892566231048e-07,0.371658437689517
2.43998629725955e-07,0.3755181109976615
2.491130026067786e-07,0.3793540757387792
2.543345761304648e-07,0.3831664775459608
2.596655972934872e-07,0.3869554611577248
2.651083601908536e-07,0.3907211704235142
2.706652070033241e-07,0.3944637483091578
2.763385290053167e-07,0.3981833369022961
2.82130767593947e-07,0.4018800774177788
2.880444153396298e-07,0.4055541102030228
2.940820170587061e-07,0.4092055747433418
3.002461709085549e-07,0.4128346096672436
3.065395295056524e-07,0.4164413527516898
3.12964801067075e-07,0.4200259409273297
3.195247505759214e-07,0.4235885102836966
3.262222009711673e-07,0.4271291960743758
3.330600343624589e-07,0.4306481327221385
3.400411932703703e-07,0.4341454538240468
3.471686818926559e-07,0.4376212921565243
3.544455673970435e-07,0.4410757796803971
3.618749812411284e-07,0.4445090475459041
3.694601205199302e-07,0.447921226097676
3.772042493416994e-07,0.4513124448796845
3.851107002325569e-07,0.4546828326401594
3.93182875570577e-07,0.4580325173364772
4.014242490499326e-07,0.4613616261400184
4.098383671757261e-07,0.4646702854409963
4.184288507901585e-07,0.4679586208532559
4.271993966306776e-07,0.4712267572190407
4.361537789208006e-07,0.4744748186137352
4.45295850994266e-07,0.4777029283505732
4.5462954695324e-07,0.4809112089853198
4.641588833612782e-07,0.4840997823209261
4.738879609717651e-07,0.4872687694121505
4.838209664925957e-07,0.4904182905701575
4.939621743878326e-07,0.4935484653670831
5.043159487171359e-07,0.4966594126405748
5.148867450137498e-07,0.4997512504983052
5.25679112201842e-07,0.5028240963224528
5.366976945540476e-07,0.5058780667741618
5.479472336900293e-07,0.5089132777979684
5.594325706169378e-07,0.5119298446262035
5.711586478126435e-07,0.5149278817833689
5.831305113526218e-07,0.5179075030904831
5.95353313081437e-07,0.5208688216694043
6.078323128297237e-07,0.5238119499471239
6.205728806776501e-07,0.5267369996600348
6.335804992658255e-07,0.5296440818581754
6.468607661546321e-07,0.5325333069094422
6.604193962330305e-07,0.535404784503784
6.742622241778349e-07,0.5382586236573628
6.883952069645496e-07,0.5410949327166937
7.028244264308353e-07,0.5439138193627604
7.175560918936921e-07,0.5467153906150997
7.32596542821523e-07,0.5494997528358676
7.479522515621828e-07,0.5522670117338757
7.636298261282241e-07,0.5550172723686042
7.796360130405236e-07,0.5577506391541929
7.959777002314978e-07,0.5604672158634014
8.126619200091945e-07,0.563167105631553
8.296958520834915e-07,0.5658504109604473
8.470868266557403e-07,0.5685172337222524
8.648423275731727e-07,0.5711676751633736
8.829699955494083e-07,0.5738018359082959
9.014776314524917e-07,0.5764198159634051
9.20373199661823e-07,0.5790217147207837
9.396648314954691e-07,0.5816076309619851
9.593608287093148e-07,0.584177662861784
9.794696670695385e-07,0.5867319079919022
1e-06,0.5892704633247156
1.020960662306047e-06,0.5917934252369323
1.042360673976401e-06,0.5943008895132547
1.064209244064725e-06,0.5967929513500139
1.086515774652537e-06,0.599269705358785
1.109289864895223e-06,0.6017312455699788
1.132541315152813e-06,0.6041776654364113
1.156280131207375e-06,0.6066090578368515
1.180516528568805e-06,0.6090255150795487
1.205260936870841e-06,0.611427128905736
1.230524004359262e-06,0.6138139904931135
1.256316602474121e-06,0.6161861904593096
1.28264983052806e-06,0.6185438188653219
1.309535020482668e-06,0.6208869652189365
1.336983741824945e-06,0.6232157184781248
1.365007806546014e-06,0.6255301670544229
1.393619274224143e-06,0.6278303988162863
1.422830457214352e-06,0.6301165010924263
1.452653925946781e-06,0.6323885606751272
1.483102514336103e-06,0.634646663823538
1.514189325304352e-06,0.6368908962669508
1.545927736419479e-06,0.6391213432080529
1.57833140565212e-06,0.641338089326163
1.61141427725302e-06,0.643541218780445
1.645190587753661e-06,0.6457308152131045
1.679674872092653e-06,0.6479069617525633
1.714881969870541e-06,0.6500697410166154
1.750827031735727e-06,0.6522192351155636
1.787525525904235e-06,0.6543555256553372
1.82499324481615e-06,0.6564786937405902
1.86324631193156e-06,0.6585888199777803
1.902301188668946e-06,0.6606859844782289
1.942174681489028e-06,0.6627702668611626
1.982883949127071e-06,0.664841746256736
2.024446509976802e-06,0.6669005013090364
2.066880249629082e-06,0.6689466101790693
2.110203428568597e-06,0.6709801505477253
2.154434690031886e-06,0.6730011996187291
2.199593068030075e-06,0.6750098341215716
2.245697995539772e-06,0.6770061303144224
2.292769312865649e-06,0.6789901639870249
2.340827276178294e-06,0.6809620104635739
2.389892566231052e-06,0.6829217446055744
2.43998629725955e-06,0.6848694408146851
2.491130026067786e-06,0.6868051730355422
2.543345761304648e-06,0.6887290147585674
2.596655972934872e-06,0.6906410390227566
2.651083601908542e-06,0.6925413184184545
2.706652070033241e-06,0.6944299250901091
2.763385290053167e-06,0.6963069307390122
2.821307675939471e-06,0.6981724066260202
2.880444153396298e-06,0.7000264235742599
2.940820170587067e-06,0.7018690519718176
3.002461709085549e-06,0.7037003617744112
3.065395295056524e-06,0.705520422508046
3.129648010670751e-06,0.707329303271655
3.195247505759214e-06,0.7091270727397205
3.262222009711673e-06,0.7109137991648837
3.330600343624589e-06,0.7126895503805335
3.400411932703702e-06,0.7144543938033838
3.47168681892656e-06,0.7162083964360322
3.544455673970436e-06,0.7179516248695035
3.618749812411284e-06,0.7196841452857781
3.694601205199302e-06,0.7214060234603042
3.772042493416993e-06,0.7231173247644963
3.851107002325569e-06,0.7248181141682157
3.93182875570577e-06,0.7265084562422373
4.014242490499326e-06,0.7281884151607012
4.098383671757261e-06,0.7298580547035494
4.184288507901576e-06,0.7315174382589471
4.271993966306777e-06,0.7331666288256888
4.361537789208005e-06,0.7348056890155905
4.45295850994266e-06,0.7364346810558664
4.5462954695324e-06,0.7380536667914916
4.641588833612773e-06,0.7396627076875506
4.738879609717651e-06,0.7412618648315699
4.838209664925957e-06,0.7428511989358373
4.939621743878326e-06,0.7444307703397074
5.043159487171359e-06,0.7460006390118921
5.148867450137487e-06,0.7475608645527374
5.25679112201842e-06,0.7491115061964864
5.366976945540476e-06,0.7506526228135271
5.479472336900293e-06,0.7521842729126287
5.594325706169378e-06,0.7537065146431619
5.711586478126423e-06,0.7552194057973076
5.831305113526219e-06,0.7567230038122501
5.95353313081437e-06,0.7582173657723578
6.078323128297237e-06,0.7597025484113509
6.205728806776501e-06,0.7611786081144547
6.335804992658241e-06,0.7626456009205409
6.468607661546321e-06,0.764103582524255
6.604193962330305e-06,0.7655526082781303
6.742622241778349e-06,0.7669927331946894
6.883952069645496e-06,0.7684240119485333
7.028244264308338e-06,0.7698464988784171
7.175560918936921e-06,0.7712602479893124
7.32596542821523e-06,0.7726653129544578
7.479522515621829e-06,0.7740617471173973
7.636298261282242e-06,0.7754496034940042
7.796360130405221e-06,0.776828934774495
7.959777002314978e-06,0.7781997933254299
8.126619200091945e-06,0.7795622311916994
8.296958520834915e-06,0.780916300098502
8.470868266557402e-06,0.7822620514533065
8.648423275731709e-06,0.7835995363478048
8.829699955494083e-06,0.7849288055598512
9.014776314524917e-06,0.78624990955539
9.20373199661823e-06,0.7875628984903713
9.396648314954691e-06,0.7888678222126557
9.593608287093147e-06,0.790164730263907
9.794696670695386e-06,0.7914536718814718
1e-05,0.7927346960002501
1.020960662306048e-05,0.7940078512545529
1.042360673976401e-05,0.7952731859799473
1.064209244064725e-05,0.796530748215094
1.086515774652537e-05,0.7977805857035685
1.109289864895223e-05,0.7990227458956757
1.132541315152813e-05,0.8002572759502503
1.156280131207375e-05,0.8014842227364473
1.180516528568806e-05,0.8027036328355218
1.205260936870841e-05,0.8039155525425972
1.230524004359262e-05,0.8051200278684226
1.256316602474121e-05,0.8063171045411202
1.28264983052806e-05,0.8075068280079205
1.309535020482668e-05,0.8086892434368886
1.336983741824945e-05,0.8098643957186387
1.365007806546014e-05,0.8110323294680379
1.393619274224143e-05,0.812193089025901
1.422830457214352e-05,0.8133467184606726
1.452653925946781e-05,0.8144932615701016
1.483102514336103e-05,0.8156327618829028
1.514189325304352e-05,0.8167652626604103
1.545927736419479e-05,0.8178908068982194
1.578331405652116e-05,0.8190094373278188
1.61141427725302e-05,0.8201211964182142
1.645190587753661e-05,0.8212261263775386
1.679674872092653e-05,0.8223242691546565
1.714881969870541e-05,0.8234156664407555
1.750827031735727e-05,0.8245003596709294
1.787525525904236e-05,0.8255783900257515
1.82499324481615e-05,0.8266497984328377
1.86324631193156e-05,0.8277146255684007
1.902301188668946e-05,0.8287729118587938
1.942174681489028e-05,0.8298246974820459
1.982883949127071e-05,0.830870022369387
2.024446509976802e-05,0.831908926206764
2.066880249629082e-05,0.8329414484363481
2.110203428568597e-05,0.8339676282580307
2.154434690031887e-05,0.834987504630913
2.199593068030075e-05,0.8360011162747846
2.245697995539772e-05,0.8370085016715934
2.292769312865649e-05,0.8380096990669073
2.340827276178294e-05,0.8390047464713646
2.389892566231053e-05,0.839993681662119
2.43998629725955e-05,0.8409765421842724
2.491130026067786e-05,0.841953365352301
2.543345761304648e-05,0.8429241882514719
2.596655972934872e-05,0.8438890477392504
2.651083601908542e-05,0.8448479804467006
2.706652070033241e-05,0.8458010227798746
2.763385290053167e-05,0.8467482109211957
2.821307675939471e-05,0.8476895808308318
2.880444153396298e-05,0.8486251682480606
2.940820170587067e-05,0.8495550086926262
3.002461709085549e-05,0.8504791374660881
3.065395295056524e-05,0.8513975896531609
3.12964801067075e-05,0.852310400123047
3.195247505759214e-05,0.8532176035307598
3.262222009711673e-05,0.8541192343184394
3.330600343624589e-05,0.8550153267166605
3.400411932703703e-05,0.8559059147457319
3.471686818926559e-05,0.856791032216988
3.544455673970435e-05,0.8576707127340726
3.618749812411284e-05,0.8585449896942143
3.694601205199302e-05,0.859413896289495
3.772042493416993e-05,0.8602774655081095
3.851107002325569e-05,0.8611357301356182
3.93182875570577e-05,0.8619887227561918
4.014242490499326e-05,0.8628364757538483
4.098383671757261e-05,0.8636790213136822
4.184288507901576e-05,0.8645163914230873
4.271993966306776e-05,0.86534861787297
4.361537789208006e-05,0.8661757322589569
4.45295850994266e-05,0.8669977659825941
4.5462954695324e-05,0.8678147502525395
4.641588833612772e-05,0.8686267160857475
4.738879609717651e-05,0.8694336943086469
4.838209664925957e-05,0.8702357155583107
4.939621743878326e-05,0.8710328102836196
5.043159487171359e-05,0.871825008746418
5.148867450137487e-05,0.8726123410226627
5.256791122018419e-05,0.873394837003565
5.366976945540476e-05,0.8741725263967253
5.479472336900293e-05,0.874945438727261
5.594325706169377e-05,0.8757136033389273
5.711586478126424e-05,0.8764770493952319
5.831305113526218e-05,0.8772358058805413
5.95353313081437e-05,0.8779899016011815
6.078323128297237e-05,0.8787393651865322
6.2057288067765e-05,0.8794842250901126
6.335804992658241e-05,0.8802245095906629
6.468607661546321e-05,0.880960246793217
6.604193962330305e-05,0.8816914646301701
6.742622241778349e-05,0.8824181908623383
6.883952069645496e-05,0.8831404530800137
7.028244264308338e-05,0.8838582787040108
7.175560918936922e-05,0.8845716949867086
7.32596542821523e-05,0.8852807290130843
7.479522515621829e-05,0.8859854077017419
7.636298261282242e-05,0.8866857578059343
7.79636013040522e-05,0.8873818059145788
7.959777002314978e-05,0.8880735784532673
8.126619200091945e-05,0.8887611016852679
8.296958520834916e-05,0.8894444017125239
8.470868266557403e-05,0.8901235044766431
8.648423275731709e-05,0.8907984357598843
8.829699955494083e-05,0.8914692211861346
9.014776314524917e-05,0.8921358862218831
9.203731996618231e-05,0.8927984561771877
9.39664831495469e-05,0.8934569562066356
9.593608287093147e-05,0.8941114113102986
9.794696670695385e-05,0.8947618463346823
0.0001,0.8954082859736692
0.0001020960662306048,0.8960507547694562
0.0001042360673976401,0.8966892771134863
0.0001064209244064725,0.8973238772473753
0.0001086515774652537,0.8979545792638308
0.0001109289864895223,0.8985814071075684
0.0001132541315152813,0.8992043845762195
0.0001156280131207375,0.8998235353212356
0.0001180516528568806,0.900438882848786
0.0001205260936870841,0.90105045052065
0.0001230524004359262,0.901658261555104
0.0001256316602474122,0.9022623390278031
0.000128264983052806,0.9028627058726568
0.0001309535020482668,0.9034593848827005
0.0001336983741824945,0.9040523987109597
0.0001365007806546014,0.9046417698713108
0.0001393619274224143,0.9052275207393359
0.0001422830457214352,0.9058096735531717
0.0001452653925946781,0.9063882504143544
0.0001483102514336103,0.9069632732886583
0.0001514189325304352,0.9075347640069302
0.0001545927736419478,0.9081027442659177
0.0001578331405652116,0.9086672356290935
0.000161141427725302,0.9092282595274732
0.0001645190587753661,0.9097858372604299
0.0001679674872092653,0.9103399899965026
0.0001714881969870541,0.9108907387741992
0.0001750827031735723,0.9114381045027959
0.0001787525525904235,0.911982107963131
0.0001824993244816151,0.9125227698083934
0.000186324631193156,0.9130601105649072
0.0001902301188668946,0.9135941506329106
0.0001942174681489025,0.9141249102873307
0.0001982883949127071,0.9146524096785531
0.0002024446509976802,0.9151766688331868
0.0002066880249629082,0.9156977076548248
0.0002110203428568597,0.9162155459247995
0.0002154434690031882,0.9167302033029338
0.0002199593068030075,0.9172416993282874
0.0002245697995539772,0.9177500534198987
0.0002292769312865649,0.9182552848775222
0.0002340827276178294,0.9187574128823608
0.0002389892566231048,0.9192564564977942
0.000243998629725955,0.9197524346701031
0.0002491130026067791,0.9202453662291877
0.0002543345761304648,0.9207352698892832
0.0002596655972934873,0.9212221642496701
0.0002651083601908536,0.9217060677953799
0.0002706652070033241,0.9221869988978979
0.0002763385290053172,0.9226649758158596
0.0002821307675939471,0.9231400166957445
0.0002880444153396298,0.9236121395725649
0.000294082017058706,0.9240813623705506
0.0003002461709085549,0.9245477029038294
0.000306539529505653,0.9250111788771033
0.000312964801067075,0.9254718078863208
0.0003195247505759214,0.9259296074193449
0.0003262222009711667,0.9263845948566173
0.0003330600343624589,0.9268367874718175
0.000340041193270371,0.9272862024325194
0.000347168681892656,0.9277328568008426
0.0003544455673970436,0.9281767675341005
0.0003618749812411277,0.9286179514854436
0.0003694601205199302,0.9290564254045001
0.0003772042493417001,0.9294922059380107
0.0003851107002325569,0.9299253096304619
0.000393182875570577,0.930355752924713
0.0004014242490499318,0.9307835521626209
0.0004098383671757261,0.9312087235856605
0.0004184288507901585,0.9316312833355413
0.0004271993966306776,0.9320512474548199
0.0004361537789208006,0.9324686318875097
0.0004452958509942651,0.9328834524796854
0.0004546295469532399,0.9332957249800854
0.0004641588833612782,0.9337054650407092
0.0004738879609717651,0.9341126882174116
0.0004838209664925957,0.9345174099704936
0.0004939621743878316,0.9349196456652894
0.0005043159487171359,0.9353194105727494
0.0005148867450137498,0.9357167198700198
0.0005256791122018419,0.9361115886410196
0.0005366976945540476,0.9365040318770127
0.0005479472336900282,0.9368940644771767
0.0005594325706169377,0.9372817012491694
0.0005711586478126435,0.9376669569096906
0.0005831305113526219,0.9380498460850404
0.000595353313081437,0.9384303833116753
0.0006078323128297224,0.9388085830367591
0.0006205728806776501,0.9391844596187126
0.0006335804992658254,0.9395580273277575
0.0006468607661546321,0.9399293003464591
0.0006604193962330305,0.940298292770264
0.0006742622241778335,0.940665018608036
0.0006883952069645496,0.9410294917825872
0.0007028244264308353,0.9413917261312074
0.0007175560918936921,0.9417517354061883
0.000732596542821523,0.9421095332753469
0.0007479522515621828,0.9424651333225434
0.0007636298261282241,0.9428185490481976
0.0007796360130405237,0.9431697938698008
0.0007959777002314978,0.9435188811224258
0.0008126619200091946,0.9438658240592328
0.0008296958520834915,0.9442106358519727
0.0008470868266557402,0.9445533295914871
0.0008648423275731727,0.9448939182882053
0.0008829699955494083,0.9452324148726384
0.0009014776314524918,0.94556883219587
0.000920373199661823,0.9459031830300439
0.000939664831495469,0.9462354800688499
0.0009593608287093146,0.9465657359280047
0.0009794696670695387,0.946893963145731
0.001,0.9472201741832345
0.001020960662306047,0.9475443814251753
0.001042360673976401,0.9478665971801398
0.001064209244064725,0.9481868336811069
0.001086515774652537,0.948505103085913
0.001109289864895223,0.9488214174777131
0.001132541315152813,0.9491357888654398
0.001156280131207375,0.9494482291842594
0.001180516528568806,0.9497587502960246
0.001205260936870841,0.9500673639897252
0.001230524004359262,0.9503740819819355
0.001256316602474122,0.9506789159172592
0.00128264983052806,0.9509818773687712
0.001309535020482668,0.9512829778384575
0.001336983741824945,0.9515822287576514
0.001365007806546014,0.951879641487468
0.001393619274224143,0.9521752273192348
0.001422830457214352,0.9524689974749209
0.001452653925946781,0.9527609631075631
0.001483102514336103,0.9530511353016891
0.001514189325304352,0.9533395250737383
0.001545927736419478,0.9536261433724802
0.001578331405652117,0.9539110010794298
0.00161141427725302,0.9541941090092614
0.001645190587753661,0.954475477910218
0.001679674872092653,0.9547551184645209
0.001714881969870541,0.9550330412887735
0.001750827031735723,0.9553092569343659
0.001787525525904235,0.9555837758878747
0.00182499324481615,0.9558566085714613
0.00186324631193156,0.9561277653432674
0.001902301188668946,0.9563972564978085
0.001942174681489024,0.9566650922663648
0.001982883949127072,0.9569312828173692
0.002024446509976802,0.9571958382567939
0.002066880249629082,0.9574587686285335
0.002110203428568597,0.9577200839147868
0.002154434690031882,0.9579797940364356
0.002199593068030075,0.9582379088534214
0.002245697995539772,0.9584944381651194
0.002292769312865649,0.9587493917107111
0.002340827276178294,0.9590027791695533
0.002389892566231048,0.9592546101615469
0.00243998629725955,0.9595048942475003
0.002491130026067791,0.9597536409294939
0.002543345761304648,0.96000085965124
0.002596655972934872,0.9602465597984421
0.002651083601908536,0.9604907506991501
0.002706652070033241,0.9607334416241154
0.002763385290053173,0.9609746417871428
0.002821307675939471,0.9612143603454394
0.002880444153396298,0.9614526063999635
0.002940820170587061,0.9616893889957694
0.003002461709085549,0.9619247171223508
0.00306539529505653,0.9621585997139822
0.00312964801067075,0.9623910456500583
0.003195247505759214,0.9626220637554307
0.003262222009711667,0.9628516628007432
0.003330600343624588,0.963079851502765
0.00340041193270371,0.9633066385247209
0.003471686818926559,0.9635320324766209
0.003544455673970436,0.9637560419155871
0.003618749812411277,0.9639786753461778
0.003694601205199302,0.9641999412207112
0.003772042493417001,0.9644198479395861
0.003851107002325569,0.9646384038516005
0.003931828755705771,0.9648556172542688
0.004014242490499318,0.9650714963941368
0.004098383671757262,0.9652860494670948
0.004184288507901585,0.9654992846186888
0.004271993966306777,0.9657112099444296
0.004361537789208006,0.9659218334901003
0.004452958509942651,0.9661311632520615
0.0045462954695324,0.9663392071775552
0.004641588833612782,0.9665459731650063
0.004738879609717651,0.966751469064323
0.004838209664925958,0.9669557026771936
0.004939621743878316,0.9671586817573841
0.005043159487171359,0.9673604140110316
0.005148867450137497,0.9675609070969374
0.005256791122018419,0.9677601686268574
0.005366976945540477,0.9679582061657916
0.005479472336900281,0.9681550272322705
0.005594325706169377,0.9683506392986413
0.005711586478126435,0.9685450497913511
0.005831305113526219,0.9687382660912294
0.00595353313081437,0.9689302955337674
0.006078323128297224,0.9691211454093976
0.0062057288067765,0.9693108229637698
0.006335804992658254,0.9694993353980262
0.006468607661546321,0.9696866898690755
0.006604193962330305,0.9698728934898635
0.006742622241778335,0.9700579533296443
0.006883952069645496,0.970241876414248
0.007028244264308352,0.9704246697263472
0.007175560918936921,0.9706063402057232
0.00732596542821523,0.9707868947495282
0.007479522515621813,0.9709663402125477
0.007636298261282242,0.9711446834074612
0.007796360130405237,0.9713219311051
0.007959777002314978,0.9714980900347047
0.008126619200091946,0.9716731668841807
0.008296958520834915,0.9718471683003522
0.008470868266557402,0.972020100889214
0.008648423275731726,0.9721919712161829
0.008829699955494083,0.9723627858063468
0.009014776314524917,0.9725325511447123
0.00920373199661823,0.9727012736764508
0.009396648314954691,0.9728689598071436
0.009593608287093146,0.9730356159030249
0.009794696670695385,0.973201248291223
0.01,0.9733658632600015
0.01020960662306048,0.9735294670589971
0.01042360673976401,0.9736920658994574
0.01064209244064725,0.9738536659544768
0.01086515774652537,0.9740142733592301
0.01109289864895223,0.9741738942112064
0.01132541315152813,0.97433253457044
0.01156280131207375,0.9744902004597406
0.01180516528568806,0.9746468978649219
0.01205260936870841,0.9748026327350292
0.01230524004359262,0.9749574109825646
0.01256316602474121,0.9751112384837123
0.0128264983052806,0.9752641210785608
0.01309535020482668,0.9754160645713253
0.01336983741824945,0.9755670747305678
0.01365007806546014,0.9757171572894162
0.01393619274224144,0.9758663179457816
0.01422830457214352,0.9760145623625752
0.01452653925946781,0.9761618961679229
0.01483102514336103,0.9763083249553791
0.01514189325304352,0.976453854284139
0.01545927736419479,0.9765984896792496
0.01578331405652117,0.9767422366318197
0.0161141427725302,0.9768851005992281
0.01645190587753661,0.9770270870053311
0.01679674872092653,0.9771682012406681
0.01714881969870541,0.9773084486626662
0.01750827031735723,0.9774478345958441
0.01787525525904235,0.9775863643320136
0.0182499324481615,0.9777240431304813
0.0186324631193156,0.9778608762182474
0.01902301188668946,0.9779968687902044
0.01942174681489025,0.978132026009335
0.01982883949127071,0.9782663530069071
0.02024446509976802,0.9783998548826695
0.02066880249629082,0.9785325367050446
0.02110203428568597,0.9786644035113218
0.02154434690031882,0.978795460307848
0.02199593068030075,0.9789257120702181
0.02245697995539772,0.9790551637434635
0.02292769312865649,0.9791838202422403
0.02340827276178294,0.9793116864510155
0.02389892566231048,0.9794387672242528
0.0243998629725955,0.9795650673865965
0.02491130026067786,0.9796905917330549
0.02543345761304648,0.9798153450291824
0.02596655972934872,0.9799393320112603
0.02651083601908536,0.9800625573864765
0.02706652070033241,0.9801850258331047
0.02763385290053173,0.9803067420006814
0.02821307675939471,0.9804277105101826
0.02880444153396298,0.9805479359541996
0.02940820170587061,0.980667422897113
0.03002461709085549,0.980786175875266
0.0306539529505653,0.9809041993971366
0.03129648010670751,0.9810214979435092
0.03195247505759213,0.9811380759676441
0.03262222009711666,0.981253937895447
0.03330600343624589,0.9813690881256366
0.0340041193270371,0.9814835310299121
0.03471686818926559,0.9815972709531191
0.03544455673970436,0.9817103122134141
0.03618749812411277,0.9818226591024287
0.03694601205199302,0.9819343158854329
0.03772042493417001,0.9820452868014964
0.03851107002325569,0.98215557606365
0.0393182875570577,0.9822651878590453
0.04014242490499318,0.9823741263491138
0.04098383671757262,0.9824823956697248
0.04184288507901585,0.9825899999313427
0.04271993966306777,0.9826969432191823
0.04361537789208006,0.982803229593365
0.04452958509942651,0.9829088630890718
0.04546295469532399,0.9830138477166975
0.04641588833612782,0.9831181874620024
0.04738879609717651,0.9832218862862636
0.04838209664925957,0.9833249481264255
0.04939621743878315,0.9834273768952494
0.05043159487171359,0.983529176481462
0.05148867450137497,0.9836303507499027
0.05256791122018419,0.9837309035416708
0.05366976945540476,0.9838308386742712
0.05479472336900281,0.9839301599417591
0.05594325706169378,0.9840288711148842
0.05711586478126435,0.984126975941234
0.05831305113526219,0.9842244781453757
0.0595353313081437,0.9843213814289983
0.06078323128297224,0.9844176894710519
0.062057288067765,0.9845134059278889
0.06335804992658255,0.9846085344334018
0.0646860766154632,0.9847030785991612
0.06604193962330306,0.9847970420145534
0.06742622241778336,0.9848904282469164
0.06883952069645496,0.9849832408416753
0.07028244264308353,0.9850754833224769
0.07175560918936921,0.9851671591913234
0.0732596542821523,0.9852582719287057
0.07479522515621813,0.9853488249937353
0.07636298261282241,0.9854388218242756
0.07796360130405237,0.9855282658370722
0.07959777002314977,0.9856171604278833
0.08126619200091946,0.985705508971608
0.08296958520834916,0.9857933148224146
0.08470868266557402,0.9858805813138679
0.08648423275731726,0.9859673117590559
0.08829699955494083,0.9860535094507158
0.09014776314524918,0.9861391776613582
0.09203731996618231,0.9862243196433921
0.09396648314954691,0.9863089386292481
0.09593608287093147,0.9863930378315013
0.09794696670695385,0.986476620442993
0.1,0.9865596896369521
0.1020960662306048,0.9866422485671152
0.1042360673976401,0.9867243003678473
0.1064209244064725,0.9868058481542594
0.1086515774652537,0.9868868950223281
0.1109289864895223,0.986967444049012
0.1132541315152813,0.9870474982923697
0.1156280131207375,0.9871270607916747
0.1180516528568806,0.9872061345675316
0.1205260936870841,0.9872847226219906
0.1230524004359262,0.9873628279386613
0.1256316602474122,0.9874404534828258
0.128264983052806,0.987517602201552
0.1309535020482668,0.9875942770238051
0.1336983741824945,0.9876704808605581
0.1365007806546014,0.9877462166049036
0.1393619274224144,0.9878214871321626
0.1422830457214352,0.9878962952999941
0.1452653925946781,0.9879706439485039
0.1483102514336103,0.9880445359003515
0.1514189325304352,0.9881179739608583
0.1545927736419478,0.9881909609181133
0.1578331405652116,0.9882634995430797
0.161141427725302,0.9883355925896992
0.1645190587753661,0.9884072427949973
0.1679674872092653,0.9884784528791868
0.1714881969870541,0.9885492255457715
0.1750827031735723,0.9886195634816485
0.1787525525904236,0.9886894693572098
0.182499324481615,0.9887589458264447
0.186324631193156,0.98882799552704
0.1902301188668946,0.9888966210804798
0.1942174681489025,0.9889648250921454
0.1982883949127071,0.9890326101514147
0.2024446509976802,0.9890999788317595
0.2066880249629082,0.9891669336908437
0.2110203428568597,0.9892334772706207
0.2154434690031882,0.9892996120974294
0.2199593068030075,0.9893653406820904
0.2245697995539772,0.9894306655200011
0.2292769312865649,0.989495589091231
0.2340827276178294,0.9895601138606148
0.2389892566231048,0.9896242422778471
0.243998629725955,0.9896879767775748
0.2491130026067786,0.9897513197794896
0.2543345761304648,0.9898142736884199
0.2596655972934873,0.9898768408944222
0.2651083601908536,0.9899390237728716
0.2706652070033241,0.9900008246845524
0.2763385290053172,0.9900622459757472
0.2821307675939471,0.9901232899783264
0.2880444153396298,0.9901839590098366
0.2940820170587061,0.9902442553735883
0.3002461709085549,0.9903041813587439
0.306539529505653,0.990363739240404
0.312964801067075,0.9904229312796945
0.3195247505759213,0.9904817597238517
0.3262222009711667,0.990540226806308
0.3330600343624588,0.9905983347467768
0.340041193270371,0.9906560857513365
0.3471686818926559,0.9907134820125141
0.3544455673970436,0.9907705257093692
0.3618749812411277,0.990827219007576
0.3694601205199303,0.9908835640595055
0.3772042493417002,0.9909395630043081
0.3851107002325569,0.9909952179679934
0.393182875570577,0.9910505310635124
0.4014242490499318,0.9911055043908364
0.4098383671757261,0.9911601400370379
0.4184288507901585,0.9912144400763689
0.4271993966306777,0.9912684065703402
0.4361537789208006,0.9913220415677995
0.4452958509942651,0.9913753471050089
0.4546295469532399,0.9914283252057228
0.4641588833612782,0.9914809778812642
0.4738879609717651,0.9915333071306016
0.4838209664925957,0.9915853149404241
0.4939621743878316,0.9916370032852179
0.5043159487171359,0.9916883741273398
0.5148867450137498,0.9917394294170935
0.5256791122018419,0.9917901710928019
0.5366976945540476,0.9918406010808819
0.5479472336900282,0.9918907212959173
0.5594325706169377,0.9919405336407308
0.5711586478126435,0.991990040006457
0.5831305113526218,0.9920392422726141
0.595353313081437,0.992088142307175
0.6078323128297224,0.9921367419666381
0.62057288067765,0.9921850430960983
0.6335804992658254,0.9922330475293168
0.6468607661546321,0.9922807570887903
0.6604193962330305,0.9923281735858208
0.6742622241778335,0.9923752988205843
0.6883952069645496,0.9924221345821987
0.7028244264308353,0.9924686826487921
0.7175560918936921,0.9925149447875701
0.732596542821523,0.9925609227548833
0.7479522515621814,0.9926066182962933
0.7636298261282242,0.9926520331466396
0.7796360130405237,0.9926971690301052
0.7959777002314977,0.992742027660282
0.8126619200091946,0.9927866107402359
0.8296958520834898,0.9928309199625717
0.8470868266557402,0.9928749570094967
0.8648423275731727,0.9929187235528855
0.8829699955494082,0.9929622212543426
0.9014776314524917,0.9930054517652662
0.9203731996618231,0.9930484167269105
0.9396648314954691,0.9930911177704477
0.9593608287093147,0.9931335565170308
0.9794696670695385,0.9931757345778544
1,0.993217653554216
1.020960662306048,0.9932593150375773
1.042360673976403,0.9933007206096238
1.064209244064722,0.9933418718423256
1.086515774652537,0.9933827702979965
1.109289864895223,0.9934234175293539
1.132541315152813,0.9934638150795772
1.156280131207378,0.9935039644823664
1.180516528568803,0.9935438672620011
1.205260936870841,0.9935835249333973
1.230524004359262,0.9936229390021657
1.256316602474121,0.9936621109646684
1.282649830528062,0.9937010423080761
1.309535020482665,0.9937397345104242
1.336983741824945,0.9937781890406692
1.365007806546014,0.9938164073587441
1.393619274224144,0.9938543909156142
1.422830457214355,0.9938921411533321
1.452653925946778,0.9939296595050925
1.483102514336103,0.9939669473952861
1.514189325304352,0.9940040062395545
1.545927736419479,0.9940408374448434
1.57833140565212,0.9940774424094561
1.611414277253017,0.9941138225231065
1.645190587753661,0.9941499791669723
1.679674872092653,0.9941859137137471
1.714881969870541,0.9942216275276922
1.750827031735727,0.994257121964689
1.787525525904232,0.9942923983722901
1.824993244816151,0.9943274580897707
1.86324631193156,0.9943623024481795
1.902301188668946,0.9943969327703885
1.942174681489028,0.9944313503711444
1.982883949127067,0.9944655565571172
2.024446509976802,0.9944995526269513
2.066880249629082,0.9945333398713133
2.110203428568596,0.9945669195729422
2.154434690031886,0.9946002930066973
2.19959306803007,0.9946334614396068
2.245697995539772,0.9946664261309167
2.292769312865649,0.994699188332137
2.340827276178294,0.9947317492870907
2.389892566231053,0.9947641102319604
2.439986297259545,0.994796272395335
2.491130026067786,0.994828236998257
2.543345761304648,0.994860005254268
2.596655972934872,0.9948915783694557
2.651083601908542,0.9949229575424993
2.706652070033236,0.9949541439647144
2.763385290053167,0.9949851388200993
2.821307675939471,0.9950159432853792
2.880444153396298,0.9950465585300512
2.940820170587067,0.9950769857164284
3.002461709085543,0.9951072259996846
3.065395295056524,0.9951372805278975
3.12964801067075,0.9951671504420927
3.195247505759214,0.9951968368762868
3.262222009711673,0.9952263409575306
3.330600343624582,0.9952556638059519
3.400411932703703,0.9952848065347978
3.47168681892656,0.9953137702504773
3.544455673970436,0.995342556052603
3.618749812411284,0.9953711650340332
3.694601205199295,0.9953995982809128
3.772042493416994,0.9954278568727154
3.851107002325569,0.9954559418822834
3.93182875570577,0.9954838543758691
4.014242490499326,0.9955115954131754
4.098383671757253,0.9955391660473957
4.184288507901576,0.9955665673252542
4.271993966306777,0.9955938002870454
4.361537789208006,0.9956208659666733
4.45295850994266,0.9956477653916915
4.54629546953239,0.9956744995833415
4.641588833612772,0.9957010695565917
4.738879609717651,0.9957274763201758
4.838209664925957,0.9957537208766314
4.939621743878326,0.9957798042223377
5.043159487171349,0.9958057273475537
5.148867450137487,0.9958314912364554
5.256791122018419,0.9958570968671736
5.366976945540476,0.9958825452118306
5.479472336900293,0.9959078372365774
5.594325706169389,0.9959329739016303
5.711586478126423,0.9959579561613071
5.831305113526219,0.995982784964064
5.95353313081437,0.9960074612525308
6.078323128297236,0.9960319859635474
6.205728806776513,0.9960563600281986
6.335804992658241,0.9960805843718504
6.46860766154632,0.9961046599141842
6.604193962330306,0.9961285875692323
6.742622241778349,0.9961523682454125
6.883952069645511,0.9961760028455624
7.028244264308339,0.9961994922669738
7.175560918936921,0.9962228374014268
7.32596542821523,0.9962460391352236
7.479522515621829,0.9962690983492224
7.636298261282257,0.9962920159188701
7.796360130405221,0.9963147927142365
7.959777002314977,0.9963374296000467
8.126619200091946,0.9963599274357142
8.296958520834915,0.9963822870753732
8.470868266557419,0.9964045093679117
8.648423275731709,0.9964265951570027
8.829699955494084,0.9964485452811375
9.014776314524918,0.9964703605736562
9.203731996618231,0.9964920418627804
9.39664831495471,0.9965135899716443
9.593608287093128,0.9965350057183254
9.794696670695386,0.9965562899158766
10,0.9965774433723562
