#Weibull aproximation vs Original set
#W(x), W(CDF) 
1e-08,0.2165576842957013
1.020960662306048e-08,0.2169851980513628
1.042360673976401e-08,0.2174134338698342
1.064209244064725e-08,0.2178423924464249
1.086515774652537e-08,0.2182720744746749
1.109289864895223e-08,0.2187024806463416
1.132541315152813e-08,0.2191336116513847
1.156280131207375e-08,0.2195654681779527
1.180516528568806e-08,0.2199980509123683
1.205260936870841e-08,0.2204313605391142
1.230524004359262e-08,0.2208653977408187
1.256316602474122e-08,0.2213001631982412
1.28264983052806e-08,0.2217356575902579
1.309535020482668e-08,0.2221718815938478
1.336983741824945e-08,0.2226088358840767
1.365007806546014e-08,0.2230465211340841
1.393619274224144e-08,0.223484938015068
1.422830457214352e-08,0.2239240871962699
1.452653925946781e-08,0.2243639693449603
1.483102514336103e-08,0.2248045851264241
1.514189325304352e-08,0.2252459352039455
1.545927736419478e-08,0.225688020238793
1.578331405652117e-08,0.2261308408902045
1.61141427725302e-08,0.2265743978153728
1.645190587753661e-08,0.2270186916694296
1.679674872092653e-08,0.2274637231054311
1.714881969870541e-08,0.2279094927743427
1.750827031735723e-08,0.2283560013250236
1.787525525904235e-08,0.228803249404212
1.824993244816151e-08,0.2292512376565088
1.86324631193156e-08,0.2296999667243635
1.902301188668946e-08,0.2301494372480578
1.942174681489025e-08,0.2305996498656907
1.982883949127072e-08,0.2310506052131626
2.024446509976802e-08,0.23150230392416
2.066880249629082e-08,0.2319547466301399
2.110203428568597e-08,0.2324079339603139
2.154434690031882e-08,0.2328618665416324
2.199593068030075e-08,0.2333165449987694
2.245697995539776e-08,0.233771969954106
2.292769312865649e-08,0.2342281420277149
2.340827276178294e-08,0.2346850618373446
2.389892566231048e-08,0.2351427299984027
2.43998629725955e-08,0.2356011471239408
2.491130026067791e-08,0.236060313824638
2.543345761304648e-08,0.2365202307087843
2.596655972934873e-08,0.2369808983822654
2.651083601908536e-08,0.2374423174485457
2.706652070033241e-08,0.2379044885086522
2.763385290053173e-08,0.2383674121611582
2.821307675939471e-08,0.2388310890021671
2.880444153396298e-08,0.2392955196252955
2.940820170587061e-08,0.2397607046216571
3.002461709085549e-08,0.240226644579846
3.06539529505653e-08,0.2406933400859202
3.12964801067075e-08,0.2411607917233847
3.195247505759214e-08,0.2416290000731753
3.262222009711667e-08,0.2420979657136411
3.330600343624589e-08,0.2425676892205283
3.40041193270371e-08,0.2430381711669632
3.471686818926559e-08,0.2435094121234354
3.544455673970436e-08,0.2439814126577803
3.618749812411276e-08,0.2444541733351628
3.694601205199302e-08,0.2449276947180599
3.772042493417001e-08,0.2454019773662433
3.851107002325569e-08,0.2458770218367627
3.93182875570577e-08,0.2463528286839288
4.014242490499318e-08,0.2468293984592952
4.098383671757262e-08,0.2473067317116415
4.184288507901584e-08,0.2477848289869564
4.271993966306777e-08,0.2482636908284193
4.361537789208006e-08,0.2487433177763836
4.45295850994266e-08,0.2492237103683592
4.546295469532399e-08,0.2497048691389941
4.641588833612782e-08,0.250186794620058
4.738879609717651e-08,0.2506694873404233
4.838209664925958e-08,0.2511529478260484
4.939621743878326e-08,0.2516371765999593
5.043159487171359e-08,0.2521221741822323
5.148867450137498e-08,0.2526079410899755
5.256791122018419e-08,0.2530944778373113
5.366976945540476e-08,0.2535817849353585
5.479472336900293e-08,0.2540698628922137
5.594325706169378e-08,0.2545587122129335
5.711586478126435e-08,0.2550483333995169
5.831305113526219e-08,0.2555387269508861
5.95353313081437e-08,0.2560298933628691
6.078323128297236e-08,0.2565218331281809
6.2057288067765e-08,0.2570145467364053
6.335804992658255e-08,0.2575080346739769
6.46860766154632e-08,0.2580022974241616
6.604193962330306e-08,0.2584973354670395
6.742622241778349e-08,0.2589931492794851
6.883952069645497e-08,0.2594897393351495
7.028244264308353e-08,0.2599871061044414
7.175560918936921e-08,0.2604852500545086
7.32596542821523e-08,0.2609841716492188
7.479522515621828e-08,0.2614838713491415
7.636298261282242e-08,0.2619843496115285
7.796360130405237e-08,0.2624856068902953
7.959777002314978e-08,0.262987643636002
8.126619200091946e-08,0.2634904602958349
8.296958520834915e-08,0.2639940573135863
8.470868266557402e-08,0.2644984351296361
8.648423275731727e-08,0.2650035941809331
8.829699955494083e-08,0.2655095349009747
9.014776314524918e-08,0.2660162577197885
9.20373199661823e-08,0.2665237630639127
9.396648314954691e-08,0.2670320513563764
9.593608287093146e-08,0.267541123016681
9.794696670695386e-08,0.26805097846078
1e-07,0.2685616181010598
1.020960662306048e-07,0.2690730423463202
1.042360673976401e-07,0.2695852516017546
1.064209244064725e-07,0.2700982462689305
1.086515774652537e-07,0.2706120267457698
1.109289864895223e-07,0.271126593426529
1.132541315152813e-07,0.2716419467017791
1.156280131207375e-07,0.2721580869583864
1.180516528568806e-07,0.2726750145794921
1.205260936870841e-07,0.2731927299444923
1.230524004359261e-07,0.2737112334290186
1.256316602474121e-07,0.2742305254049172
1.28264983052806e-07,0.2747506062402296
1.309535020482668e-07,0.2752714762991717
1.336983741824945e-07,0.2757931359421144
1.365007806546014e-07,0.2763155855255627
1.393619274224144e-07,0.2768388254021357
1.422830457214352e-07,0.2773628559205463
1.452653925946781e-07,0.2778876774255807
1.483102514336103e-07,0.278413290258078
1.514189325304352e-07,0.2789396947549098
1.545927736419479e-07,0.2794668912489594
1.578331405652117e-07,0.2799948800691016
1.61141427725302e-07,0.2805236615401817
1.645190587753661e-07,0.2810532359829954
1.679674872092653e-07,0.2815836037142673
1.714881969870541e-07,0.2821147650466307
1.750827031735723e-07,0.2826467202886065
1.787525525904236e-07,0.2831794697445827
1.824993244816151e-07,0.283713013714793
1.86324631193156e-07,0.2842473524952963
1.902301188668946e-07,0.2847824863779553
1.942174681489024e-07,0.2853184156504158
1.982883949127071e-07,0.2858551405960854
2.024446509976802e-07,0.2863926614941125
2.066880249629082e-07,0.2869309786193648
2.110203428568597e-07,0.2874700922424087
2.154434690031882e-07,0.2880100026294872
2.199593068030075e-07,0.2885507100424993
2.245697995539772e-07,0.2890922147389784
2.292769312865649e-07,0.2896345169720705
2.340827276178294e-07,0.2901776169905136
2.389892566231048e-07,0.2907215150386149
2.43998629725955e-07,0.2912662113562309
2.491130026067786e-07,0.2918117061787444
2.543345761304648e-07,0.2923579997370436
2.596655972934872e-07,0.2929050922575001
2.651083601908536e-07,0.2934529839619474
2.706652070033241e-07,0.2940016750676594
2.763385290053167e-07,0.2945511657873274
2.82130767593947e-07,0.2951014563290401
2.880444153396298e-07,0.2956525468962597
2.940820170587061e-07,0.2962044376878018
3.002461709085549e-07,0.296757128897812
3.065395295056524e-07,0.2973106207157449
3.12964801067075e-07,0.2978649133263411
3.195247505759214e-07,0.298420006909606
3.262222009711673e-07,0.2989759016407871
3.330600343624589e-07,0.2995325976903518
3.400411932703703e-07,0.3000900952239653
3.471686818926559e-07,0.3006483944024688
3.544455673970435e-07,0.3012074953818562
3.618749812411284e-07,0.3017673983132523
3.694601205199302e-07,0.3023281033428905
3.772042493416994e-07,0.3028896106120903
3.851107002325569e-07,0.3034519202572346
3.93182875570577e-07,0.3040150324097475
4.014242490499326e-07,0.3045789471960713
4.098383671757261e-07,0.3051436647376442
4.184288507901585e-07,0.3057091851508781
4.271993966306776e-07,0.306275508547135
4.361537789208006e-07,0.3068426350327048
4.45295850994266e-07,0.3074105647087827
4.5462954695324e-07,0.3079792976714459
4.641588833612782e-07,0.3085488340116314
4.738879609717651e-07,0.3091191738151124
4.838209664925957e-07,0.3096903171624764
4.939621743878326e-07,0.3102622641291011
5.043159487171359e-07,0.3108350147851321
5.148867450137498e-07,0.3114085691954599
5.25679112201842e-07,0.3119829274196967
5.366976945540476e-07,0.3125580895121532
5.479472336900293e-07,0.3131340555218158
5.594325706169378e-07,0.3137108254923229
5.711586478126435e-07,0.3142883994619422
5.831305113526218e-07,0.3148667774635472
5.95353313081437e-07,0.3154459595245944
6.078323128297237e-07,0.3160259456670993
6.205728806776501e-07,0.3166067359076131
6.335804992658255e-07,0.3171883302572005
6.468607661546321e-07,0.3177707287214145
6.604193962330305e-07,0.3183539313002745
6.742622241778349e-07,0.3189379379882418
6.883952069645496e-07,0.3195227487741966
7.028244264308353e-07,0.3201083636414148
7.175560918936921e-07,0.3206947825675431
7.32596542821523e-07,0.3212820055245773
7.479522515621828e-07,0.3218700324788369
7.636298261282241e-07,0.3224588633909427
7.796360130405236e-07,0.3230484982157921
7.959777002314978e-07,0.3236389369025362
8.126619200091945e-07,0.3242301793945559
8.296958520834915e-07,0.3248222256294374
8.470868266557403e-07,0.3254150755389494
8.648423275731727e-07,0.3260087290490186
8.829699955494083e-07,0.3266031860797057
9.014776314524917e-07,0.3271984465451824
9.20373199661823e-07,0.3277945103537062
9.396648314954691e-07,0.3283913774075976
9.593608287093148e-07,0.3289890476032155
9.794696670695385e-07,0.3295875208309328
1e-06,0.3301867969751137
1.020960662306047e-06,0.3307868759140881
1.042360673976401e-06,0.3313877575201283
1.064209244064725e-06,0.3319894416594251
1.086515774652537e-06,0.332591928192063
1.109289864895223e-06,0.3331952169719965
1.132541315152813e-06,0.3337993078470257
1.156280131207375e-06,0.334404200658772
1.180516528568805e-06,0.3350098952426541
1.205260936870841e-06,0.3356163914278636
1.230524004359262e-06,0.3362236890373409
1.256316602474121e-06,0.3368317878877505
1.28264983052806e-06,0.3374406877894567
1.309535020482668e-06,0.3380503885464997
1.336983741824945e-06,0.338660889956571
1.365007806546014e-06,0.3392721918109886
1.393619274224143e-06,0.3398842938946731
1.422830457214352e-06,0.340497195986123
1.452653925946781e-06,0.3411108978573906
1.483102514336103e-06,0.3417253992740565
1.514189325304352e-06,0.3423406999952068
1.545927736419479e-06,0.3429567997734067
1.57833140565212e-06,0.3435736983546773
1.61141427725302e-06,0.3441913954784706
1.645190587753661e-06,0.3448098908776445
1.679674872092653e-06,0.3454291842784395
1.714881969870541e-06,0.3460492754004523
1.750827031735727e-06,0.3466701639566127
1.787525525904235e-06,0.3472918496531581
1.82499324481615e-06,0.3479143321896091
1.86324631193156e-06,0.3485376112587452
1.902301188668946e-06,0.3491616865465792
1.942174681489028e-06,0.3497865577323335
1.982883949127071e-06,0.3504122244884147
2.024446509976802e-06,0.3510386864803893
2.066880249629082e-06,0.3516659433669588
2.110203428568597e-06,0.3522939947999347
2.154434690031886e-06,0.3529228404242145
2.199593068030075e-06,0.3535524798777557
2.245697995539772e-06,0.3541829127915525
2.292769312865649e-06,0.3548141387896098
2.340827276178294e-06,0.3554461574889189
2.389892566231052e-06,0.3560789684994329
2.43998629725955e-06,0.3567125714240411
2.491130026067786e-06,0.3573469658585455
2.543345761304648e-06,0.3579821513916347
2.596655972934872e-06,0.3586181276048597
2.651083601908542e-06,0.3592548940726086
2.706652070033241e-06,0.3598924503620823
2.763385290053167e-06,0.3605307960332695
2.821307675939471e-06,0.3611699306389219
2.880444153396298e-06,0.3618098537245288
2.940820170587067e-06,0.3624505648282926
3.002461709085549e-06,0.3630920634811043
3.065395295056524e-06,0.3637343492065181
3.129648010670751e-06,0.3643774215207269
3.195247505759214e-06,0.365021279932537
3.262222009711673e-06,0.3656659239433433
3.330600343624589e-06,0.3663113530471052
3.400411932703702e-06,0.3669575667303205
3.47168681892656e-06,0.3676045644720016
3.544455673970436e-06,0.3682523457436501
3.618749812411284e-06,0.3689009100092316
3.694601205199302e-06,0.3695502567251517
3.772042493416993e-06,0.3702003853402306
3.851107002325569e-06,0.3708512952956783
3.93182875570577e-06,0.3715029860250696
4.014242490499326e-06,0.3721554569543195
4.098383671757261e-06,0.3728087075016585
4.184288507901576e-06,0.3734627370776072
4.271993966306777e-06,0.3741175450849524
4.361537789208005e-06,0.3747731309187209
4.45295850994266e-06,0.3754294939661561
4.5462954695324e-06,0.3760866336066921
4.641588833612773e-06,0.37674454921193
4.738879609717651e-06,0.3774032401456121
4.838209664925957e-06,0.3780627057635976
4.939621743878326e-06,0.3787229454138376
5.043159487171359e-06,0.3793839584363508
5.148867450137487e-06,0.3800457441631985
5.25679112201842e-06,0.3807083019184596
5.366976945540476e-06,0.3813716310182065
5.479472336900293e-06,0.3820357307704799
5.594325706169378e-06,0.3827006004752641
5.711586478126423e-06,0.3833662394244628
5.831305113526219e-06,0.3840326469018743
5.95353313081437e-06,0.3846998221831666
6.078323128297237e-06,0.3853677645358525
6.205728806776501e-06,0.3860364732192664
6.335804992658241e-06,0.3867059474845381
6.468607661546321e-06,0.3873761865745693
6.604193962330305e-06,0.3880471897240085
6.742622241778349e-06,0.3887189561592269
6.883952069645496e-06,0.3893914850982936
7.028244264308338e-06,0.3900647757509513
7.175560918936921e-06,0.3907388273185921
7.32596542821523e-06,0.3914136389942326
7.479522515621829e-06,0.3920892099624899
7.636298261282242e-06,0.3927655393995567
7.796360130405221e-06,0.393442626473178
7.959777002314978e-06,0.3941204703426258
8.126619200091945e-06,0.3947990701586751
8.296958520834915e-06,0.3954784250635801
8.470868266557402e-06,0.3961585341910493
8.648423275731709e-06,0.3968393966662219
8.829699955494083e-06,0.3975210116056435
9.014776314524917e-06,0.3982033781172413
9.20373199661823e-06,0.3988864953003013
9.396648314954691e-06,0.3995703622454432
9.593608287093147e-06,0.4002549780345968
9.794696670695386e-06,0.4009403417409778
1e-05,0.4016264524290644
1.020960662306048e-05,0.4023133091545726
1.042360673976401e-05,0.403000910964433
1.064209244064725e-05,0.4036892568967666
1.086515774652537e-05,0.404378345980861
1.109289864895223e-05,0.4050681772371471
1.132541315152813e-05,0.4057587496771746
1.156280131207375e-05,0.4064500623035894
1.180516528568806e-05,0.4071421141101087
1.205260936870841e-05,0.4078349040814985
1.230524004359262e-05,0.4085284311935498
1.256316602474121e-05,0.4092226944130545
1.28264983052806e-05,0.4099176926977828
1.309535020482668e-05,0.4106134249964593
1.336983741824945e-05,0.4113098902487397
1.365007806546014e-05,0.412007087385188
1.393619274224143e-05,0.4127050153272525
1.422830457214352e-05,0.4134036729872427
1.452653925946781e-05,0.414103059268307
1.483102514336103e-05,0.4148031730644088
1.514189325304352e-05,0.4155040132603036
1.545927736419479e-05,0.4162055787315161
1.578331405652116e-05,0.4169078683443171
1.61141427725302e-05,0.4176108809557015
1.645190587753661e-05,0.4183146154133638
1.679674872092653e-05,0.4190190705556772
1.714881969870541e-05,0.4197242452116695
1.750827031735727e-05,0.4204301382010012
1.787525525904236e-05,0.4211367483339425
1.82499324481615e-05,0.4218440744113514
1.86324631193156e-05,0.4225521152246509
1.902301188668946e-05,0.4232608695558059
1.942174681489028e-05,0.4239703361773022
1.982883949127071e-05,0.4246805138521232
2.024446509976802e-05,0.4253914013337284
2.066880249629082e-05,0.426102997366031
2.110203428568597e-05,0.4268153006833754
2.154434690031887e-05,0.4275283100105162
2.199593068030075e-05,0.4282420240625952
2.245697995539772e-05,0.4289564415451205
2.292769312865649e-05,0.4296715611539441
2.340827276178294e-05,0.4303873815752405
2.389892566231053e-05,0.4311039014854849
2.43998629725955e-05,0.431821119551432
2.491130026067786e-05,0.432539034430094
2.543345761304648e-05,0.4332576447687198
2.596655972934872e-05,0.4339769492047729
2.651083601908542e-05,0.4346969463659112
2.706652070033241e-05,0.4354176348699648
2.763385290053167e-05,0.4361390133249158
2.821307675939471e-05,0.4368610803288768
2.880444153396298e-05,0.4375838344700702
2.940820170587067e-05,0.4383072743268072
3.002461709085549e-05,0.439031398467467
3.065395295056524e-05,0.4397562054504768
3.12964801067075e-05,0.4404816938242905
3.195247505759214e-05,0.4412078621273684
3.262222009711673e-05,0.4419347088881572
3.330600343624589e-05,0.4426622326250691
3.400411932703703e-05,0.4433904318464623
3.471686818926559e-05,0.4441193050506202
3.544455673970435e-05,0.4448488507257321
3.618749812411284e-05,0.4455790673498724
3.694601205199302e-05,0.4463099533909818
3.772042493416993e-05,0.4470415073068468
3.851107002325569e-05,0.4477737275450804
3.93182875570577e-05,0.4485066125431026
4.014242490499326e-05,0.4492401607281211
4.098383671757261e-05,0.4499743705171112
4.184288507901576e-05,0.4507092403167978
4.271993966306776e-05,0.4514447685236357
4.361537789208006e-05,0.4521809535237901
4.45295850994266e-05,0.4529177936931186
4.5462954695324e-05,0.4536552873971514
4.641588833612772e-05,0.4543934329910744
4.738879609717651e-05,0.4551322288197083
4.838209664925957e-05,0.4558716732174917
4.939621743878326e-05,0.4566117645084626
5.043159487171359e-05,0.4573525010062394
5.148867450137487e-05,0.4580938810140037
5.256791122018419e-05,0.4588359028244819
5.366976945540476e-05,0.4595785647199272
5.479472336900293e-05,0.4603218649721019
5.594325706169377e-05,0.4610658018422598
5.711586478126424e-05,0.4618103735811286
5.831305113526218e-05,0.4625555784288933
5.95353313081437e-05,0.463301414615177
6.078323128297237e-05,0.4640478803590262
6.2057288067765e-05,0.4647949738688913
6.335804992658241e-05,0.4655426933426119
6.468607661546321e-05,0.4662910369673986
6.604193962330305e-05,0.4670400029198168
6.742622241778349e-05,0.4677895893657704
6.883952069645496e-05,0.4685397944604848
7.028244264308338e-05,0.4692906163484915
7.175560918936922e-05,0.4700420531636111
7.32596542821523e-05,0.4707941030289383
7.479522515621829e-05,0.4715467640568251
7.636298261282242e-05,0.4723000343488652
7.79636013040522e-05,0.4730539119958797
7.959777002314978e-05,0.4738083950778998
8.126619200091945e-05,0.474563481664153
8.296958520834916e-05,0.4753191698130469
8.470868266557403e-05,0.4760754575721551
8.648423275731709e-05,0.4768323429782015
8.829699955494083e-05,0.4775898240570468
9.014776314524917e-05,0.4783478988236722
9.203731996618231e-05,0.4791065652821668
9.39664831495469e-05,0.4798658214257119
9.593608287093147e-05,0.4806256652365678
9.794696670695385e-05,0.4813860946860595
0.0001,0.4821471077345632
0.0001020960662306048,0.4829087023314917
0.0001042360673976401,0.4836708764152825
0.0001064209244064725,0.4844336279133831
0.0001086515774652537,0.4851969547422382
0.0001109289864895223,0.4859608548072775
0.0001132541315152813,0.4867253260029013
0.0001156280131207375,0.4874903662124694
0.0001180516528568806,0.4882559733082876
0.0001205260936870841,0.4890221451515957
0.0001230524004359262,0.4897888795925553
0.0001256316602474122,0.4905561744702378
0.000128264983052806,0.4913240276126123
0.0001309535020482668,0.4920924368365343
0.0001336983741824945,0.492861399947734
0.0001365007806546014,0.4936309147408054
0.0001393619274224143,0.4944009789991942
0.0001422830457214352,0.4951715904951877
0.0001452653925946781,0.4959427469899038
0.0001483102514336103,0.4967144462332802
0.0001514189325304352,0.4974866859640642
0.0001545927736419478,0.4982594639098022
0.0001578331405652116,0.4990327777868299
0.000161141427725302,0.4998066253002623
0.0001645190587753661,0.5005810041439841
0.0001679674872092653,0.5013559120006401
0.0001714881969870541,0.5021313465416256
0.0001750827031735723,0.502907305427078
0.0001787525525904235,0.5036837863058674
0.0001824993244816151,0.5044607868155876
0.000186324631193156,0.5052383045825484
0.0001902301188668946,0.5060163372217664
0.0001942174681489025,0.5067948823369572
0.0001982883949127071,0.5075739375205278
0.0002024446509976802,0.508353500353568
0.0002066880249629082,0.5091335684058439
0.0002110203428568597,0.5099141392357898
0.0002154434690031882,0.5106952103905009
0.0002199593068030075,0.5114767794057278
0.0002245697995539772,0.5122588438058677
0.0002292769312865649,0.5130414011039597
0.0002340827276178294,0.5138244488016774
0.0002389892566231048,0.514607984389323
0.000243998629725955,0.5153920053458221
0.0002491130026067791,0.5161765091387173
0.0002543345761304648,0.5169614932241626
0.0002596655972934873,0.5177469550469194
0.0002651083601908536,0.51853289204035
0.0002706652070033241,0.5193193016264138
0.0002763385290053172,0.5201061812156623
0.0002821307675939471,0.5208935282072349
0.0002880444153396298,0.5216813399888548
0.000294082017058706,0.5224696139368252
0.0003002461709085549,0.5232583474160255
0.000306539529505653,0.5240475377799079
0.000312964801067075,0.5248371823704939
0.0003195247505759214,0.5256272785183724
0.0003262222009711667,0.5264178235426953
0.0003330600343624589,0.5272088147511768
0.000340041193270371,0.5280002494400897
0.000347168681892656,0.528792124894264
0.0003544455673970436,0.5295844383870854
0.0003618749812411277,0.5303771871804931
0.0003694601205199302,0.5311703685249791
0.0003772042493417001,0.5319639796595867
0.0003851107002325569,0.5327580178119099
0.000393182875570577,0.5335524801980929
0.0004014242490499318,0.5343473640228296
0.0004098383671757261,0.5351426664793638
0.0004184288507901585,0.5359383847494892
0.0004271993966306776,0.5367345160035498
0.0004361537789208006,0.5375310574004408
0.0004452958509942651,0.5383280060876093
0.0004546295469532399,0.5391253592010559
0.0004641588833612782,0.5399231138653355
0.0004738879609717651,0.54072126719356
0.0004838209664925957,0.5415198162873992
0.0004939621743878316,0.5423187582370841
0.0005043159487171359,0.5431180901214085
0.0005148867450137498,0.5439178090077326
0.0005256791122018419,0.5447179119519853
0.0005366976945540476,0.5455183959986681
0.0005479472336900282,0.5463192581808585
0.0005594325706169377,0.547120495520214
0.0005711586478126435,0.5479221050269756
0.0005831305113526219,0.5487240836999732
0.000595353313081437,0.5495264285266296
0.0006078323128297224,0.5503291364829657
0.0006205728806776501,0.5511322045336057
0.0006335804992658254,0.5519356296317827
0.0006468607661546321,0.5527394087193445
0.0006604193962330305,0.5535435387267595
0.0006742622241778335,0.5543480165731236
0.0006883952069645496,0.5551528391661662
0.0007028244264308353,0.5559580034022577
0.0007175560918936921,0.556763506166416
0.000732596542821523,0.5575693443323155
0.0007479522515621828,0.5583755147622933
0.0007636298261282241,0.5591820143073583
0.0007796360130405237,0.559988839807199
0.0007959777002314978,0.560795988090193
0.0008126619200091946,0.5616034559734157
0.0008296958520834915,0.5624112402626489
0.0008470868266557402,0.5632193377523914
0.0008648423275731727,0.5640277452258688
0.0008829699955494083,0.5648364594550429
0.0009014776314524918,0.5656454772006234
0.000920373199661823,0.5664547952120776
0.000939664831495469,0.5672644102276426
0.0009593608287093146,0.568074318974336
0.0009794696670695387,0.568884518167968
0.001,0.5696950045131534
0.001020960662306047,0.570505774703324
0.001042360673976401,0.5713168254207412
0.001064209244064725,0.5721281533365099
0.001086515774652537,0.57293975511059
0.001109289864895223,0.5737516273918122
0.001132541315152813,0.5745637668178902
0.001156280131207375,0.5753761700154364
0.001180516528568806,0.5761888335999756
0.001205260936870841,0.5770017541759607
0.001230524004359262,0.577814928336787
0.001256316602474122,0.5786283526648091
0.00128264983052806,0.5794420237313557
0.001309535020482668,0.5802559380967467
0.001336983741824945,0.5810700923103094
0.001365007806546014,0.5818844829103955
0.001393619274224143,0.5826991064243986
0.001422830457214352,0.5835139593687714
0.001452653925946781,0.5843290382490443
0.001483102514336103,0.585144339559843
0.001514189325304352,0.5859598597849077
0.001545927736419478,0.5867755953971121
0.001578331405652117,0.5875915428584818
0.00161141427725302,0.5884076986202156
0.001645190587753661,0.5892240591227039
0.001679674872092653,0.5900406207955504
0.001714881969870541,0.5908573800575918
0.001750827031735723,0.5916743333169194
0.001787525525904235,0.5924914769709007
0.00182499324481615,0.5933088074062003
0.00186324631193156,0.5941263209988035
0.001902301188668946,0.5949440141140371
0.001942174681489024,0.5957618831065936
0.001982883949127072,0.5965799243205541
0.002024446509976802,0.5973981340894111
0.002066880249629082,0.5982165087360933
0.002110203428568597,0.5990350445729898
0.002154434690031882,0.5998537379019742
0.002199593068030075,0.6006725850144301
0.002245697995539772,0.6014915821912763
0.002292769312865649,0.6023107257029932
0.002340827276178294,0.6031300118096475
0.002389892566231048,0.6039494367609202
0.00243998629725955,0.6047689967961324
0.002491130026067791,0.6055886881442734
0.002543345761304648,0.6064085070240273
0.002596655972934872,0.6072284496438023
0.002651083601908536,0.6080485122017578
0.002706652070033241,0.6088686908858341
0.002763385290053173,0.6096889818737807
0.002821307675939471,0.6105093813331866
0.002880444153396298,0.6113298854215095
0.002940820170587061,0.6121504902861064
0.003002461709085549,0.6129711920642649
0.00306539529505653,0.6137919868832327
0.00312964801067075,0.6146128708602501
0.003195247505759214,0.6154338401025823
0.003262222009711667,0.6162548907075499
0.003330600343624588,0.6170760187625635
0.00340041193270371,0.6178972203451548
0.003471686818926559,0.6187184915230115
0.003544455673970436,0.6195398283540101
0.003618749812411277,0.6203612268862505
0.003694601205199302,0.6211826831580907
0.003772042493417001,0.6220041931981808
0.003851107002325569,0.6228257530254997
0.003931828755705771,0.6236473586493902
0.004014242490499318,0.6244690060695945
0.004098383671757262,0.6252906912762923
0.004184288507901585,0.6261124102501361
0.004271993966306777,0.6269341589622893
0.004361537789208006,0.6277559333744647
0.004452958509942651,0.628577729438961
0.0045462954695324,0.6293995430987028
0.004641588833612782,0.630221370287279
0.004738879609717651,0.631043206928982
0.004838209664925958,0.6318650489388478
0.004939621743878316,0.632686892222696
0.005043159487171359,0.6335087326771711
0.005148867450137497,0.6343305661897822
0.005256791122018419,0.6351523886389452
0.005366976945540477,0.6359741958940255
0.005479472336900281,0.6367959838153778
0.005594325706169377,0.6376177482543921
0.005711586478126435,0.6384394850535335
0.005831305113526219,0.6392611900463883
0.00595353313081437,0.6400828590577063
0.006078323128297224,0.6409044879034458
0.0062057288067765,0.6417260723908182
0.006335804992658254,0.6425476083183337
0.006468607661546321,0.6433690914758456
0.006604193962330305,0.6441905176445979
0.006742622241778335,0.6450118825972704
0.006883952069645496,0.645833182098027
0.007028244264308352,0.646654411902561
0.007175560918936921,0.6474755677581451
0.00732596542821523,0.6482966454036776
0.007479522515621813,0.6491176405697323
0.007636298261282242,0.6499385489786067
0.007796360130405237,0.6507593663443718
0.007959777002314978,0.6515800883729217
0.008126619200091946,0.6524007107620243
0.008296958520834915,0.6532212292013716
0.008470868266557402,0.6540416393726307
0.008648423275731726,0.6548619369494961
0.008829699955494083,0.6556821175977409
0.009014776314524917,0.6565021769752697
0.00920373199661823,0.6573221107321712
0.009396648314954691,0.6581419145107718
0.009593608287093146,0.6589615839456888
0.009794696670695385,0.6597811146638856
0.01,0.6606005022847248
0.01020960662306048,0.6614197424200243
0.01042360673976401,0.6622388306741129
0.01064209244064725,0.6630577626438854
0.01086515774652537,0.663876533918859
0.01109289864895223,0.6646951400812311
0.01132541315152813,0.6655135767059357
0.01156280131207375,0.6663318393607007
0.01180516528568806,0.6671499236061071
0.01205260936870841,0.667967824995646
0.01230524004359262,0.6687855390757795
0.01256316602474121,0.6696030613859982
0.0128264983052806,0.6704203874588821
0.01309535020482668,0.6712375128201611
0.01336983741824945,0.6720544329887743
0.01365007806546014,0.6728711434769334
0.01393619274224144,0.6736876397901819
0.01422830457214352,0.6745039174274587
0.01452653925946781,0.6753199718811606
0.01483102514336103,0.6761357986372039
0.01514189325304352,0.6769513931750892
0.01545927736419479,0.6777667509679645
0.01578331405652117,0.6785818674826893
0.0161141427725302,0.6793967381799
0.01645190587753661,0.6802113585140742
0.01679674872092653,0.6810257239335968
0.01714881969870541,0.6818398298808259
0.01750827031735723,0.6826536717921587
0.01787525525904235,0.6834672450980996
0.0182499324481615,0.684280545223326
0.0186324631193156,0.6850935675867575
0.01902301188668946,0.6859063076016234
0.01942174681489025,0.6867187606755309
0.01982883949127071,0.6875309222105354
0.02024446509976802,0.6883427876032086
0.02066880249629082,0.6891543522447098
0.02110203428568597,0.6899656115208557
0.02154434690031882,0.6907765608121907
0.02199593068030075,0.6915871954940596
0.02245697995539772,0.6923975109366778
0.02292769312865649,0.6932075025052047
0.02340827276178294,0.6940171655598155
0.02389892566231048,0.6948264954557745
0.0243998629725955,0.6956354875435087
0.02491130026067786,0.6964441371686816
0.02543345761304648,0.6972524396722678
0.02596655972934872,0.6980603903906275
0.02651083601908536,0.6988679846555819
0.02706652070033241,0.6996752177944885
0.02763385290053173,0.700482085130318
0.02821307675939471,0.7012885819817301
0.02880444153396298,0.7020947036631509
0.02940820170587061,0.7029004454848502
0.03002461709085549,0.7037058027530192
0.0306539529505653,0.7045107707698491
0.03129648010670751,0.7053153448336094
0.03195247505759213,0.7061195202387274
0.03262222009711666,0.7069232922758677
0.03330600343624589,0.7077266562320121
0.0340041193270371,0.7085296073905404
0.03471686818926559,0.7093321410313103
0.03544455673970436,0.7101342524307401
0.03618749812411277,0.7109359368618894
0.03694601205199302,0.7117371895945415
0.03772042493417001,0.7125380058952862
0.03851107002325569,0.7133383810276024
0.0393182875570577,0.7141383102519422
0.04014242490499318,0.7149377888258139
0.04098383671757262,0.7157368120038672
0.04184288507901585,0.7165353750379766
0.04271993966306777,0.7173334731773282
0.04361537789208006,0.7181311016685039
0.04452958509942651,0.7189282557555678
0.04546295469532399,0.719724930680153
0.04641588833612782,0.7205211216815476
0.04738879609717651,0.7213168239967821
0.04838209664925957,0.722112032860718
0.04939621743878315,0.7229067435061343
0.05043159487171359,0.7237009511638169
0.05148867450137497,0.7244946510626475
0.05256791122018419,0.7252878384296926
0.05366976945540476,0.7260805084902928
0.05479472336900281,0.7268726564681536
0.05594325706169378,0.7276642775854358
0.05711586478126435,0.7284553670628455
0.05831305113526219,0.7292459201197268
0.0595353313081437,0.7300359319741522
0.06078323128297224,0.7308253978430154
0.062057288067765,0.7316143129421239
0.06335804992658255,0.7324026724862913
0.0646860766154632,0.7331904716894312
0.06604193962330306,0.7339777057646505
0.06742622241778336,0.7347643699243435
0.06883952069645496,0.7355504593802865
0.07028244264308353,0.7363359693437328
0.07175560918936921,0.7371208950255073
0.0732596542821523,0.7379052316361031
0.07479522515621813,0.7386889743857765
0.07636298261282241,0.7394721184846444
0.07796360130405237,0.7402546591427799
0.07959777002314977,0.7410365915703108
0.08126619200091946,0.7418179109775158
0.08296958520834916,0.7425986125749235
0.08470868266557402,0.74337869157341
0.08648423275731726,0.7441581431842978
0.08829699955494083,0.7449369626194547
0.09014776314524918,0.7457151450913935
0.09203731996618231,0.7464926858133712
0.09396648314954691,0.7472695799994897
0.09593608287093147,0.7480458228647957
0.09794696670695385,0.748821409625382
0.1,0.7495963354984889
0.1020960662306048,0.7503705957026044
0.1042360673976401,0.7511441854575681
0.1064209244064725,0.7519170999846717
0.1086515774652537,0.7526893345067627
0.1109289864895223,0.7534608842483466
0.1132541315152813,0.7542317444356907
0.1156280131207375,0.7550019102969275
0.1180516528568806,0.7557713770621588
0.1205260936870841,0.7565401399635596
0.1230524004359262,0.7573081942354836
0.1256316602474122,0.7580755351145668
0.128264983052806,0.7588421578398341
0.1309535020482668,0.7596080576528043
0.1336983741824945,0.7603732297975958
0.1365007806546014,0.7611376695210338
0.1393619274224144,0.7619013720727557
0.1422830457214352,0.7626643327053185
0.1452653925946781,0.7634265466743068
0.1483102514336103,0.7641880092384385
0.1514189325304352,0.7649487156596746
0.1545927736419478,0.7657086612033259
0.1578331405652116,0.7664678411381618
0.161141427725302,0.7672262507365198
0.1645190587753661,0.7679838852744131
0.1679674872092653,0.7687407400316412
0.1714881969870541,0.7694968102918988
0.1750827031735723,0.7702520913428856
0.1787525525904236,0.7710065784764175
0.182499324481615,0.7717602669885355
0.186324631193156,0.7725131521796176
0.1902301188668946,0.7732652293544893
0.1942174681489025,0.774016493822535
0.1982883949127071,0.7747669408978095
0.2024446509976802,0.7755165658991501
0.2066880249629082,0.7762653641502879
0.2110203428568597,0.7770133309799611
0.2154434690031882,0.7777604617220267
0.2199593068030075,0.7785067517155744
0.2245697995539772,0.7792521963050379
0.2292769312865649,0.7799967908403106
0.2340827276178294,0.7807405306768569
0.2389892566231048,0.7814834111758275
0.243998629725955,0.7822254277041728
0.2491130026067786,0.782966575634757
0.2543345761304648,0.7837068503464736
0.2596655972934873,0.7844462472243586
0.2651083601908536,0.7851847616597066
0.2706652070033241,0.7859223890501857
0.2763385290053172,0.7866591247999524
0.2821307675939471,0.7873949643197676
0.2880444153396298,0.7881299030271124
0.2940820170587061,0.7888639363463037
0.3002461709085549,0.7895970597086109
0.306539529505653,0.7903292685523717
0.312964801067075,0.7910605583231091
0.3195247505759213,0.7917909244736476
0.3262222009711667,0.7925203624642309
0.3330600343624588,0.7932488677626383
0.340041193270371,0.7939764358443022
0.3471686818926559,0.7947030621924256
0.3544455673970436,0.7954287422980998
0.3618749812411277,0.7961534716604215
0.3694601205199303,0.7968772457866117
0.3772042493417002,0.797600060192133
0.3851107002325569,0.7983219104008082
0.393182875570577,0.7990427919449385
0.4014242490499318,0.799762700365422
0.4098383671757261,0.8004816312118722
0.4184288507901585,0.8011995800427371
0.4271993966306777,0.8019165424254178
0.4361537789208006,0.8026325139363877
0.4452958509942651,0.8033474901613111
0.4546295469532399,0.8040614666951635
0.4641588833612782,0.8047744391423497
0.4738879609717651,0.8054864031168241
0.4838209664925957,0.8061973542422096
0.4939621743878316,0.8069072881519183
0.5043159487171359,0.8076162004892696
0.5148867450137498,0.8083240869076118
0.5256791122018419,0.8090309430704403
0.5366976945540476,0.8097367646515189
0.5479472336900282,0.8104415473349991
0.5594325706169377,0.8111452868155403
0.5711586478126435,0.8118479787984304
0.5831305113526218,0.812549618999705
0.595353313081437,0.8132502031462691
0.6078323128297224,0.8139497269760159
0.62057288067765,0.8146481862379482
0.6335804992658254,0.8153455766922986
0.6468607661546321,0.8160418941106494
0.6604193962330305,0.8167371342760537
0.6742622241778335,0.8174312929831551
0.6883952069645496,0.8181243660383092
0.7028244264308353,0.8188163492597031
0.7175560918936921,0.8195072384774764
0.732596542821523,0.8201970295338418
0.7479522515621814,0.8208857182832047
0.7636298261282242,0.8215733005922849
0.7796360130405237,0.8222597723402365
0.7959777002314977,0.8229451294187677
0.8126619200091946,0.8236293677322626
0.8296958520834898,0.8243124831979001
0.8470868266557402,0.8249944717457751
0.8648423275731727,0.8256753293190189
0.8829699955494082,0.8263550518739184
0.9014776314524917,0.8270336353800378
0.9203731996618231,0.8277110758203375
0.9396648314954691,0.8283873691912945
0.9593608287093147,0.8290625115030228
0.9794696670695385,0.8297364987793925
1,0.8304093270581506
1.020960662306048,0.8310809923910399
1.042360673976403,0.8317514908439192
1.064209244064722,0.8324208184968822
1.086515774652537,0.8330889714443779
1.109289864895223,0.8337559457953292
1.132541315152813,0.834421737673252
1.156280131207378,0.8350863432163749
1.180516528568803,0.8357497585777575
1.205260936870841,0.8364119799254102
1.230524004359262,0.8370730034424114
1.256316602474121,0.8377328253270275
1.282649830528062,0.8383914417928304
1.309535020482665,0.8390488490688158
1.336983741824945,0.8397050433995219
1.365007806546014,0.8403600210451464
1.393619274224144,0.8410137782816648
1.422830457214355,0.8416663114009477
1.452653925946778,0.8423176167108779
1.483102514336103,0.8429676905354688
1.514189325304352,0.8436165292149793
1.545927736419479,0.8442641291060322
1.57833140565212,0.84491048658173
1.611414277253017,0.8455555980317712
1.645190587753661,0.8461994598625668
1.679674872092653,0.8468420684973559
1.714881969870541,0.8474834203763211
1.750827031735727,0.8481235119567037
1.787525525904232,0.8487623397129197
1.824993244816151,0.8493999001366741
1.86324631193156,0.8500361897370753
1.902301188668946,0.8506712050407493
1.942174681489028,0.8513049425919548
1.982883949127067,0.8519373989526954
2.024446509976802,0.8525685707028345
2.066880249629082,0.8531984544402078
2.110203428568596,0.8538270467807361
2.154434690031886,0.8544543443585377
2.19959306803007,0.8550803438260417
2.245697995539772,0.8557050418540986
2.292769312865649,0.8563284351320927
2.340827276178294,0.8569505203680532
2.389892566231053,0.8575712942887651
2.439986297259545,0.8581907536398795
2.491130026067786,0.8588088951860247
2.543345761304648,0.8594257157109149
2.596655972934872,0.8600412120174605
2.651083601908542,0.8606553809278769
2.706652070033236,0.8612682192837933
2.763385290053167,0.8618797239463616
2.821307675939471,0.8624898917963629
2.880444153396298,0.8630987197343171
2.940820170587067,0.8637062046805879
3.002461709085543,0.8643123435754915
3.065395295056524,0.8649171333794017
3.12964801067075,0.865520571072856
3.195247505759214,0.8661226536566613
3.262222009711673,0.8667233781519991
3.330600343624582,0.8673227416005292
3.400411932703703,0.8679207410644952
3.47168681892656,0.8685173736268269
3.544455673970436,0.8691126363912438
3.618749812411284,0.8697065264823585
3.694601205199295,0.870299041045778
3.772042493416994,0.8708901772482063
3.851107002325569,0.8714799322775451
3.93182875570577,0.8720683033429943
4.014242490499326,0.8726552876751534
4.098383671757253,0.87324088252612
4.184288507901576,0.8738250851695895
4.271993966306777,0.8744078929009542
4.361537789208006,0.8749893030374007
4.45295850994266,0.8755693129180081
4.54629546953239,0.8761479199038444
4.641588833612772,0.8767251213780642
4.738879609717651,0.8773009147460034
4.838209664925957,0.8778752974352749
4.939621743878326,0.8784482668958641
5.043159487171349,0.8790198206002221
5.148867450137487,0.8795899560433604
5.256791122018419,0.8801586707429431
5.366976945540476,0.8807259622393793
5.479472336900293,0.8812918280959158
5.594325706169389,0.8818562658987275
5.711586478126423,0.8824192732570081
5.831305113526219,0.8829808478030607
5.95353313081437,0.8835409871923864
6.078323128297236,0.8840996891037731
6.205728806776513,0.8846569512393838
6.335804992658241,0.885212771324844
6.46860766154632,0.8857671471093281
6.604193962330306,0.8863200763656457
6.742622241778349,0.8868715568903269
6.883952069645511,0.8874215865037071
7.028244264308339,0.8879701630500105
7.175560918936921,0.8885172843974345
7.32596542821523,0.8890629484382312
7.479522515621829,0.8896071530887896
7.636298261282257,0.8901498962897172
7.796360130405221,0.8906911760059201
7.959777002314977,0.8912309902266826
8.126619200091946,0.8917693369657469
8.296958520834915,0.8923062142613901
8.470868266557419,0.8928416201765031
8.648423275731709,0.8933755527986665
8.829699955494084,0.8939080102402268
9.014776314524918,0.8944389906383717
9.203731996618231,0.8949684921552045
9.39664831495471,0.8954965129778174
9.593608287093128,0.8960230513183653
9.794696670695386,0.8965481054141373
10,0.8970716735276276
