#Weibull - Cost J(iterations) convergence
#iterations, J(iterations)
1,0.4138905310491383
2,0.4092916622179695
3,0.4083127591537282
4,0.4074200150803112
5,0.4065382073096774
6,0.405665641583318
7,0.4048021878058001
8,0.4039477501171964
9,0.4031022343574825
10,0.4022655473647008
11,0.4014375969499944
12,0.4006182918871375
13,0.399807541902477
14,0.3990052576649853
15,0.3982113507764186
16,0.3974257337615753
17,0.3966483200586595
18,0.395879024009742
19,0.3951177608513227
20,0.3943644467049911
21,0.3936189985681845
22,0.392881334305042
23,0.3921513726373548
24,0.3914290331356112
25,0.3907142362101334
26,0.3900069031023094
27,0.3893069558759142
28,0.3886143174085227
29,0.3879289113830128
30,0.3872506622791554
31,0.3865794953652943
32,0.3859153366901115
33,0.3852581130744791
34,0.3846077521033965
35,0.383964182118011
36,0.3833273322077225
37,0.3826971322023702
38,0.3820735126645014
39,0.3814564048817199
40,0.3808457408591159
41,0.3802414533117736
42,0.3796434756573573
43,0.3790517420087762
44,0.3784661871669234
45,0.3778867466134931
46,0.3773133565038712
47,0.3767459536601006
48,0.3761844755639209
49,0.3756288603498788
50,0.3750790467985123
51,0.3745349743296053
52,0.3739965829955124
53,0.3734638134745538
54,0.372936607064479
55,0.3724149056759992
56,0.3718986518263859
57,0.3713877886331384
58,0.3708822598077154
59,0.3703820096493336
60,0.36988698303883
61,0.3693971254325887
62,0.3689123828565314
63,0.3684327019001704
64,0.3679580297107227
65,0.3674883139872881
66,0.3670235029750852
67,0.3665635454597496
68,0.3661083907616904
69,0.365657988730507
70,0.3652122897394623
71,0.3647712446800156
72,0.3643348049564111
73,0.3639029224803236
74,0.3634755496655601
75,0.3630526394228165
76,0.3626341451544891
77,0.3622200207495405
78,0.3618102205784188
79,0.36140469948803
80,0.3610034127967628
81,0.3606063162895657
82,0.3602133662130748
83,0.3598245192707938
84,0.3594397326183223
85,0.3590589638586358
86,0.3586821710374142
87,0.3583093126384187
88,0.357940347578918
89,0.3575752352051614
90,0.3572139352878994
91,0.3568564080179512
92,0.3565026140018179
93,0.3561525142573433
94,0.3558060702094172
95,0.3554632436857261
96,0.3551239969125465
97,0.3547882925105837
98,0.3544560934908524
99,0.354127363250602
100,0.3538020655692826
101,0.3534801646045551
102,0.3531616248883411
103,0.3528464113229157
104,0.3525344891770395
105,0.3522258240821327
106,0.3519203820284874
107,0.3516181293615208
108,0.3513190327780674
109,0.3510230593227081
110,0.3507301763841411
111,0.3504403516915868
112,0.3501535533112335
113,0.3498697496427181
114,0.3495889094156441
115,0.349311001686137
116,0.3490359958334338
117,0.3487638615565098
118,0.3484945688707398
119,0.3482280881045939
120,0.3479643898963689
121,0.3477034451909523
122,0.3474452252366216
123,0.3471897015818762
124,0.3469368460723022
125,0.3466866308474704
126,0.346439028337867
127,0.3461940112618551
128,0.3459515526226694
129,0.3457116257054413
130,0.3454742040742554
131,0.3452392615692367
132,0.3450067723036684
133,0.3447767106611392
134,0.3445490512927215
135,0.3443237691141775
136,0.344100839303196
137,0.3438802372966571
138,0.3436619387879261
139,0.3434459197241747
140,0.3432321563037314
141,0.3430206249734584
142,0.3428113024261571
143,0.3426041655979996
144,0.3423991916659873
145,0.3421963580454365
146,0.3419956423874901
147,0.3417970225766546
148,0.3416004767283637
149,0.3414059831865671
150,0.3412135205213441
151,0.3410230675265423
152,0.3408346032174416
153,0.3406481068284412
154,0.3404635578107724
155,0.3402809358302339
156,0.3401002207649518
157,0.3399213927031617
158,0.3397444319410157
159,0.339569318980411
160,0.3393960345268411
161,0.3392245594872705
162,0.3390548749680309
163,0.3388869622727388
164,0.3387208029002364
165,0.3385563785425524
166,0.338393671082885
167,0.3382326625936054
168,0.3380733353342836
169,0.3379156717497321
170,0.3377596544680728
171,0.3376052662988222
172,0.3374524902309981
173,0.3373013094312446
174,0.3371517072419773
175,0.3370036671795483
176,0.33685717293243
177,0.3367122083594176
178,0.3365687574878504
179,0.3364268045118526
180,0.336286333790591
181,0.3361473298465522
182,0.3360097773638369
183,0.3358736611864723
184,0.3357389663167425
185,0.335605677913536
186,0.3354737812907099
187,0.3353432619154724
188,0.3352141054067811
189,0.3350862975337585
190,0.3349598242141245
191,0.3348346715126439
192,0.3347108256395916
193,0.3345882729492332
194,0.334466999938321
195,0.3343469932446068
196,0.334228239645369
197,0.3341107260559561
198,0.333994439528345
199,0.3338793672497138
200,0.3337654965410308
201,0.3336528148556571
202,0.3335413097779638
203,0.3334309690219648
204,0.3333217804299627
205,0.3332137319712089
206,0.3331068117405785
207,0.3330010079572586
208,0.3328963089634497
209,0.3327927032230816
210,0.3326901793205425
211,0.3325887259594207
212,0.3324883319612603
213,0.3323889862643294
214,0.3322906779224012
215,0.332193396103548
216,0.3320971300889479
217,0.3320018692717033
218,0.3319076031556725
219,0.3318143213543134
220,0.3317220135895386
221,0.3316306696905832
222,0.3315402795928842
223,0.3314508333369714
224,0.3313623210673702
225,0.3312747330315154
226,0.3311880595786772
227,0.331102291158897
228,0.3310174183219362
229,0.3309334317162337
230,0.3308503220878768
231,0.3307680802795807
232,0.3306866972296799
233,0.3306061639711294
234,0.3305264716305172
235,0.3304476114270863
236,0.3303695746717671
237,0.3302923527662202
238,0.330215937201889
239,0.3301403195590621
240,0.3300654915059459
241,0.3299914447977457
242,0.3299181712757586
243,0.3298456628664733
244,0.3297739115806815
245,0.3297029095125967
246,0.3296326488389841
247,0.3295631218182976
248,0.329494320789828
249,0.3294262381728575
250,0.3293588664658257
251,0.3292921982455024
252,0.3292262261661696
253,0.3291609429588128
254,0.3290963414303191
255,0.3290324144626854
256,0.3289691550122341
257,0.3289065561088362
258,0.3288446108551445
259,0.3287833124258328
260,0.3287226540668438
261,0.3286626290946456
262,0.3286032308954946
263,0.3285444529247073
264,0.3284862887059388
265,0.3284287318304692
266,0.3283717759564981
267,0.3283154148084448
268,0.3282596421762578
269,0.32820445191473
270,0.3281498379428219
271,0.3280957942429914
272,0.3280423148605304
273,0.3279893939029097
274,0.327937025539129
275,0.3278852039990741
276,0.3278339235728819
277,0.3277831786103114
278,0.3277329635201198
279,0.3276832727694481
280,0.3276341008832103
281,0.3275854424434906
282,0.3275372920889465
283,0.3274896445142179
284,0.3274424944693425
285,0.3273958367591774
286,0.3273496662428271
287,0.3273039778330761
288,0.3272587664958294
289,0.3272140272495572
290,0.3271697551647461
291,0.3271259453633562
292,0.3270825930182834
293,0.3270396933528277
294,0.3269972416401666
295,0.3269552332028346
296,0.3269136634122077
297,0.3268725276879934
298,0.3268318214977258
299,0.326791540356267
300,0.3267516798253115
301,0.3267122355128987
302,0.326673203072928
303,0.3266345782046804
304,0.3265963566523442
305,0.3265585342045467
306,0.3265211066938892
307,0.326484069996489
308,0.3264474200315245
309,0.326411152760785
310,0.3263752641882267
311,0.3263397503595319
312,0.3263046073616732
313,0.3262698313224827
314,0.3262354184102251
315,0.3262013648331759
316,0.3261676668392026
317,0.3261343207153527
318,0.3261013227874435
319,0.3260686694196577
320,0.3260363570141427
321,0.3260043820106145
322,0.3259727408859648
323,0.3259414301538731
324,0.325910446364423
325,0.3258797861037211
326,0.3258494459935222
327,0.3258194226908556
328,0.3257897128876578
329,0.3257603133104078
330,0.325731220719766
331,0.3257024319102175
332,0.3256739437097195
333,0.3256457529793506
334,0.3256178566129661
335,0.3255902515368551
336,0.3255629347094018
337,0.3255359031207511
338,0.3255091537924759
339,0.3254826837772494
340,0.325456490158521
341,0.3254305700501938
342,0.3254049205963073
343,0.3253795389707227
344,0.3253544223768113
345,0.3253295680471464
346,0.3253049732431982
347,0.3252806352550328
348,0.3252565514010128
349,0.3252327190275019
350,0.3252091355085731
351,0.3251857982457187
352,0.3251627046675646
353,0.3251398522295864
354,0.3251172384138292
355,0.3250948607286306
356,0.3250727167083456
357,0.3250508039130753
358,0.3250291199283976
359,0.3250076623651018
360,0.3249864288589249
361,0.3249654170702913
362,0.3249446246840548
363,0.3249240494092439
364,0.3249036889788089
365,0.3248835411493725
366,0.3248636037009822
367,0.3248438744368665
368,0.3248243511831916
369,0.3248050317888231
370,0.3247859141250883
371,0.3247669960855419
372,0.3247482755857336
373,0.3247297505629791
374,0.3247114189761319
375,0.3246932788053592
376,0.324675328051919
377,0.3246575647379397
378,0.3246399869062026
379,0.324622592619926
380,0.3246053799625518
381,0.3245883470375342
382,0.3245714919681312
383,0.3245548128971973
384,0.324538307986979
385,0.3245219754189125
386,0.3245058133934233
387,0.3244898201297275
388,0.3244739938656364
389,0.3244583328573615
390,0.3244428353793227
391,0.3244274997239584
392,0.324412324201537
393,0.3243973071399708
394,0.324382446884632
395,0.3243677417981701
396,0.3243531902603317
397,0.3243387906677815
398,0.3243245414339268
399,0.3243104409887411
400,0.3242964877785922
401,0.3242826802660709
402,0.3242690169298214
403,0.3242554962643733
404,0.3242421167799766
405,0.324228877002437
406,0.3242157754729532
407,0.3242028107479569
408,0.3241899813989533
409,0.3241772860123635
410,0.3241647231893694
411,0.3241522915457587
412,0.3241399897117733
413,0.3241278163319578
414,0.3241157700650102
415,0.3241038495836343
416,0.3240920535743932
417,0.3240803807375651
418,0.3240688297869993
419,0.3240573994499752
420,0.3240460884670616
421,0.3240348955919782
422,0.3240238195914584
423,0.3240128592451129
424,0.3240020133452957
425,0.3239912806969707
426,0.3239806601175806
427,0.3239701504369158
428,0.3239597504969863
429,0.3239494591518932
430,0.3239392752677032
431,0.3239291977223235
432,0.3239192254053778
433,0.3239093572180843
434,0.3238995920731346
435,0.3238899288945737
436,0.3238803666176818
437,0.3238709041888567
438,0.3238615405654974
439,0.3238522747158903
440,0.323843105619094
441,0.3238340322648286
442,0.3238250536533625
443,0.3238161687954037
444,0.3238073767119901
445,0.3237986764343819
446,0.3237900670039546
447,0.3237815474720936
448,0.3237731169000896
449,0.3237647743590353
450,0.3237565189297228
451,0.3237483497025424
452,0.3237402657773826
453,0.3237322662635307
454,0.3237243502795746
455,0.3237165169533058
456,0.3237087654216235
457,0.3237010948304389
458,0.323693504334582
459,0.3236859930977076
460,0.3236785602922034
461,0.3236712050990994
462,0.3236639267079767
463,0.3236567243168789
464,0.3236495971322235
465,0.3236425443687146
466,0.323635565249256
467,0.3236286590048661
468,0.3236218248745927
469,0.3236150621054296
470,0.3236083699522332
471,0.3236017476776405
472,0.3235951945519883
473,0.3235887098532321
474,0.3235822928668672
475,0.3235759428858494
476,0.3235696592105175
477,0.323563441148516
478,0.3235572880147191
479,0.3235511991311546
480,0.3235451738269299
481,0.3235392114381578
482,0.3235333113078832
483,0.3235274727860108
484,0.3235216952292336
485,0.323515978000962
486,0.3235103204712534
487,0.323504722016743
488,0.3234991820205753
489,0.3234936998723358
490,0.3234882749679839
491,0.3234829067097861
492,0.3234775945062507
493,0.323472337772062
494,0.3234671359280164
495,0.3234619884009579
496,0.3234568946237156
497,0.3234518540350407
498,0.3234468660795451
499,0.3234419302076399
500,0.323437045875475
501,0.3234322125448789
502,0.3234274296832998
503,0.323422696763747
504,0.323418013264732
505,0.3234133786702119
506,0.3234087924695322
507,0.3234042541573708
508,0.3233997632336819
509,0.3233953192036411
510,0.3233909215775911
511,0.3233865698709871
512,0.3233822636043444
513,0.3233780023031847
514,0.3233737854979841
515,0.3233696127241217
516,0.3233654835218278
517,0.3233613974361337
518,0.3233573540168215
519,0.323353352818374
520,0.3233493933999268
521,0.3233454753252182
522,0.3233415981625423
523,0.3233377614847009
524,0.3233339648689565
525,0.323330207896986
526,0.3233264901548341
527,0.323322811232868
528,0.3233191707257323
529,0.3233155682323045
530,0.3233120033556501
531,0.3233084757029798
532,0.3233049848856053
533,0.3233015305188973
534,0.3232981122222427
535,0.3232947296190025
536,0.3232913823364707
537,0.323288070005833
538,0.3232847922621264
539,0.3232815487441983
540,0.3232783390946677
541,0.3232751629598851
542,0.3232720199898937
543,0.3232689098383911
544,0.3232658321626911
545,0.3232627866236852
546,0.3232597728858063
547,0.3232567906169911
548,0.3232538394886436
549,0.3232509191755993
550,0.3232480293560885
551,0.3232451697117016
552,0.3232423399273541
553,0.3232395396912512
554,0.3232367686948537
555,0.3232340266328448
556,0.3232313132030949
557,0.3232286281066298
558,0.3232259710475972
559,0.3232233417332334
560,0.3232207398738325
561,0.323218165182713
562,0.3232156173761875
563,0.3232130961735303
564,0.3232106012969473
565,0.3232081324715451
566,0.3232056894253004
567,0.3232032718890308
568,0.3232008795963642
569,0.3231985122837104
570,0.323196169690231
571,0.3231938515578119
572,0.3231915576310335
573,0.3231892876571439
574,0.3231870413860299
575,0.3231848185701903
576,0.3231826189647082
577,0.3231804423272237
578,0.3231782884179083
579,0.3231761569994372
580,0.323174047836964
581,0.3231719606980941
582,0.3231698953528603
583,0.323167851573696
584,0.3231658291354111
585,0.3231638278151669
586,0.3231618473924517
587,0.323159887649056
588,0.3231579483690489
589,0.3231560293387545
590,0.323154130346728
591,0.3231522511837321
592,0.3231503916427148
593,0.3231485515187859
594,0.3231467306091946
595,0.3231449287133072
596,0.3231431456325853
597,0.3231413811705632
598,0.3231396351328267
599,0.323137907326992
600,0.3231361975626839
601,0.3231345056515148
602,0.3231328314070648
603,0.3231311746448603
604,0.3231295351823538
605,0.3231279128389042
606,0.3231263074357565
607,0.3231247187960221
608,0.3231231467446598
609,0.3231215911084557
610,0.323120051716005
611,0.3231185283976926
612,0.3231170209856741
613,0.3231155293138583
614,0.3231140532178879
615,0.323112592535122
616,0.323111147104618
617,0.3231097167671134
618,0.3231083013650093
619,0.3231069007423521
620,0.3231055147448168
621,0.3231041432196896
622,0.3231027860158516
623,0.3231014429837616
624,0.3231001139754403
625,0.323098798844453
626,0.3230974974458945
627,0.3230962096363726
628,0.3230949352739922
629,0.3230936742183401
630,0.323092426330469
631,0.3230911914728827
632,0.3230899695095207
633,0.3230887603057432
634,0.3230875637283161
635,0.3230863796453968
636,0.3230852079265191
637,0.3230840484425795
638,0.3230829010658221
639,0.3230817656698255
640,0.3230806421294879
641,0.3230795303210142
642,0.3230784301219017
643,0.323077341410927
644,0.3230762640681324
645,0.3230751979748128
646,0.3230741430135027
647,0.3230730990679631
648,0.3230720660231686
649,0.3230710437652952
650,0.3230700321817071
651,0.3230690311609448
652,0.3230680405927128
653,0.3230670603678669
654,0.3230660903784029
655,0.3230651305174444
656,0.3230641806792306
657,0.3230632407591054
658,0.3230623106535054
659,0.3230613902599486
660,0.3230604794770229
661,0.3230595782043756
662,0.3230586863427016
663,0.3230578037937323
664,0.3230569304602262
665,0.3230560662459562
666,0.3230552110557007
667,0.323054364795232
668,0.3230535273713062
669,0.3230526986916535
670,0.3230518786649673
671,0.3230510672008943
672,0.323050264210025
673,0.3230494696038832
674,0.3230486832949165
675,0.3230479051964872
676,0.3230471352228616
677,0.3230463732892017
678,0.3230456193115551
679,0.3230448732068462
680,0.3230441348928669
681,0.3230434042882673
682,0.323042681312547
683,0.3230419658860463
684,0.3230412579299373
685,0.3230405573662148
686,0.3230398641176889
687,0.3230391781079749
688,0.3230384992614863
689,0.3230378275034254
690,0.323037162759776
691,0.3230365049572942
692,0.3230358540235015
693,0.3230352098866758
694,0.3230345724758441
695,0.3230339417207744
696,0.323033317551968
697,0.3230326999006523
698,0.323032088698772
699,0.3230314838789834
700,0.3230308853746452
701,0.3230302931198125
702,0.3230297070492286
703,0.3230291270983185
704,0.3230285532031812
705,0.3230279853005832
706,0.3230274233279513
707,0.3230268672233653
708,0.3230263169255519
709,0.3230257723738776
710,0.3230252335083419
711,0.3230247002695709
712,0.3230241725988107
713,0.3230236504379206
714,0.3230231337293676
715,0.3230226224162189
716,0.3230221164421362
717,0.3230216157513701
718,0.3230211202887526
719,0.3230206299996921
720,0.3230201448301669
721,0.3230196647267196
722,0.3230191896364508
723,0.3230187195070135
724,0.3230182542866074
725,0.3230177939239731
726,0.3230173383683862
727,0.3230168875696521
728,0.3230164414781007
729,0.3230160000445797
730,0.323015563220451
731,0.3230151309575836
732,0.3230147032083496
733,0.3230142799256182
734,0.3230138610627504
735,0.3230134465735952
736,0.3230130364124823
737,0.3230126305342191
738,0.3230122288940845
739,0.3230118314478247
740,0.3230114381516476
741,0.3230110489622187
742,0.3230106638366558
743,0.3230102827325245
744,0.3230099056078337
745,0.3230095324210303
746,0.3230091631309957
747,0.3230087976970401
748,0.323008436078899
749,0.3230080782367279
750,0.3230077241310989
751,0.3230073737229954
752,0.3230070269738082
753,0.3230066838453315
754,0.3230063442997583
755,0.3230060082996762
756,0.3230056758080639
757,0.3230053467882863
758,0.323005021204091
759,0.3230046990196039
760,0.323004380199326
761,0.3230040647081284
762,0.3230037525112492
763,0.3230034435742898
764,0.3230031378632106
765,0.3230028353443269
766,0.3230025359843068
767,0.3230022397501654
768,0.3230019466092629
769,0.3230016565293001
770,0.3230013694783148
771,0.3230010854246792
772,0.323000804337095
773,0.3230005261845914
774,0.3230002509365204
775,0.3229999785625545
776,0.3229997090326824
777,0.3229994423172066
778,0.3229991783867396
779,0.3229989172122008
780,0.3229986587648127
781,0.3229984030160992
782,0.3229981499378808
783,0.3229978995022726
784,0.322997651681681
785,0.3229974064488001
786,0.3229971637766094
787,0.3229969236383706
788,0.3229966860076243
789,0.322996450858188
790,0.3229962181641516
791,0.3229959878998765
792,0.3229957600399915
793,0.32299553455939
794,0.3229953114332281
795,0.3229950906369208
796,0.3229948721461403
797,0.3229946559368123
798,0.3229944419851143
799,0.3229942302674726
800,0.3229940207605593
801,0.3229938134412901
802,0.3229936082868223
803,0.3229934052745509
804,0.3229932043821077
805,0.3229930055873575
806,0.3229928088683966
807,0.3229926142035497
808,0.3229924215713681
809,0.3229922309506272
810,0.3229920423203234
811,0.3229918556596731
812,0.3229916709481092
813,0.3229914881652798
814,0.3229913072910453
815,0.3229911283054762
816,0.3229909511888515
817,0.3229907759216558
818,0.3229906024845776
819,0.3229904308585071
820,0.322990261024534
821,0.3229900929639454
822,0.3229899266582239
823,0.3229897620890454
824,0.322989599238277
825,0.3229894380879755
826,0.3229892786203847
827,0.3229891208179341
828,0.3229889646632363
829,0.3229888101390858
830,0.3229886572284567
831,0.3229885059145006
832,0.3229883561805455
833,0.3229882080100931
834,0.3229880613868176
835,0.3229879162945634
836,0.3229877727173439
837,0.3229876306393392
838,0.3229874900448949
839,0.3229873509185197
840,0.3229872132448842
841,0.3229870770088191
842,0.3229869421953135
843,0.3229868087895133
844,0.3229866767767192
845,0.3229865461423858
846,0.3229864168721193
847,0.3229862889516761
848,0.322986162366962
849,0.3229860371040292
850,0.3229859131490758
851,0.3229857904884441
852,0.322985669108619
853,0.3229855489962263
854,0.3229854301380319
855,0.3229853125209395
856,0.3229851961319897
857,0.3229850809583583
858,0.3229849669873551
859,0.3229848542064225
860,0.3229847426031339
861,0.3229846321651926
862,0.32298452288043
863,0.3229844147368049
864,0.3229843077224015
865,0.3229842018254289
866,0.3229840970342189
867,0.3229839933372251
868,0.3229838907230221
869,0.3229837891803034
870,0.3229836886978807
871,0.3229835892646827
872,0.3229834908697531
873,0.322983393502251
874,0.3229832971514476
875,0.3229832018067271
876,0.3229831074575838
877,0.3229830140936222
878,0.322982921704555
879,0.3229828302802026
880,0.3229827398104916
881,0.3229826502854537
882,0.3229825616952247
883,0.3229824740300435
884,0.3229823872802508
885,0.3229823014362884
886,0.3229822164886976
887,0.3229821324281186
888,0.3229820492452893
889,0.3229819669310445
890,0.3229818854763145
891,0.3229818048721242
892,0.3229817251095926
893,0.3229816461799311
894,0.3229815680744429
895,0.3229814907845223
896,0.3229814143016531
897,0.3229813386174081
898,0.3229812637234483
899,0.3229811896115217
900,0.3229811162734621
901,0.3229810437011892
902,0.3229809718867068
903,0.3229809008221018
904,0.3229808304995444
905,0.322980760911286
906,0.3229806920496593
907,0.3229806239070769
908,0.3229805564760306
909,0.3229804897490905
910,0.3229804237189047
911,0.3229803583781976
912,0.3229802937197696
913,0.3229802297364968
914,0.3229801664213289
915,0.32298010376729
916,0.3229800417674765
917,0.322979980415057
918,0.3229799197032717
919,0.3229798596254309
920,0.3229798001749154
921,0.3229797413451744
922,0.3229796831297261
923,0.322979625522156
924,0.3229795685161168
925,0.3229795121053272
926,0.3229794562835718
927,0.3229794010447
928,0.3229793463826256
929,0.3229792922913254
930,0.3229792387648396
931,0.3229791857972705
932,0.322979133382782
933,0.3229790815155988
934,0.3229790301900061
935,0.3229789794003487
936,0.3229789291410303
937,0.3229788794065133
938,0.3229788301913176
939,0.3229787814900209
940,0.3229787332972566
941,0.3229786856077151
942,0.3229786384161417
943,0.3229785917173366
944,0.3229785455061544
945,0.3229784997775035
946,0.3229784545263452
947,0.3229784097476937
948,0.3229783654366151
949,0.3229783215882272
950,0.3229782781976985
951,0.3229782352602481
952,0.322978192771145
953,0.3229781507257076
954,0.3229781091193034
955,0.3229780679473478
956,0.3229780272053047
957,0.3229779868886845
958,0.3229779469930454
959,0.3229779075139915
960,0.3229778684471726
961,0.3229778297882847
962,0.3229777915330678
963,0.3229777536773069
964,0.322977716216831
965,0.3229776791475126
966,0.3229776424652673
967,0.3229776061660532
968,0.3229775702458709
969,0.3229775347007625
970,0.3229774995268116
971,0.3229774647201425
972,0.3229774302769203
973,0.3229773961933496
974,0.3229773624656753
975,0.3229773290901811
976,0.3229772960631894
977,0.3229772633810613
978,0.3229772310401959
979,0.3229771990370295
980,0.3229771673680362
981,0.3229771360297263
982,0.3229771050186472
983,0.3229770743313817
984,0.3229770439645487
985,0.3229770139148023
986,0.3229769841788315
987,0.3229769547533597
988,0.3229769256351451
989,0.3229768968209791
990,0.322976868307687
991,0.3229768400921268
992,0.3229768121711901
993,0.3229767845418001
994,0.3229767572009127
995,0.3229767301455153
996,0.3229767033726268
997,0.3229766768792974
998,0.3229766506626081
999,0.3229766247196699
1000,0.3229765990476247
1001,0.3229765736436436
1002,0.3229765485049276
1003,0.3229765236287069
1004,0.3229764990122405
1005,0.322976474652816
1006,0.3229764505477494
1007,0.322976426694385
1008,0.3229764030900943
1009,0.3229763797322766
1010,0.3229763566183582
1011,0.3229763337457924
1012,0.3229763111120589
1013,0.3229762887146641
1014,0.3229762665511398
1015,0.3229762446190443
1016,0.322976222915961
1017,0.3229762014394983
1018,0.3229761801872902
1019,0.322976159156995
1020,0.3229761383462953
1021,0.3229761177528983
1022,0.3229760973745349
1023,0.3229760772089597
1024,0.322976057253951
1025,0.3229760375073098
1026,0.3229760179668606
1027,0.3229759986304502
1028,0.322975979495948
1029,0.3229759605612459
1030,0.3229759418242576
1031,0.3229759232829185
1032,0.3229759049351856
1033,0.3229758867790375
1034,0.3229758688124735
1035,0.3229758510335139
1036,0.3229758334402001
1037,0.3229758160305934
1038,0.3229757988027756
1039,0.3229757817548484
1040,0.3229757648849335
1041,0.322975748191172
1042,0.3229757316717247
1043,0.3229757153247713
1044,0.3229756991485107
1045,0.3229756831411606
1046,0.3229756673009571
1047,0.322975651626155
1048,0.3229756361150272
1049,0.3229756207658644
1050,0.3229756055769759
1051,0.3229755905466877
1052,0.3229755756733438
1053,0.3229755609553054
1054,0.3229755463909509
1055,0.3229755319786756
1056,0.3229755177168915
1057,0.3229755036040269
1058,0.3229754896385271
1059,0.3229754758188533
1060,0.3229754621434827
1061,0.3229754486109086
1062,0.3229754352196399
1063,0.3229754219682011
1064,0.3229754088551321
1065,0.322975395878988
1066,0.3229753830383394
1067,0.3229753703317709
1068,0.322975357757883
1069,0.3229753453152898
1070,0.3229753330026207
1071,0.3229753208185189
1072,0.3229753087616419
1073,0.3229752968306613
1074,0.3229752850242623
1075,0.3229752733411444
1076,0.32297526178002
1077,0.3229752503396155
1078,0.3229752390186701
1079,0.3229752278159367
1080,0.3229752167301806
1081,0.3229752057601807
1082,0.3229751949047281
1083,0.3229751841626268
1084,0.3229751735326929
1085,0.3229751630137557
1086,0.3229751526046558
1087,0.3229751423042463
1088,0.3229751321113924
1089,0.322975122024971
1090,0.3229751120438707
1091,0.3229751021669917
1092,0.3229750923932459
1093,0.3229750827215562
1094,0.3229750731508571
1095,0.322975063680094
1096,0.3229750543082234
1097,0.3229750450342127
1098,0.32297503585704
1099,0.3229750267756941
1100,0.3229750177891745
1101,0.3229750088964909
1102,0.3229750000966637
1103,0.3229749913887232
1104,0.3229749827717097
1105,0.3229749742446741
1106,0.3229749658066767
1107,0.3229749574567877
1108,0.3229749491940872
1109,0.3229749410176648
1110,0.3229749329266195
1111,0.3229749249200599
1112,0.3229749169971036
1113,0.3229749091568781
1114,0.3229749013985191
1115,0.3229748937211718
1116,0.3229748861239904
1117,0.3229748786061378
1118,0.3229748711667857
1119,0.3229748638051143
1120,0.3229748565203126
1121,0.3229748493115778
1122,0.3229748421781157
1123,0.3229748351191403
1124,0.3229748281338738
1125,0.3229748212215465
1126,0.322974814381397
1127,0.3229748076126713
1128,0.3229748009146238
1129,0.3229747942865165
1130,0.3229747877276191
1131,0.3229747812372087
1132,0.3229747748145704
1133,0.3229747684589965
1134,0.3229747621697867
1135,0.322974755946248
1136,0.3229747497876946
1137,0.3229747436934481
1138,0.3229747376628369
1139,0.3229747316951967
1140,0.3229747257898697
1141,0.3229747199462054
1142,0.3229747141635599
1143,0.3229747084412961
1144,0.3229747027787834
1145,0.3229746971753978
1146,0.3229746916305221
1147,0.3229746861435454
1148,0.3229746807138629
1149,0.3229746753408765
1150,0.3229746700239941
1151,0.3229746647626299
1152,0.3229746595562041
1153,0.3229746544041434
1154,0.3229746493058796
1155,0.3229746442608514
1156,0.3229746392685026
1157,0.3229746343282832
1158,0.3229746294396492
1159,0.3229746246020614
1160,0.3229746198149872
1161,0.322974615077899
1162,0.3229746103902749
1163,0.3229746057515984
1164,0.3229746011613583
1165,0.3229745966190489
1166,0.3229745921241697
1167,0.3229745876762255
1168,0.3229745832747262
1169,0.3229745789191867
1170,0.3229745746091272
1171,0.3229745703440727
1172,0.3229745661235535
1173,0.3229745619471043
1174,0.3229745578142651
1175,0.3229745537245804
1176,0.3229745496775999
1177,0.3229745456728773
1178,0.3229745417099714
1179,0.3229745377884458
1180,0.3229745339078682
1181,0.3229745300678111
1182,0.3229745262678514
1183,0.3229745225075705
1184,0.3229745187865537
1185,0.3229745151043915
1186,0.3229745114606778
1187,0.3229745078550115
1188,0.322974504286995
1189,0.3229745007562352
1190,0.3229744972623432
1191,0.322974493804934
1192,0.3229744903836266
1193,0.322974486998044
1194,0.3229744836478133
1195,0.3229744803325652
1196,0.3229744770519346
1197,0.3229744738055598
1198,0.3229744705930834
1199,0.3229744674141511
1200,0.3229744642684129
1201,0.322974461155522
1202,0.3229744580751355
1203,0.3229744550269141
1204,0.3229744520105218
1205,0.3229744490256264
1206,0.3229744460718987
1207,0.3229744431490135
1208,0.3229744402566487
1209,0.3229744373944856
1210,0.3229744345622089
1211,0.3229744317595064
1212,0.3229744289860693
1213,0.3229744262415922
1214,0.3229744235257726
1215,0.3229744208383112
1216,0.3229744181789119
1217,0.3229744155472816
1218,0.3229744129431306
1219,0.3229744103661717
1220,0.3229744078161212
1221,0.3229744052926979
1222,0.3229744027956239
1223,0.3229744003246239
1224,0.3229743978794259
1225,0.3229743954597604
1226,0.3229743930653606
1227,0.322974390695963
1228,0.3229743883513061
1229,0.3229743860311321
1230,0.3229743837351848
1231,0.3229743814632116
1232,0.322974379214962
1233,0.3229743769901884
1234,0.3229743747886454
1235,0.3229743726100908
1236,0.3229743704542845
1237,0.3229743683209887
1238,0.3229743662099685
1239,0.3229743641209913
1240,0.322974362053827
1241,0.3229743600082477
1242,0.3229743579840281
1243,0.3229743559809452
1244,0.3229743539987782
1245,0.3229743520373086
1246,0.3229743500963206
1247,0.3229743481756001
1248,0.3229743462749354
1249,0.3229743443941173
1250,0.3229743425329385
1251,0.3229743406911938
1252,0.3229743388686804
1253,0.3229743370651975
1254,0.3229743352805463
1255,0.3229743335145302
1256,0.3229743317669545
1257,0.3229743300376269
1258,0.3229743283263566
1259,0.3229743266329553
1260,0.3229743249572362
1261,0.3229743232990148
1262,0.3229743216581084
1263,0.3229743200343359
1264,0.3229743184275188
1265,0.3229743168374798
1266,0.3229743152640438
1267,0.3229743137070374
1268,0.3229743121662891
1269,0.3229743106416292
1270,0.3229743091328894
1271,0.3229743076399038
1272,0.3229743061625077
1273,0.3229743047005384
1274,0.3229743032538348
1275,0.3229743018222375
1276,0.3229743004055887
1277,0.3229742990037325
1278,0.3229742976165141
1279,0.322974296243781
1280,0.3229742948853818
1281,0.3229742935411667
1282,0.3229742922109879
1283,0.3229742908946986
1284,0.3229742895921538
1285,0.32297428830321
1286,0.3229742870277252
1287,0.3229742857655588
1288,0.3229742845165719
1289,0.3229742832806266
1290,0.322974282057587
1291,0.3229742808473182
1292,0.3229742796496868
1293,0.322974278464561
1294,0.3229742772918101
1295,0.322974276131305
1296,0.3229742749829176
1297,0.3229742738465215
1298,0.3229742727219917
1299,0.3229742716092039
1300,0.3229742705080357
1301,0.3229742694183659
1302,0.3229742683400742
1303,0.3229742672730419
1304,0.3229742662171514
1305,0.3229742651722864
1306,0.3229742641383317
1307,0.3229742631151734
1308,0.3229742621026989
1309,0.3229742611007964
1310,0.3229742601093557
1311,0.3229742591282675
1312,0.3229742581574238
1313,0.3229742571967174
1314,0.3229742562460425
1315,0.3229742553052946
1316,0.3229742543743698
1317,0.3229742534531655
1318,0.3229742525415804
1319,0.3229742516395139
1320,0.3229742507468668
1321,0.3229742498635405
1322,0.3229742489894377
1323,0.3229742481244622
1324,0.3229742472685188
1325,0.322974246421513
1326,0.3229742455833515
1327,0.3229742447539419
1328,0.322974243933193
1329,0.3229742431210142
1330,0.322974242317316
1331,0.32297424152201
1332,0.3229742407350085
1333,0.3229742399562248
1334,0.322974239185573
1335,0.3229742384229682
1336,0.3229742376683265
1337,0.3229742369215646
1338,0.3229742361826004
1339,0.3229742354513522
1340,0.3229742347277398
1341,0.3229742340116831
1342,0.3229742333031035
1343,0.3229742326019227
1344,0.3229742319080636
1345,0.3229742312214496
1346,0.3229742305420052
1347,0.3229742298696556
1348,0.3229742292043264
1349,0.3229742285459445
1350,0.3229742278944375
1351,0.3229742272497332
1352,0.322974226611761
1353,0.3229742259804504
1354,0.3229742253557318
1355,0.3229742247375365
1356,0.3229742241257963
1357,0.3229742235204437
1358,0.3229742229214123
1359,0.3229742223286358
1360,0.322974221742049
1361,0.3229742211615873
1362,0.3229742205871867
1363,0.322974220018784
1364,0.3229742194563163
1365,0.3229742188997219
1366,0.3229742183489394
1367,0.3229742178039081
1368,0.3229742172645679
1369,0.3229742167308595
1370,0.322974216202724
1371,0.3229742156801033
1372,0.3229742151629396
1373,0.3229742146511761
1374,0.3229742141447563
1375,0.3229742136436246
1376,0.3229742131477256
1377,0.3229742126570047
1378,0.3229742121714078
1379,0.3229742116908815
1380,0.3229742112153728
1381,0.3229742107448293
1382,0.3229742102791991
1383,0.3229742098184309
1384,0.3229742093624742
1385,0.3229742089112784
1386,0.3229742084647939
1387,0.3229742080229716
1388,0.3229742075857627
1389,0.3229742071531191
1390,0.3229742067249932
1391,0.3229742063013376
1392,0.3229742058821058
1393,0.3229742054672515
1394,0.3229742050567292
1395,0.3229742046504934
1396,0.3229742042484995
1397,0.3229742038507032
1398,0.3229742034570606
1399,0.3229742030675284
1400,0.3229742026820637
1401,0.3229742023006238
1402,0.322974201923167
1403,0.3229742015496516
1404,0.3229742011800362
1405,0.3229742008142804
1406,0.3229742004523438
1407,0.3229742000941864
1408,0.3229741997397689
1409,0.3229741993890522
1410,0.3229741990419976
1411,0.3229741986985669
1412,0.3229741983587223
1413,0.3229741980224263
1414,0.3229741976896417
1415,0.3229741973603322
1416,0.3229741970344612
1417,0.322974196711993
1418,0.3229741963928918
1419,0.3229741960771229
1420,0.3229741957646509
1421,0.3229741954554419
1422,0.3229741951494615
1423,0.3229741948466762
1424,0.3229741945470526
1425,0.3229741942505575
1426,0.3229741939571584
1427,0.3229741936668229
1428,0.3229741933795191
1429,0.3229741930952153
1430,0.3229741928138801
1431,0.3229741925354826
1432,0.3229741922599921
1433,0.3229741919873783
1434,0.3229741917176109
1435,0.3229741914506606
1436,0.3229741911864977
1437,0.3229741909250932
1438,0.3229741906664181
1439,0.3229741904104441
1440,0.322974190157143
1441,0.3229741899064868
1442,0.322974189658448
1443,0.322974189412999
1444,0.3229741891701131
1445,0.3229741889297634
1446,0.3229741886919233
1447,0.3229741884565668
1448,0.3229741882236678
1449,0.3229741879932007
1450,0.3229741877651401
1451,0.3229741875394609
1452,0.3229741873161383
1453,0.3229741870951475
1454,0.3229741868764642
1455,0.3229741866600644
1456,0.3229741864459244
1457,0.3229741862340202
1458,0.3229741860243288
1459,0.3229741858168269
1460,0.3229741856114918
1461,0.3229741854083006
1462,0.3229741852072314
1463,0.3229741850082615
1464,0.3229741848113692
1465,0.3229741846165329
1466,0.3229741844237311
1467,0.3229741842329424
1468,0.322974184044146
1469,0.322974183857321
1470,0.3229741836724466
1471,0.3229741834895029
1472,0.3229741833084693
1473,0.3229741831293261
1474,0.3229741829520535
1475,0.3229741827766319
1476,0.3229741826030421
1477,0.3229741824312648
1478,0.3229741822612812
1479,0.3229741820930727
1480,0.3229741819266204
1481,0.3229741817619063
1482,0.3229741815989121
1483,0.3229741814376199
1484,0.3229741812780118
1485,0.3229741811200705
1486,0.3229741809637782
1487,0.3229741808091179
1488,0.3229741806560726
1489,0.3229741805046254
1490,0.3229741803547596
1491,0.3229741802064586
1492,0.3229741800597062
1493,0.3229741799144861
1494,0.3229741797707825
1495,0.3229741796285793
1496,0.3229741794878611
1497,0.3229741793486121
1498,0.3229741792108172
1499,0.3229741790744612
1500,0.3229741789395289
