#Cauchy - Linearized data and linear fitting
#Linearized-data(x), Linearized-data(y), Aproximation(x), Aproximation(y)
5e-08,-98.991007385552,5e-08,860.8709274892669
4e-05,-49.49045272892447,4e-05,861.018836531691
4.2e-05,-32.98802266509885,4.2e-05,861.0262412396972
4.5e-05,-24.73512340576169,4.5e-05,861.0373483017065
6.8e-05,-19.78203608314996,6.8e-05,861.122502443778
7.1e-05,-16.47885431616576,7.1e-05,861.1336095057874
7.3e-05,-14.11847529122614,7.3e-05,861.1410142137936
7.7e-05,-12.34734753245612,7.7e-05,861.155823629806
8.8e-05,-10.96905349173444,8.8e-05,861.1965495238402
0.000461,-9.865742584695909,0.000461,862.5775275669992
0.000462,-8.962418934354009,0.000462,862.5812299210022
0.000466,-8.209085242898299,0.000466,862.5960393370146
0.000472,-7.571127953419066,0.000472,862.6182534610333
0.00048,-7.023823056595053,0.00048,862.6478722930582
0.000482,-6.549039574695097,0.000482,862.6552770010644
0.000485,-6.133179239068623,0.000485,862.6663840630737
0.000487,-5.765843340276542,0.000487,862.6737887710799
0.000494,-5.438943961502385,0.000494,862.6997052491017
0.000523,-5.146095875087711,0.000523,862.8070735151917
0.000962,-4.882190870098178,0.000962,864.4324069225559
0.0009959999999999999,-4.6430937005767,0.0009959999999999999,864.5582869586615
0.00146,-4.425420956992163,0.00146,866.2761792161032
0.001487,-4.226377623389461,0.001487,866.3761427741871
0.001501,-4.043634495244405,0.001501,866.4279757302306
0.001966,-3.875235017026158,0.001966,868.1495703416754
0.001982,-3.719523618776579,0.001982,868.2088080057251
0.002453,-3.575089977887199,0.002453,869.9526167411885
0.002476,-3.315387209442315,0.002476,870.03777088326
0.002476,-3.315387209442315,0.002476,870.03777088326
0.002479,-3.198172714727628,0.002479,870.0488779452694
0.002484,-3.088295047618354,0.002484,870.0673897152849
0.002501,-2.985065832194957,0.002501,870.1303297333377
0.002987,-2.887880112939269,0.002987,871.9296737788478
0.003002,-2.79620408686519,0.003002,871.9852090888944
0.003412,-2.709564938706668,0.003412,873.5031742301684
0.003465,-2.62754237023506,0.003465,873.699398992333
0.003476,-2.549761503194786,0.003476,873.7401248863672
0.003481,-2.475886902822271,0.003481,873.7586366563827
0.003486,-2.405617520817706,0.003486,873.7771484263983
0.003499,-2.338682396865285,0.003499,873.8252790284387
0.003523,-2.274836989193565,0.003523,873.9141355245132
0.003961,-2.213860029335784,0.003961,875.5357665778741
0.003982,-2.155550815755187,0.003982,875.6135160119394
0.003987,-2.099726876515802,0.003987,875.632027781955
0.004455,-2.046221943591479,0.004455,877.3647294554091
0.004462,-1.994884191389884,0.004462,877.3906459334308
0.004474,-1.945574700140176,0.004474,877.4350741814682
0.00448,-1.898166111351595,0.00448,877.4572883054868
0.00449,-1.852541447904186,0.00449,877.4943118455178
0.004953,-1.808593075723015,0.004953,879.2085017489565
0.004975,-1.76622178760274,0.004975,879.2899535370249
0.004976,-1.725335992739099,0.004976,879.2936558910279
0.004978,-1.68585099800588,0.004978,879.3010605990341
0.005479,-1.647688369084348,0.005479,881.1559399545908
0.005493,-1.610775361281933,0.005493,881.2077729106343
0.005959,-1.575044411328901,0.005959,882.9330698760823
0.005969,-1.540432682664355,0.005969,882.9700934161133
0.005982,-1.506881657755812,0.005982,883.0182240181538
0.005984,-1.474336771871976,0.005984,883.02562872616
0.0065,-1.442747083472354,0.0065,884.9360433917633
0.006518,-1.41206497701164,0.006518,885.0026857638192
0.006521,-1.382245894498989,0.006521,885.0137928258284
0.00747,-1.353248092617064,0.00747,888.5273267747772
0.008,-1.325032422605066,0.008,890.489574396424
0.008015,-1.297562130454134,0.008015,890.5451097064706
0.008484999999999999,-1.270802675260586,0.008484999999999999,892.285216087931
0.008501,-1.244721563839763,0.008501,892.3444537519806
0.008503,-1.219288199926434,0.008503,892.3518584599868
0.008983,-1.194473746481791,0.008983,894.1289883814783
0.009037999999999999,-1.170250999796211,0.009037999999999999,894.3326178516492
0.009486,-1.146594274224654,0.009486,895.9912724450412
0.009505,-1.123479296520785,0.009505,896.0616171711002
0.009508000000000001,-1.100883108849217,0.009508000000000001,896.0727242331095
0.009991999999999999,-1.078783979654798,0.009991999999999999,897.8646635706134
0.01001,-1.057161321655411,0.01001,897.9313059426694
0.01048,-1.03599561630201,0.01048,899.6714123241297
0.010488,-1.015268344117733,0.010488,899.7010311561546
0.010496,-0.994961920388316,0.010496,899.7306499881794
0.01051,-0.9750596357294169,0.01051,899.7824829442229
0.010519,-0.9555456011039125,0.010519,899.8158041302509
0.012021,-0.9364046969044009,0.012021,905.3767398429178
0.012023,-0.9176225257536471,0.012023,905.384144550924
0.012498,-0.899185368709198,0.012498,907.1427627024
0.012924,-0.8810801445882492,0.012924,908.7199655077236
0.01348,-0.8632943721555706,0.01348,910.7784743334512
0.013536,-0.845816134941211,0.013536,910.9858061576251
0.013977,-0.828634048476143,0.013977,912.6185442729955
0.013992,-0.8117372297532599,0.013992,912.674079583042
0.014008,-0.7951152687384416,0.014008,912.7333172470918
0.014009,-0.7787582017719679,0.014009,912.7370196010949
0.014026,-0.762656486714604,0.014026,912.7999596191477
0.01404,-0.7468009797053263,0.01404,912.8517925751912
0.014041,-0.7311829134091009,0.014041,912.8554949291943
0.014485,-0.7157938766434556,0.014485,914.4993401065739
0.014512,-0.7006257952819519,0.014512,914.5993036646578
0.014535,-0.6856709143411402,0.014535,914.6844578067293
0.015006,-0.6709217811652709,0.015006,916.4282665421927
0.01502,-0.6563712296300289,0.01502,916.4800994982362
0.015042,-0.642012365292899,0.015042,916.5615512863045
0.015489,-0.6278385514235568,0.015489,918.2165035256935
0.016028,-0.6138433958529368,0.016028,920.2120723333683
0.016498,-0.6000207385844286,0.016498,921.9521787148286
0.016508,-0.5863646401150348,0.016508,921.9892022548596
0.016537,-0.5728693704183125,0.016537,922.0965705209497
0.017026,-0.5595293985445896,0.017026,923.9070216284691
0.01703,-0.5463393827972771,0.01703,923.9218310444816
0.017509,-0.5332941614471719,0.017509,925.6952586119698
0.018028,-0.5203887439494456,0.018028,927.6167803395825
0.018036,-0.5076183026305893,0.018036,927.6463991716074
0.018529,-0.4949781648149479,0.018529,929.4716596951392
0.018539,-0.4824638053626485,0.018539,929.5086832351703
0.018541,-0.4700708395927198,0.018541,929.5160879431764
0.01901,-0.4577950165670378,0.01901,931.2524919706337
0.019027,-0.4456322127124202,0.019027,931.3154319886866
0.019045,-0.4335784257597498,0.019045,931.3820743607425
0.019554,-0.4216297689804411,0.019554,933.266572548324
0.020011,-0.4097824657018881,0.020011,934.958548327744
0.020014,-0.3980328440847519,0.020014,934.9696553897534
0.020505,-0.3863773321460749,0.020505,936.787511205279
0.02053,-0.3748124530132511,0.02053,936.8800700553567
0.020541,-0.3633348203948449,0.020541,936.9207959493908
0.021007,-0.3519411342551406,0.021007,938.6460929148387
0.021014,-0.3406281766801326,0.021014,938.6720093928604
0.021026,-0.3293928079234265,0.021026,938.7164376408978
0.021031,-0.3182319626212295,0.021031,938.7349494109133
0.021537,-0.3071426461662646,0.021537,940.6083405364856
0.022022,-0.2961219312310474,0.022022,942.4039822279925
0.022516,-0.2851669544315305,0.022516,944.2329451055274
0.022524,-0.2742749131226397,0.022524,944.2625639375523
0.022594,-0.2634430623177106,0.022594,944.5217287177697
0.024016,-0.2526687117242831,0.024016,949.7864761101881
0.024034,-0.2419492228891291,0.024034,949.8531184822441
0.024052,-0.2312820064457707,0.024052,949.9197608543
0.024071,-0.2206645194581087,0.024071,949.9901055803591
0.024526,-0.2100942628541101,0.024526,951.6746766517729
0.025031,-0.1995687789438115,0.025031,953.5443654233419
0.02506,-0.1890856490161793,0.02506,953.651733689432
0.025547,-0.178642491009634,0.025547,955.4547800889452
0.025555,-0.168236957251286,0.025555,955.4843989209701
0.026038,-0.1578667322601575,0.026038,957.2726359044708
0.026057,-0.1475295306098731,0.026057,957.3429806305298
0.027043,-0.1372230948464925,0.027043,960.9935016775935
0.027061,-0.1269451934573347,0.027061,961.0601440496495
0.027072,-0.1166936188868054,0.027072,961.1008699436836
0.027519,-0.1064661855953855,0.027519,962.7558221830725
0.027523,-0.09626072815807628,0.027523,962.7706315990849
0.027539,-0.08607509939871537,0.027539,962.8298692631347
0.027561,-0.07590716855669137,0.027561,962.911321051203
0.028038,-0.0657548194826829,0.028038,964.6773439106852
0.028539,-0.05561594886013654,0.028539,966.5322232662418
0.028557,-0.04548846444927633,0.028557,966.5988656382978
0.030035,-0.03537028335050588,0.030035,972.0709448548902
0.030042,-0.02525933028412196,0.030042,972.0968613329119
0.030049,-0.01515353588330808,0.030049,972.1227778109336
0.031484,-0.005050834997416045,0.031484,977.4356558053923
0.031512,0.005050834997425811,0.031512,977.5393217174794
0.031517,0.01515353588331768,0.031517,977.5578334874949
0.031534,0.02525933028413138,0.031534,977.6207735055477
0.031562,0.03537028335051514,0.031562,977.7244394176348
0.032037,0.04548846444928542,0.032037,979.4830575691107
0.032533,0.05561594886014545,0.032533,981.3194251546518
0.032556,0.06575481948269166,0.032556,981.4045792967232
0.033038,0.07590716855669997,0.033038,983.1891139262209
0.033043,0.08607509939872381,0.033043,983.2076256962365
0.033548,0.09626072815808455,0.033548,985.0773144678055
0.03355,0.1064661855953936,0.03355,985.0847191758118
0.034037,0.1166936188868133,0.034037,986.8877655753249
0.034042,0.1269451934573425,0.034042,986.9062773453405
0.03457,0.1372230948465001,0.03457,988.861120258981
0.034575,0.1475295306098806,0.034575,988.8796320289966
0.03542,0.1578667322601648,0.03542,992.0081211616222
0.035532,0.1682369572512932,0.035532,992.4227848099702
0.035587,0.178642491009641,0.035587,992.626414280141
0.0356,0.1890856490161862,0.0356,992.6745448821814
0.036076,0.1995687789438182,0.036076,994.4368653876604
0.036549,0.2100942628541167,0.036549,996.1880788311302
0.037047,0.2206645194581151,0.037047,998.0318511246775
0.037061,0.2312820064457769,0.037061,998.083684080721
0.037074,0.2419492228891352,0.037074,998.1318146827614
0.038043,0.2526687117242891,0.038043,1001.719395711772
0.038048,0.2634430623177164,0.038048,1001.737907481788
0.03805,0.2742749131226453,0.03805,1001.745312189794
0.038619,0.285166954431536,0.038619,1003.851951617562
0.039067,0.2961219312310527,0.039067,1005.510606210954
0.039069,0.3071426461662698,0.039069,1005.51801091896
0.039072,0.3182319626212345,0.039072,1005.529117980969
0.040035,0.3293928079234313,0.040035,1009.094484885962
0.040595,0.3406281766801372,0.040595,1011.167803127702
0.042045,0.3519411342551451,0.042045,1016.536216432207
0.04258,0.3633348203948493,0.04258,1018.516975823869
0.044078,0.3748124530132553,0.044078,1024.063102120524
0.044086,0.3863773321460789,0.044086,1024.092720952549
0.044522,0.3980328440847558,0.044522,1025.706947297904
0.045042,0.4097824657018918,0.045042,1027.632171379519
0.045495,0.4216297689804445,0.045495,1029.309337742927
0.045532,0.4335784257597531,0.045532,1029.446324841042
0.045569,0.4456322127124233,0.045569,1029.583311939157
0.046086,0.4577950165670407,0.046086,1031.497428958763
0.04609,0.4700708395927226,0.04609,1031.512238374776
0.046548,0.4824638053626511,0.046548,1033.207916508199
0.046573,0.4949781648149503,0.046573,1033.300475358276
0.046578,0.5076183026305915,0.046578,1033.318987128292
0.046614,0.5203887439494477,0.046614,1033.452271872404
0.047554,0.5332941614471737,0.047554,1036.932484635324
0.04808,0.5463393827972787,0.04808,1038.879922840959
0.049088,0.5595293985445909,0.049088,1042.611895676091
0.049601,0.5728693704183137,0.049601,1044.511203279685
0.051567,0.5863646401150356,0.051567,1051.790031249793
0.052055,0.6000207385844294,0.052055,1053.59678000331
0.052084,0.6138433958529372,0.052084,1053.7041482694
0.052991,0.6278385514235572,0.052991,1057.062183350218
0.053082,0.642012365292899,0.053082,1057.399097564501
0.054019,0.6563712296300286,0.054019,1060.868203265412
0.054593,0.6709217811652705,0.054593,1062.993354463196
0.055605,0.6856709143411395,0.055605,1066.74013671434
0.056575,0.7006257952819509,0.056575,1070.331420097354
0.056584,0.7157938766434543,0.056584,1070.364741283382
0.056615,0.7311829134090994,0.056615,1070.479514257478
0.058105,0.7468009797053244,0.058105,1075.996021722108
0.059096,0.7626564867146017,0.059096,1079.665054539187
0.060075,0.7787582017719654,0.060075,1083.289659108229
0.060088,0.7951152687384387,0.060088,1083.337789710269
0.060104,0.8117372297532568,0.060104,1083.397027374319
0.060585,0.8286340484761394,0.060585,1085.177859649814
0.060599,0.8458161349412072,0.060599,1085.229692605857
0.061097,0.8632943721555663,0.061097,1087.073464899405
0.061592,0.8810801445882445,0.061592,1088.906130130943
0.06212,0.899185368709193,0.06212,1090.860973044583
0.062127,0.9176225257536416,0.062127,1090.886889522605
0.06259000000000001,0.936404696904395,0.06259000000000001,1092.601079426043
0.06311799999999999,0.9555456011039064,0.06311799999999999,1094.555922339684
0.0636,0.9750596357294099,0.0636,1096.340456969182
0.063613,0.9949619203883087,0.063613,1096.388587571222
0.066103,1.015268344117725,0.066103,1105.607449038959
0.066589,1.035995616302002,0.066589,1107.406793084469
0.066626,1.057161321655403,0.066626,1107.543780182584
0.067062,1.078783979654789,0.067062,1109.158006527939
0.068088,1.100883108849208,0.068088,1112.956621735127
0.071633,1.123479296520775,0.071633,1126.081466676142
0.074126,1.146594274224644,0.074126,1135.311435205888
0.07510699999999999,1.170250999796201,0.07510699999999999,1138.943444482936
0.075125,1.19447374648178,0.075125,1139.010086854992
0.07513599999999999,1.219288199926423,0.07513599999999999,1139.050812749026
0.07560500000000001,1.244721563839751,0.07560500000000001,1140.787216776483
0.075629,1.270802675260573,0.075629,1140.876073272558
0.07613,1.297562130454121,0.07613,1142.730952628114
0.076611,1.325032422605052,0.076611,1144.511784903609
0.07664,1.35324809261705,0.07664,1144.619153169699
0.07664899999999999,1.382245894498975,0.07664899999999999,1144.652474355727
0.076969,1.412064977011624,0.076969,1145.837227636721
0.078115,1.442747083472338,0.078115,1150.080125324282
0.078135,1.474336771871959,0.078135,1150.154172404344
0.078634,1.506881657755794,0.078634,1152.001647051895
0.079127,1.540432682664337,0.079127,1153.826907575427
0.07963199999999999,1.575044411328882,0.07963199999999999,1155.696596346996
0.079634,1.610775361281912,0.079634,1155.704001055002
0.07965999999999999,1.647688369084326,0.07965999999999999,1155.800262259083
0.081624,1.685850998005857,0.081624,1163.071685521185
0.08212,1.725335992739075,0.08212,1164.908053106726
0.083106,1.766221787602716,0.083106,1168.55857415379
0.085621,1.808593075722988,0.085621,1177.869994471605
0.08766,1.852541447904158,0.08766,1185.41909428394
0.08812200000000001,1.898166111351566,0.08812200000000001,1187.129581833375
0.08962100000000001,1.945574700140146,0.08962100000000001,1192.679410484033
0.09215,1.994884191389852,0.09215,1202.042663757891
0.09216299999999999,2.046221943591444,0.09216299999999999,1202.090794359931
0.09265,2.099726876515768,0.09265,1203.893840759445
0.093155,2.155550815755151,0.093155,1205.763529531014
0.094564,2.213860029335743,0.094564,1210.980146321392
0.095139,2.274836989193521,0.095139,1213.108999873178
0.09765500000000001,2.338682396865239,0.09765500000000001,1222.424122544996
0.098639,2.405617520817657,0.098639,1226.067238884053
0.099676,2.475886902822221,0.099676,1229.906579985276
0.100147,2.549761503194732,0.100147,1231.650388720739
0.100612,2.627542370235002,0.100612,1233.371983332184
0.103168,2.709564938706607,0.103168,1242.835200164126
0.105164,2.796204086865123,0.105164,1250.225098754328
0.107634,2.887880112939198,0.107634,1259.369913142002
0.111672,2.985065832194883,0.111672,1274.320018606549
0.113679,3.088295047618274,0.113679,1281.750643090785
0.116189,3.198172714727541,0.116189,1291.043551638584
0.117682,3.315387209442217,0.117682,1296.571166165223
0.119668,3.440725224774225,0.119668,1303.924041215394
0.120178,3.575089977887088,0.120178,1305.812241756978
0.123666,3.719523618776456,0.123666,1318.726052519816
0.123709,3.875235017026023,0.123709,1318.88525374195
0.129197,4.043634495244258,0.129197,1339.203772511002
0.131255,4.226377623389302,0.131255,1346.823217049396
0.13369,4.425420956991989,0.13369,1355.838449046962
0.136238,4.643093700576505,0.136238,1365.272047046879
0.139216,4.882190870097963,0.139216,1376.297657268132
0.142721,5.146095875087467,0.142721,1389.274408049023
0.145217,5.438943961502114,0.145217,1398.515483640778
0.145222,5.765843340276239,0.145222,1398.533995410794
0.146255,6.133179239068279,0.146255,1402.358527096004
0.153721,6.549039574694688,0.153721,1430.000302083202
0.153737,7.023823056594573,0.153737,1430.059539747251
0.158765,7.571127953418509,0.158765,1448.674975674874
0.162737,8.209085242897647,0.162737,1463.380725775216
0.177283,8.962418934353215,0.177283,1517.235167104413
0.179771,9.865742584694948,0.179771,1526.446623864143
0.18476,10.96905349173323,0.18476,1544.917667985645
0.190303,12.34734753245459,0.190303,1565.439816224868
0.193816,14.11847529122414,0.193816,1578.446185837783
0.197835,16.47885431616298,0.197835,1593.325946576271
0.200805,19.78203608314595,0.200805,1604.321937965499
0.229388,24.7351234057553,0.229388,1710.146322436311
0.239879,32.98802266508748,0.239879,1748.987718282908
0.242381,49.49045272889835,0.242381,1758.251007998682
0.265907,98.99100738544755,0.265907,1845.352588275781
0.289934,318309.886177819,0.289934,1934.309047908437
