#Cauchy - Cost J(iterations) convergence
#iterations, J(iterations)
1,162884540.8312934
2,162873449.8545757
3,162862567.7834684
4,162851890.4522337
5,162841413.7782144
6,162831133.7601767
7,162821046.4766867
8,162811148.0845186
9,162801434.8170951
10,162791902.9829587
11,162782548.9642734
12,162773369.2153566
13,162764360.2612401
14,162755518.6962595
15,162746841.1826722
16,162738324.4493031
17,162729965.2902162
18,162721760.5634145
19,162713707.1895638
20,162705802.1507439
21,162698042.4892229
22,162690425.3062575
23,162682947.7609163
24,162675607.0689267
25,162668400.501545
26,162661325.3844489
27,162654379.0966523
28,162647559.0694415
29,162640862.7853324
30,162634287.7770494
31,162627831.6265233
32,162621491.9639105
33,162615266.466631
34,162609152.858426
35,162603148.9084335
36,162597252.4302837
37,162591461.2812108
38,162585773.3611844
39,162580186.6120563
40,162574699.0167253
41,162569308.5983193
42,162564013.4193922
43,162558811.581138
44,162553701.2226197
45,162548680.520015
46,162543747.685875
47,162538900.9683995
48,162534138.6507257
49,162529459.0502314
50,162524860.5178526
51,162520341.4374136
52,162515900.2249711
53,162511535.3281721
54,162507245.225623
55,162503028.4262726
56,162498883.4688068
57,162494808.9210559
58,162490803.3794128
59,162486865.4682636
60,162482993.8394293
61,162479187.171619
62,162475444.1698928
63,162471763.5651371
64,162468144.1135491
65,162464584.5961321
66,162461083.8182009
67,162457640.6088967
68,162454253.820712
69,162450922.3290249
70,162447645.0316429
71,162444420.848355
72,162441248.7204941
73,162438127.6105064
74,162435056.5015312
75,162432034.3969878
76,162429060.3201708
77,162426133.3138543
78,162423252.4399027
79,162420416.7788908
80,162417625.4297297
81,162414877.509302
82,162412172.1521028
83,162409508.5098885
84,162406885.7513329
85,162404303.0616893
86,162401759.6424604
87,162399254.7110737
88,162396787.5005641
89,162394357.2592629
90,162391963.2504922
91,162389604.7522665
92,162387281.0569991
93,162384991.4712153
94,162382735.3152712
95,162380511.9230771
96,162378320.6418279
97,162376160.8317376
98,162374031.8657804
99,162371933.1294351
100,162369864.020437
101,162367823.9485322
102,162365812.3352392
103,162363828.6136132
104,162361872.2280165
105,162359942.633893
106,162358039.2975471
107,162356161.6959268
108,162354309.3164118
109,162352481.6566057
110,162350678.2241313
111,162348898.5364314
112,162347142.120573
113,162345408.5130548
114,162343697.2596196
115,162342007.9150698
116,162340340.0430867
117,162338693.2160533
118,162337067.014881
119,162335461.0288392
120,162333874.8553891
121,162332308.1000197
122,162330760.3760882
123,162329231.3046629
124,162327720.5143692
125,162326227.6412392
126,162324752.328564
127,162323294.2267487
128,162321852.9931705
129,162320428.2920398
130,162319019.7942642
131,162317627.177314
132,162316250.1250925
133,162314888.3278069
134,162313541.4818428
135,162312209.289641
136,162310891.4595768
137,162309587.7058414
138,162308297.7483263
139,162307021.3125092
140,162305758.129343
141,162304507.935146
142,162303270.4714958
143,162302045.4851234
144,162300832.7278112
145,162299631.9562919
146,162298442.9321499
147,162297265.4217243
148,162296099.1960145
149,162294944.0305866
150,162293799.7054833
151,162292666.0051335
152,162291542.7182658
153,162290429.637822
154,162289326.5608737
155,162288233.2885392
156,162287149.6259037
157,162286075.3819395
158,162285010.3694285
159,162283954.4048866
160,162282907.3084891
161,162281868.9039976
162,162280839.0186884
163,162279817.4832826
164,162278804.1318775
165,162277798.8018788
166,162276801.3339352
167,162275811.5718731
168,162274829.362634
169,162273854.5562115
170,162272887.0055912
171,162271926.5666905
172,162270973.0983003
173,162270026.4620279
174,162269086.5222405
175,162268153.1460103
176,162267226.2030606
177,162266305.5657127
178,162265391.1088347
179,162264482.7097898
180,162263580.2483873
181,162262683.6068334
182,162261792.6696834
183,162260907.3237953
184,162260027.4582833
185,162259152.9644732
186,162258283.735858
187,162257419.6680549
188,162256560.6587628
189,162255706.6077209
190,162254857.4166679
191,162254012.9893023
192,162253173.231243
193,162252338.0499913
194,162251507.3548931
195,162250681.0571025
196,162249859.0695453
197,162249041.306884
198,162248227.6854828
199,162247418.123374
200,162246612.5402248
201,162245810.8573042
202,162245012.9974515
203,162244218.8850449
204,162243428.4459707
205,162242641.6075932
206,162241858.2987254
207,162241078.4496
208,162240301.9918411
209,162239528.8584364
210,162238758.9837099
211,162237992.3032958
212,162237228.7541116
213,162236468.274333
214,162235710.8033686
215,162234956.2818356
216,162234204.6515352
217,162233455.8554296
218,162232709.8376182
219,162231966.5433154
220,162231225.9188282
221,162230487.9115343
222,162229752.469861
223,162229019.5432642
224,162228289.0822074
225,162227561.0381426
226,162226835.3634894
227,162226112.0116166
228,162225390.9368232
229,162224672.0943191
230,162223955.440208
231,162223240.9314685
232,162222528.5259376
233,162221818.1822928
234,162221109.8600361
235,162220403.5194768
236,162219699.121716
237,162218996.6286304
238,162218296.0028569
239,162217597.2077778
240,162216900.2075056
241,162216204.9668682
242,162215511.4513954
243,162214819.6273041
244,162214129.461485
245,162213440.9214891
246,162212753.9755147
247,162212068.592394
248,162211384.7415809
249,162210702.3931386
250,162210021.5177273
251,162209342.0865921
252,162208664.0715518
253,162207987.444987
254,162207312.1798292
255,162206638.2495498
256,162205965.6281492
257,162205294.2901461
258,162204624.2105676
259,162203955.3649388
260,162203287.7292728
261,162202621.280061
262,162201955.9942639
263,162201291.8493012
264,162200628.823043
265,162199966.8938006
266,162199306.040318
267,162198646.2417631
268,162197987.4777191
269,162197329.7281763
270,162196672.9735243
271,162196017.1945436
272,162195362.372398
273,162194708.4886268
274,162194055.5251378
275,162193403.4641993
276,162192752.2884332
277,162192101.9808081
278,162191452.5246322
279,162190803.9035465
280,162190156.1015183
281,162189509.1028345
282,162188862.8920955
283,162188217.4542088
284,162187572.7743827
285,162186928.8381206
286,162186285.6312149
287,162185643.1397415
288,162185001.3500538
289,162184360.2487773
290,162183719.8228044
291,162183080.0592887
292,162182440.9456399
293,162181802.4695192
294,162181164.6188334
295,162180527.3817306
296,162179890.7465953
297,162179254.7020435
298,162178619.2369183
299,162177984.3402853
300,162177350.0014282
301,162176716.2098441
302,162176082.9552397
303,162175450.2275273
304,162174818.0168197
305,162174186.3134274
306,162173555.1078538
307,162172924.3907919
308,162172294.15312
309,162171664.3858986
310,162171035.0803663
311,162170406.2279363
312,162169777.8201932
313,162169149.8488893
314,162168522.3059415
315,162167895.1834276
316,162167268.4735836
317,162166642.1688004
318,162166016.2616202
319,162165390.7447344
320,162164765.6109797
321,162164140.8533361
322,162163516.4649231
323,162162892.4389977
324,162162268.7689512
325,162161645.4483067
326,162161022.4707165
327,162160399.8299594
328,162159777.5199383
329,162159155.5346777
330,162158533.8683211
331,162157912.5151289
332,162157291.4694757
333,162156670.7258487
334,162156050.2788446
335,162155430.123168
336,162154810.2536292
337,162154190.6651417
338,162153571.3527206
339,162152952.3114803
340,162152333.5366328
341,162151715.0234852
342,162151096.7674384
343,162150478.7639851
344,162149861.0087076
345,162149243.4972764
346,162148626.2254483
347,162148009.1890647
348,162147392.38405
349,162146775.8064096
350,162146159.4522288
351,162145543.3176708
352,162144927.3989753
353,162144311.692457
354,162143696.1945042
355,162143080.9015768
356,162142465.8102056
357,162141850.9169906
358,162141236.2185994
359,162140621.711766
360,162140007.3932897
361,162139393.2600334
362,162138779.3089227
363,162138165.5369444
364,162137551.9411453
365,162136938.5186312
366,162136325.2665656
367,162135712.1821683
368,162135099.2627148
369,162134486.5055348
370,162133873.9080112
371,162133261.4675789
372,162132649.1817244
373,162132037.0479839
374,162131425.0639426
375,162130813.2272342
376,162130201.5355395
377,162129589.9865852
378,162128978.5781437
379,162128367.3080315
380,162127756.1741087
381,162127145.1742783
382,162126534.3064846
383,162125923.5687132
384,162125312.9589899
385,162124702.4753797
386,162124092.1159861
387,162123481.8789504
388,162122871.7624513
389,162122261.7647032
390,162121651.8839564
391,162121042.1184962
392,162120432.4666419
393,162119822.9267462
394,162119213.4971948
395,162118604.1764054
396,162117994.9628274
397,162117385.8549409
398,162116776.8512564
399,162116167.9503142
400,162115559.1506834
401,162114950.4509617
402,162114341.8497749
403,162113733.345776
404,162113124.9376449
405,162112516.6240878
406,162111908.4038365
407,162111300.2756484
408,162110692.2383054
409,162110084.2906138
410,162109476.4314035
411,162108868.6595277
412,162108260.9738629
413,162107653.3733073
414,162107045.8567815
415,162106438.4232273
416,162105831.071608
417,162105223.8009071
418,162104616.6101285
419,162104009.498296
420,162103402.4644529
421,162102795.5076612
422,162102188.627002
423,162101581.8215744
424,162100975.0904956
425,162100368.4329004
426,162099761.8479406
427,162099155.334785
428,162098548.8926191
429,162097942.5206445
430,162097336.2180785
431,162096729.9841543
432,162096123.8181202
433,162095517.7192394
434,162094911.6867899
435,162094305.720064
436,162093699.8183681
437,162093093.9810223
438,162092488.2073605
439,162091882.4967294
440,162091276.8484893
441,162090671.2620126
442,162090065.7366847
443,162089460.2719028
444,162088854.8670765
445,162088249.5216268
446,162087644.2349863
447,162087039.0065992
448,162086433.8359202
449,162085828.7224152
450,162085223.6655609
451,162084618.6648439
452,162084013.7197613
453,162083408.8298203
454,162082803.9945376
455,162082199.2134398
456,162081594.4860626
457,162080989.8119514
458,162080385.1906601
459,162079780.6217518
460,162079176.1047982
461,162078571.6393794
462,162077967.2250841
463,162077362.8615089
464,162076758.5482585
465,162076154.2849457
466,162075550.0711905
467,162074945.9066208
468,162074341.7908719
469,162073737.7235862
470,162073133.7044132
471,162072529.7330095
472,162071925.8090383
473,162071321.9321697
474,162070718.1020803
475,162070114.3184529
476,162069510.580977
477,162068906.8893479
478,162068303.2432671
479,162067699.6424419
480,162067096.0865857
481,162066492.5754172
482,162065889.1086611
483,162065285.6860471
484,162064682.3073105
485,162064078.972192
486,162063475.6804371
487,162062872.4317967
488,162062269.2260263
489,162061666.0628864
490,162061062.9421423
491,162060459.863564
492,162059856.8269257
493,162059253.8320065
494,162058650.8785896
495,162058047.9664626
496,162057445.0954174
497,162056842.2652498
498,162056239.4757598
499,162055636.7267512
500,162055034.018032
501,162054431.3494136
502,162053828.7207114
503,162053226.1317443
504,162052623.5823349
505,162052021.0723093
506,162051418.6014968
507,162050816.1697305
508,162050213.7768464
509,162049611.422684
510,162049009.1070857
511,162048406.8298974
512,162047804.5909677
513,162047202.3901483
514,162046600.227294
515,162045998.102262
516,162045396.0149129
517,162044793.9651095
518,162044191.9527178
519,162043589.9776061
520,162042988.0396454
521,162042386.1387094
522,162041784.2746738
523,162041182.4474174
524,162040580.656821
525,162039978.9027677
526,162039377.1851431
527,162038775.503835
528,162038173.8587332
529,162037572.2497301
530,162036970.6767196
531,162036369.1395984
532,162035767.6382647
533,162035166.1726187
534,162034564.742563
535,162033963.3480016
536,162033361.9888408
537,162032760.6649885
538,162032159.3763544
539,162031558.12285
540,162030956.9043887
541,162030355.7208852
542,162029754.5722565
543,162029153.4584205
544,162028552.3792973
545,162027951.3348081
546,162027350.3248761
547,162026749.3494256
548,162026148.4083825
549,162025547.5016743
550,162024946.6292297
551,162024345.7909789
552,162023744.9868535
553,162023144.2167864
554,162022543.4807117
555,162021942.778565
556,162021342.1102828
557,162020741.4758033
558,162020140.8750654
559,162019540.3080097
560,162018939.7745775
561,162018339.2747117
562,162017738.8083557
563,162017138.3754546
564,162016537.9759542
565,162015937.6098015
566,162015337.2769444
567,162014736.977332
568,162014136.7109142
569,162013536.4776419
570,162012936.277467
571,162012336.1103425
572,162011735.9762219
573,162011135.8750599
574,162010535.806812
575,162009935.7714345
576,162009335.7688846
577,162008735.7991204
578,162008135.8621006
579,162007535.9577848
580,162006936.0861334
581,162006336.2471076
582,162005736.4406692
583,162005136.6667809
584,162004536.9254059
585,162003937.2165083
586,162003337.5400527
587,162002737.8960048
588,162002138.2843302
589,162001538.7049959
590,162000939.157969
591,162000339.6432177
592,161999740.1607103
593,161999140.7104161
594,161998541.2923048
595,161997941.9063466
596,161997342.5525125
597,161996743.2307738
598,161996143.9411025
599,161995544.6834712
600,161994945.4578526
601,161994346.2642204
602,161993747.1025487
603,161993147.9728117
604,161992548.8749845
605,161991949.8090426
606,161991350.7749619
607,161990751.7727186
608,161990152.8022895
609,161989553.863652
610,161988954.9567834
611,161988356.0816622
612,161987757.2382664
613,161987158.4265751
614,161986559.6465675
615,161985960.8982234
616,161985362.1815224
617,161984763.4964452
618,161984164.8429725
619,161983566.2210852
620,161982967.6307648
621,161982369.0719932
622,161981770.5447524
623,161981172.0490248
624,161980573.5847932
625,161979975.1520406
626,161979376.7507504
627,161978778.3809063
628,161978180.0424921
629,161977581.7354922
630,161976983.4598912
631,161976385.2156737
632,161975787.0028249
633,161975188.8213301
634,161974590.6711749
635,161973992.5523453
636,161973394.4648272
637,161972796.4086071
638,161972198.3836716
639,161971600.3900073
640,161971002.4276016
641,161970404.4964417
642,161969806.596515
643,161969208.7278093
644,161968610.8903125
645,161968013.0840128
646,161967415.3088985
647,161966817.5649583
648,161966219.8521808
649,161965622.1705551
650,161965024.5200702
651,161964426.9007154
652,161963829.3124804
653,161963231.7553548
654,161962634.2293283
655,161962036.7343911
656,161961439.2705334
657,161960841.8377454
658,161960244.4360178
659,161959647.0653412
660,161959049.7257065
661,161958452.4171045
662,161957855.1395265
663,161957257.8929638
664,161956660.6774078
665,161956063.49285
666,161955466.339282
667,161954869.2166959
668,161954272.1250834
669,161953675.0644368
670,161953078.0347482
671,161952481.0360101
672,161951884.0682146
673,161951287.1313547
674,161950690.2254229
675,161950093.350412
676,161949496.506315
677,161948899.6931249
678,161948302.9108348
679,161947706.159438
680,161947109.4389279
681,161946512.7492979
682,161945916.0905416
683,161945319.4626525
684,161944722.8656245
685,161944126.2994514
686,161943529.7641271
687,161942933.2596457
688,161942336.7860013
689,161941740.3431879
690,161941143.9312001
691,161940547.550032
692,161939951.1996781
693,161939354.8801329
694,161938758.5913912
695,161938162.3334475
696,161937566.1062966
697,161936969.9099332
698,161936373.7443524
699,161935777.6095491
700,161935181.5055183
701,161934585.4322551
702,161933989.3897547
703,161933393.3780124
704,161932797.3970234
705,161932201.446783
706,161931605.5272867
707,161931009.6385301
708,161930413.7805086
709,161929817.9532179
710,161929222.1566536
711,161928626.3908114
712,161928030.655687
713,161927434.9512764
714,161926839.2775753
715,161926243.6345797
716,161925648.0222855
717,161925052.4406889
718,161924456.8897858
719,161923861.3695724
720,161923265.8800448
721,161922670.4211993
722,161922074.993032
723,161921479.5955394
724,161920884.2287177
725,161920288.8925633
726,161919693.5870727
727,161919098.3122422
728,161918503.0680685
729,161917907.854548
730,161917312.6716773
731,161916717.5194531
732,161916122.397872
733,161915527.3069306
734,161914932.2466257
735,161914337.2169541
736,161913742.2179124
737,161913147.2494977
738,161912552.3117067
739,161911957.4045363
740,161911362.5279834
741,161910767.682045
742,161910172.866718
743,161909578.0819994
744,161908983.3278864
745,161908388.6043759
746,161907793.911465
747,161907199.2491508
748,161906604.6174307
749,161906010.0163015
750,161905415.4457606
751,161904820.9058052
752,161904226.3964325
753,161903631.9176397
754,161903037.4694243
755,161902443.0517834
756,161901848.6647145
757,161901254.3082149
758,161900659.9822819
759,161900065.686913
760,161899471.4221055
761,161898877.187857
762,161898282.9841648
763,161897688.8110265
764,161897094.6684396
765,161896500.5564017
766,161895906.47491
767,161895312.4239624
768,161894718.4035563
769,161894124.4136894
770,161893530.4543592
771,161892936.5255634
772,161892342.6272995
773,161891748.7595654
774,161891154.9223585
775,161890561.1156767
776,161889967.3395175
777,161889373.5938789
778,161888779.8787583
779,161888186.1941537
780,161887592.5400628
781,161886998.9164833
782,161886405.323413
783,161885811.7608498
784,161885218.2287913
785,161884624.7272356
786,161884031.2561803
787,161883437.8156234
788,161882844.4055626
789,161882251.0259959
790,161881657.6769212
791,161881064.3583364
792,161880471.0702392
793,161879877.8126278
794,161879284.5854999
795,161878691.3888535
796,161878098.2226867
797,161877505.0869973
798,161876911.9817832
799,161876318.9070425
800,161875725.8627732
801,161875132.8489732
802,161874539.8656406
803,161873946.9127734
804,161873353.9903695
805,161872761.098427
806,161872168.236944
807,161871575.4059184
808,161870982.6053484
809,161870389.835232
810,161869797.0955673
811,161869204.3863523
812,161868611.7075852
813,161868019.0592639
814,161867426.4413867
815,161866833.8539516
816,161866241.2969567
817,161865648.7704001
818,161865056.27428
819,161864463.8085946
820,161863871.3733419
821,161863278.96852
822,161862686.5941271
823,161862094.2501614
824,161861501.9366211
825,161860909.6535043
826,161860317.400809
827,161859725.1785337
828,161859132.9866764
829,161858540.8252354
830,161857948.6942087
831,161857356.5935946
832,161856764.5233914
833,161856172.4835971
834,161855580.4742101
835,161854988.4952284
836,161854396.5466505
837,161853804.6284745
838,161853212.7406986
839,161852620.883321
840,161852029.0563399
841,161851437.2597538
842,161850845.4935607
843,161850253.7577589
844,161849662.0523468
845,161849070.3773224
846,161848478.7326842
847,161847887.1184303
848,161847295.534559
849,161846703.9810686
850,161846112.4579574
851,161845520.9652237
852,161844929.5028657
853,161844338.0708817
854,161843746.66927
855,161843155.2980289
856,161842563.9571568
857,161841972.6466518
858,161841381.3665124
859,161840790.1167367
860,161840198.8973231
861,161839607.70827
862,161839016.5495756
863,161838425.4212382
864,161837834.3232561
865,161837243.2556278
866,161836652.2183515
867,161836061.2114254
868,161835470.2348481
869,161834879.2886177
870,161834288.3727326
871,161833697.4871912
872,161833106.6319917
873,161832515.8071326
874,161831925.0126122
875,161831334.2484288
876,161830743.5145807
877,161830152.8110663
878,161829562.1378839
879,161828971.495032
880,161828380.8825088
881,161827790.3003127
882,161827199.7484421
883,161826609.2268952
884,161826018.7356706
885,161825428.2747665
886,161824837.8441813
887,161824247.4439134
888,161823657.0739611
889,161823066.7343229
890,161822476.424997
891,161821886.1459818
892,161821295.8972758
893,161820705.6788773
894,161820115.4907846
895,161819525.3329962
896,161818935.2055104
897,161818345.1083257
898,161817755.0414403
899,161817165.0048526
900,161816574.9985612
901,161815985.0225643
902,161815395.0768603
903,161814805.1614476
904,161814215.2763247
905,161813625.4214898
906,161813035.5969414
907,161812445.802678
908,161811856.0386977
909,161811266.3049992
910,161810676.6015807
911,161810086.9284407
912,161809497.2855776
913,161808907.6729897
914,161808318.0906754
915,161807728.5386333
916,161807139.0168616
917,161806549.5253588
918,161805960.0641232
919,161805370.6331533
920,161804781.2324475
921,161804191.8620042
922,161803602.5218218
923,161803013.2118987
924,161802423.9322333
925,161801834.682824
926,161801245.4636693
927,161800656.2747675
928,161800067.1161171
929,161799477.9877164
930,161798888.8895639
931,161798299.8216581
932,161797710.7839973
933,161797121.7765799
934,161796532.7994043
935,161795943.8524691
936,161795354.9357725
937,161794766.049313
938,161794177.193089
939,161793588.367099
940,161792999.5713413
941,161792410.8058145
942,161791822.0705168
943,161791233.3654468
944,161790644.6906029
945,161790056.0459834
946,161789467.4315869
947,161788878.8474116
948,161788290.2934561
949,161787701.7697188
950,161787113.2761981
951,161786524.8128925
952,161785936.3798002
953,161785347.9769199
954,161784759.6042499
955,161784171.2617887
956,161783582.9495347
957,161782994.6674862
958,161782406.4156418
959,161781818.1939998
960,161781230.0025588
961,161780641.8413171
962,161780053.7102731
963,161779465.6094254
964,161778877.5387723
965,161778289.4983122
966,161777701.4880436
967,161777113.507965
968,161776525.5580747
969,161775937.6383713
970,161775349.7488531
971,161774761.8895186
972,161774174.0603661
973,161773586.2613943
974,161772998.4926014
975,161772410.7539859
976,161771823.0455463
977,161771235.3672809
978,161770647.7191884
979,161770060.101267
980,161769472.5135151
981,161768884.9559314
982,161768297.4285142
983,161767709.9312618
984,161767122.4641729
985,161766535.0272458
986,161765947.6204788
987,161765360.2438707
988,161764772.8974196
989,161764185.5811241
990,161763598.2949827
991,161763011.0389936
992,161762423.8131555
993,161761836.6174668
994,161761249.4519258
995,161760662.3165311
996,161760075.211281
997,161759488.1361741
998,161758901.0912088
999,161758314.0763834
1000,161757727.0916965
1001,161757140.1371465
1002,161756553.2127318
1003,161755966.318451
1004,161755379.4543023
1005,161754792.6202843
1006,161754205.8163955
1007,161753619.0426342
1008,161753032.298999
1009,161752445.5854882
1010,161751858.9021003
1011,161751272.2488338
1012,161750685.6256871
1013,161750099.0326586
1014,161749512.4697469
1015,161748925.9369502
1016,161748339.4342672
1017,161747752.9616963
1018,161747166.5192358
1019,161746580.1068843
1020,161745993.7246401
1021,161745407.3725019
1022,161744821.0504678
1023,161744234.7585365
1024,161743648.4967065
1025,161743062.264976
1026,161742476.0633437
1027,161741889.8918078
1028,161741303.750367
1029,161740717.6390196
1030,161740131.5577641
1031,161739545.5065989
1032,161738959.4855225
1033,161738373.4945334
1034,161737787.5336299
1035,161737201.6028106
1036,161736615.7020739
1037,161736029.8314182
1038,161735443.9908421
1039,161734858.1803439
1040,161734272.3999221
1041,161733686.6495751
1042,161733100.9293015
1043,161732515.2390996
1044,161731929.5789679
1045,161731343.9489049
1046,161730758.3489091
1047,161730172.7789787
1048,161729587.2391125
1049,161729001.7293087
1050,161728416.2495658
1051,161727830.7998823
1052,161727245.3802566
1053,161726659.9906873
1054,161726074.6311727
1055,161725489.3017113
1056,161724904.0023016
1057,161724318.732942
1058,161723733.4936309
1059,161723148.2843668
1060,161722563.1051483
1061,161721977.9559736
1062,161721392.8368413
1063,161720807.74775
1064,161720222.6886979
1065,161719637.6596836
1066,161719052.6607054
1067,161718467.6917619
1068,161717882.7528516
1069,161717297.8439728
1070,161716712.9651241
1071,161716128.1163038
1072,161715543.2975104
1073,161714958.5087426
1074,161714373.7499985
1075,161713789.0212768
1076,161713204.3225758
1077,161712619.6538941
1078,161712035.01523
1079,161711450.4065821
1080,161710865.8279489
1081,161710281.2793286
1082,161709696.7607199
1083,161709112.2721211
1084,161708527.8135308
1085,161707943.3849474
1086,161707358.9863693
1087,161706774.617795
1088,161706190.279223
1089,161705605.9706517
1090,161705021.6920796
1091,161704437.4435052
1092,161703853.2249268
1093,161703269.036343
1094,161702684.8777522
1095,161702100.7491529
1096,161701516.6505434
1097,161700932.5819224
1098,161700348.5432883
1099,161699764.5346394
1100,161699180.5559744
1101,161698596.6072916
1102,161698012.6885895
1103,161697428.7998665
1104,161696844.941121
1105,161696261.1123517
1106,161695677.3135569
1107,161695093.5447351
1108,161694509.8058848
1109,161693926.0970044
1110,161693342.4180923
1111,161692758.769147
1112,161692175.1501671
1113,161691591.5611509
1114,161691008.002097
1115,161690424.4730036
1116,161689840.9738695
1117,161689257.5046929
1118,161688674.0654723
1119,161688090.6562063
1120,161687507.2768933
1121,161686923.9275317
1122,161686340.6081201
1123,161685757.3186567
1124,161685174.0591403
1125,161684590.8295691
1126,161684007.6299417
1127,161683424.4602564
1128,161682841.3205118
1129,161682258.2107064
1130,161681675.1308386
1131,161681092.0809068
1132,161680509.0609097
1133,161679926.0708454
1134,161679343.1107126
1135,161678760.1805096
1136,161678177.2802351
1137,161677594.4098875
1138,161677011.5694651
1139,161676428.7589665
1140,161675845.9783901
1141,161675263.2277344
1142,161674680.5069979
1143,161674097.8161789
1144,161673515.1552761
1145,161672932.5242878
1146,161672349.9232125
1147,161671767.3520487
1148,161671184.8107948
1149,161670602.2994493
1150,161670019.8180107
1151,161669437.3664774
1152,161668854.9448479
1153,161668272.5531206
1154,161667690.1912941
1155,161667107.8593668
1156,161666525.5573371
1157,161665943.2852035
1158,161665361.0429645
1159,161664778.8306186
1160,161664196.6481642
1161,161663614.4955997
1162,161663032.3729236
1163,161662450.2801345
1164,161661868.2172308
1165,161661286.1842109
1166,161660704.1810732
1167,161660122.2078164
1168,161659540.2644387
1169,161658958.3509388
1170,161658376.467315
1171,161657794.6135659
1172,161657212.7896899
1173,161656630.9956854
1174,161656049.231551
1175,161655467.497285
1176,161654885.792886
1177,161654304.1183525
1178,161653722.4736828
1179,161653140.8588755
1180,161652559.273929
1181,161651977.7188418
1182,161651396.1936123
1183,161650814.6982391
1184,161650233.2327206
1185,161649651.7970552
1186,161649070.3912415
1187,161648489.0152779
1188,161647907.6691628
1189,161647326.3528948
1190,161646745.0664722
1191,161646163.8098936
1192,161645582.5831575
1193,161645001.3862622
1194,161644420.2192063
1195,161643839.0819882
1196,161643257.9746065
1197,161642676.8970595
1198,161642095.8493457
1199,161641514.8314638
1200,161640933.8434119
1201,161640352.8851887
1202,161639771.9567926
1203,161639191.058222
1204,161638610.1894755
1205,161638029.3505516
1206,161637448.5414486
1207,161636867.7621651
1208,161636287.0126995
1209,161635706.2930503
1210,161635125.603216
1211,161634544.943195
1212,161633964.3129858
1213,161633383.7125868
1214,161632803.1419967
1215,161632222.6012137
1216,161631642.0902364
1217,161631061.6090632
1218,161630481.1576927
1219,161629900.7361232
1220,161629320.3443533
1221,161628739.9823815
1222,161628159.6502061
1223,161627579.3478257
1224,161626999.0752387
1225,161626418.8324437
1226,161625838.619439
1227,161625258.4362232
1228,161624678.2827947
1229,161624098.1591519
1230,161623518.0652935
1231,161622938.0012177
1232,161622357.9669232
1233,161621777.9624084
1234,161621197.9876717
1235,161620618.0427116
1236,161620038.1275266
1237,161619458.2421151
1238,161618878.3864757
1239,161618298.5606068
1240,161617718.7645069
1241,161617138.9981743
1242,161616559.2616077
1243,161615979.5548055
1244,161615399.8777662
1245,161614820.2304882
1246,161614240.61297
1247,161613661.0252101
1248,161613081.4672068
1249,161612501.9389589
1250,161611922.4404646
1251,161611342.9717225
1252,161610763.532731
1253,161610184.1234886
1254,161609604.7439938
1255,161609025.3942451
1256,161608446.074241
1257,161607866.7839797
1258,161607287.52346
1259,161606708.2926802
1260,161606129.0916389
1261,161605549.9203344
1262,161604970.7787653
1263,161604391.66693
1264,161603812.584827
1265,161603233.5324548
1266,161602654.5098119
1267,161602075.5168967
1268,161601496.5537077
1269,161600917.6202435
1270,161600338.7165023
1271,161599759.8424828
1272,161599180.9981833
1273,161598602.1836025
1274,161598023.3987387
1275,161597444.6435904
1276,161596865.9181562
1277,161596287.2224344
1278,161595708.5564235
1279,161595129.9201221
1280,161594551.3135285
1281,161593972.7366414
1282,161593394.189459
1283,161592815.6719801
1284,161592237.1842028
1285,161591658.7261259
1286,161591080.2977477
1287,161590501.8990668
1288,161589923.5300815
1289,161589345.1907904
1290,161588766.8811919
1291,161588188.6012846
1292,161587610.3510669
1293,161587032.1305372
1294,161586453.9396941
1295,161585875.7785361
1296,161585297.6470615
1297,161584719.5452689
1298,161584141.4731568
1299,161583563.4307235
1300,161582985.4179677
1301,161582407.4348878
1302,161581829.4814822
1303,161581251.5577495
1304,161580673.663688
1305,161580095.7992964
1306,161579517.9645731
1307,161578940.1595164
1308,161578362.3841251
1309,161577784.6383973
1310,161577206.9223318
1311,161576629.2359269
1312,161576051.5791811
1313,161575473.952093
1314,161574896.3546609
1315,161574318.7868834
1316,161573741.2487589
1317,161573163.7402859
1318,161572586.261463
1319,161572008.8122884
1320,161571431.3927609
1321,161570854.0028788
1322,161570276.6426406
1323,161569699.3120447
1324,161569122.0110897
1325,161568544.739774
1326,161567967.4980962
1327,161567390.2860546
1328,161566813.1036479
1329,161566235.9508743
1330,161565658.8277325
1331,161565081.734221
1332,161564504.6703381
1333,161563927.6360824
1334,161563350.6314522
1335,161562773.6564463
1336,161562196.7110629
1337,161561619.7953007
1338,161561042.9091579
1339,161560466.0526333
1340,161559889.2257251
1341,161559312.428432
1342,161558735.6607523
1343,161558158.9226846
1344,161557582.2142273
1345,161557005.5353788
1346,161556428.8861379
1347,161555852.2665028
1348,161555275.6764721
1349,161554699.1160442
1350,161554122.5852176
1351,161553546.0839908
1352,161552969.6123623
1353,161552393.1703306
1354,161551816.757894
1355,161551240.3750513
1356,161550664.0218007
1357,161550087.6981407
1358,161549511.40407
1359,161548935.1395869
1360,161548358.90469
1361,161547782.6993775
1362,161547206.5236483
1363,161546630.3775006
1364,161546054.2609328
1365,161545478.1739437
1366,161544902.1165316
1367,161544326.0886949
1368,161543750.0904323
1369,161543174.121742
1370,161542598.1826228
1371,161542022.2730729
1372,161541446.393091
1373,161540870.5426753
1374,161540294.7218246
1375,161539718.9305373
1376,161539143.1688117
1377,161538567.4366465
1378,161537991.7340401
1379,161537416.0609909
1380,161536840.4174975
1381,161536264.8035584
1382,161535689.2191719
1383,161535113.6643367
1384,161534538.1390512
1385,161533962.6433138
1386,161533387.1771231
1387,161532811.7404775
1388,161532236.3333755
1389,161531660.9558157
1390,161531085.6077964
1391,161530510.2893163
1392,161529935.0003736
1393,161529359.740967
1394,161528784.5110949
1395,161528209.3107558
1396,161527634.1399482
1397,161527058.9986706
1398,161526483.8869215
1399,161525908.8046992
1400,161525333.7520024
1401,161524758.7288296
1402,161524183.7351791
1403,161523608.7710494
1404,161523033.8364393
1405,161522458.9313468
1406,161521884.0557707
1407,161521309.2097095
1408,161520734.3931615
1409,161520159.6061253
1410,161519584.8485994
1411,161519010.1205823
1412,161518435.4220723
1413,161517860.7530682
1414,161517286.1135682
1415,161516711.5035709
1416,161516136.9230748
1417,161515562.3720784
1418,161514987.85058
1419,161514413.3585784
1420,161513838.8960718
1421,161513264.4630589
1422,161512690.059538
1423,161512115.6855078
1424,161511541.3409666
1425,161510967.0259129
1426,161510392.7403454
1427,161509818.4842623
1428,161509244.2576622
1429,161508670.0605436
1430,161508095.8929051
1431,161507521.7547449
1432,161506947.6460617
1433,161506373.5668541
1434,161505799.5171202
1435,161505225.4968588
1436,161504651.5060684
1437,161504077.5447472
1438,161503503.612894
1439,161502929.7105072
1440,161502355.8375852
1441,161501781.9941265
1442,161501208.1801296
1443,161500634.3955932
1444,161500060.6405154
1445,161499486.914895
1446,161498913.2187303
1447,161498339.5520199
1448,161497765.9147623
1449,161497192.3069558
1450,161496618.7285992
1451,161496045.1796906
1452,161495471.6602288
1453,161494898.1702123
1454,161494324.7096394
1455,161493751.2785086
1456,161493177.8768186
1457,161492604.5045676
1458,161492031.1617543
1459,161491457.8483771
1460,161490884.5644345
1461,161490311.309925
1462,161489738.0848471
1463,161489164.8891993
1464,161488591.7229801
1465,161488018.5861879
1466,161487445.4788212
1467,161486872.4008786
1468,161486299.3523585
1469,161485726.3332594
1470,161485153.3435798
1471,161484580.3833182
1472,161484007.4524731
1473,161483434.5510429
1474,161482861.6790263
1475,161482288.8364215
1476,161481716.0232272
1477,161481143.2394419
1478,161480570.4850639
1479,161479997.7600919
1480,161479425.0645243
1481,161478852.3983595
1482,161478279.7615961
1483,161477707.1542327
1484,161477134.5762676
1485,161476562.0276992
1486,161475989.5085263
1487,161475417.0187472
1488,161474844.5583604
1489,161474272.1273645
1490,161473699.7257578
1491,161473127.353539
1492,161472555.0107064
1493,161471982.6972586
1494,161471410.4131941
1495,161470838.1585113
1496,161470265.9332089
1497,161469693.7372851
1498,161469121.5707386
1499,161468549.4335678
1500,161467977.3257712
