#Cauchy aproximation vs Original set
#Cauchy(x), Cauchy(CDF) 
1e-08,0.9996302467796186
1.020960662306048e-08,0.9996302467799519
1.042360673976401e-08,0.9996302467802922
1.064209244064725e-08,0.9996302467806397
1.086515774652537e-08,0.9996302467809943
1.109289864895223e-08,0.9996302467813566
1.132541315152813e-08,0.9996302467817263
1.156280131207375e-08,0.9996302467821038
1.180516528568806e-08,0.9996302467824891
1.205260936870841e-08,0.9996302467828826
1.230524004359262e-08,0.9996302467832844
1.256316602474122e-08,0.9996302467836946
1.28264983052806e-08,0.9996302467841134
1.309535020482668e-08,0.9996302467845408
1.336983741824945e-08,0.9996302467849774
1.365007806546014e-08,0.999630246785423
1.393619274224144e-08,0.999630246785878
1.422830457214352e-08,0.9996302467863425
1.452653925946781e-08,0.9996302467868168
1.483102514336103e-08,0.9996302467873008
1.514189325304352e-08,0.9996302467877953
1.545927736419478e-08,0.9996302467882999
1.578331405652117e-08,0.9996302467888152
1.61141427725302e-08,0.9996302467893413
1.645190587753661e-08,0.9996302467898783
1.679674872092653e-08,0.9996302467904268
1.714881969870541e-08,0.9996302467909867
1.750827031735723e-08,0.9996302467915582
1.787525525904235e-08,0.9996302467921419
1.824993244816151e-08,0.9996302467927376
1.86324631193156e-08,0.9996302467933459
1.902301188668946e-08,0.9996302467939669
1.942174681489025e-08,0.999630246794601
1.982883949127072e-08,0.9996302467952485
2.024446509976802e-08,0.9996302467959094
2.066880249629082e-08,0.9996302467965841
2.110203428568597e-08,0.9996302467972731
2.154434690031882e-08,0.9996302467979765
2.199593068030075e-08,0.9996302467986946
2.245697995539776e-08,0.9996302467994277
2.292769312865649e-08,0.9996302468001762
2.340827276178294e-08,0.9996302468009404
2.389892566231048e-08,0.9996302468017206
2.43998629725955e-08,0.9996302468025173
2.491130026067791e-08,0.9996302468033305
2.543345761304648e-08,0.9996302468041609
2.596655972934873e-08,0.9996302468050087
2.651083601908536e-08,0.9996302468058741
2.706652070033241e-08,0.9996302468067577
2.763385290053173e-08,0.9996302468076599
2.821307675939471e-08,0.999630246808581
2.880444153396298e-08,0.9996302468095215
2.940820170587061e-08,0.9996302468104815
3.002461709085549e-08,0.9996302468114617
3.06539529505653e-08,0.9996302468124625
3.12964801067075e-08,0.9996302468134843
3.195247505759214e-08,0.9996302468145274
3.262222009711667e-08,0.9996302468155924
3.330600343624589e-08,0.9996302468166798
3.40041193270371e-08,0.99963024681779
3.471686818926559e-08,0.9996302468189233
3.544455673970436e-08,0.9996302468200805
3.618749812411276e-08,0.9996302468212619
3.694601205199302e-08,0.9996302468224681
3.772042493417001e-08,0.9996302468236995
3.851107002325569e-08,0.9996302468249569
3.93182875570577e-08,0.9996302468262406
4.014242490499318e-08,0.9996302468275511
4.098383671757262e-08,0.9996302468288891
4.184288507901584e-08,0.9996302468302551
4.271993966306777e-08,0.9996302468316498
4.361537789208006e-08,0.9996302468330738
4.45295850994266e-08,0.9996302468345275
4.546295469532399e-08,0.9996302468360118
4.641588833612782e-08,0.9996302468375271
4.738879609717651e-08,0.9996302468390743
4.838209664925958e-08,0.9996302468406537
4.939621743878326e-08,0.9996302468422664
5.043159487171359e-08,0.9996302468439129
5.148867450137498e-08,0.9996302468455939
5.256791122018419e-08,0.9996302468473101
5.366976945540476e-08,0.9996302468490622
5.479472336900293e-08,0.9996302468508511
5.594325706169378e-08,0.9996302468526775
5.711586478126435e-08,0.9996302468545422
5.831305113526219e-08,0.999630246856446
5.95353313081437e-08,0.9996302468583897
6.078323128297236e-08,0.999630246860374
6.2057288067765e-08,0.9996302468624001
6.335804992658255e-08,0.9996302468644684
6.46860766154632e-08,0.9996302468665803
6.604193962330306e-08,0.9996302468687364
6.742622241778349e-08,0.9996302468709377
6.883952069645497e-08,0.9996302468731851
7.028244264308353e-08,0.9996302468754796
7.175560918936921e-08,0.9996302468778223
7.32596542821523e-08,0.9996302468802141
7.479522515621828e-08,0.9996302468826559
7.636298261282242e-08,0.999630246885149
7.796360130405237e-08,0.9996302468876943
7.959777002314978e-08,0.9996302468902929
8.126619200091946e-08,0.9996302468929461
8.296958520834915e-08,0.9996302468956547
8.470868266557402e-08,0.9996302468984203
8.648423275731727e-08,0.9996302469012437
8.829699955494083e-08,0.9996302469041264
9.014776314524918e-08,0.9996302469070695
9.20373199661823e-08,0.9996302469100742
9.396648314954691e-08,0.999630246913142
9.593608287093146e-08,0.9996302469162741
9.794696670695386e-08,0.9996302469194718
1e-07,0.9996302469227365
1.020960662306048e-07,0.9996302469260696
1.042360673976401e-07,0.9996302469294727
1.064209244064725e-07,0.999630246932947
1.086515774652537e-07,0.9996302469364942
1.109289864895223e-07,0.9996302469401157
1.132541315152813e-07,0.9996302469438132
1.156280131207375e-07,0.9996302469475882
1.180516528568806e-07,0.9996302469514422
1.205260936870841e-07,0.9996302469553771
1.230524004359261e-07,0.9996302469593943
1.256316602474121e-07,0.9996302469634959
1.28264983052806e-07,0.9996302469676834
1.309535020482668e-07,0.9996302469719587
1.336983741824945e-07,0.9996302469763236
1.365007806546014e-07,0.99963024698078
1.393619274224144e-07,0.9996302469853298
1.422830457214352e-07,0.9996302469899749
1.452653925946781e-07,0.9996302469947174
1.483102514336103e-07,0.9996302469995594
1.514189325304352e-07,0.9996302470045026
1.545927736419479e-07,0.9996302470095497
1.578331405652117e-07,0.9996302470147026
1.61141427725302e-07,0.9996302470199634
1.645190587753661e-07,0.9996302470253344
1.679674872092653e-07,0.9996302470308183
1.714881969870541e-07,0.9996302470364169
1.750827031735723e-07,0.9996302470421328
1.787525525904236e-07,0.9996302470479685
1.824993244816151e-07,0.9996302470539267
1.86324631193156e-07,0.9996302470600097
1.902301188668946e-07,0.9996302470662202
1.942174681489024e-07,0.9996302470725609
1.982883949127071e-07,0.9996302470790344
2.024446509976802e-07,0.9996302470856437
2.066880249629082e-07,0.9996302470923915
2.110203428568597e-07,0.9996302470992807
2.154434690031882e-07,0.9996302471063144
2.199593068030075e-07,0.9996302471134955
2.245697995539772e-07,0.999630247120827
2.292769312865649e-07,0.9996302471283123
2.340827276178294e-07,0.9996302471359545
2.389892566231048e-07,0.9996302471437568
2.43998629725955e-07,0.9996302471517227
2.491130026067786e-07,0.9996302471598555
2.543345761304648e-07,0.9996302471681588
2.596655972934872e-07,0.9996302471766363
2.651083601908536e-07,0.9996302471852914
2.706652070033241e-07,0.9996302471941277
2.763385290053167e-07,0.9996302472031494
2.82130767593947e-07,0.9996302472123603
2.880444153396298e-07,0.9996302472217641
2.940820170587061e-07,0.9996302472313651
3.002461709085549e-07,0.9996302472411673
3.065395295056524e-07,0.9996302472511749
3.12964801067075e-07,0.9996302472613924
3.195247505759214e-07,0.9996302472718239
3.262222009711673e-07,0.9996302472824743
3.330600343624589e-07,0.9996302472933477
3.400411932703703e-07,0.9996302473044492
3.471686818926559e-07,0.9996302473157832
3.544455673970435e-07,0.9996302473273548
3.618749812411284e-07,0.9996302473391692
3.694601205199302e-07,0.999630247351231
3.772042493416994e-07,0.9996302473635457
3.851107002325569e-07,0.9996302473761184
3.93182875570577e-07,0.9996302473889547
4.014242490499326e-07,0.9996302474020602
4.098383671757261e-07,0.9996302474154402
4.184288507901585e-07,0.9996302474291007
4.271993966306776e-07,0.9996302474430476
4.361537789208006e-07,0.9996302474572868
4.45295850994266e-07,0.9996302474718244
4.5462954695324e-07,0.9996302474866668
4.641588833612782e-07,0.9996302475018204
4.738879609717651e-07,0.9996302475172913
4.838209664925957e-07,0.9996302475330868
4.939621743878326e-07,0.9996302475492133
5.043159487171359e-07,0.9996302475656778
5.148867450137498e-07,0.9996302475824874
5.25679112201842e-07,0.9996302475996492
5.366976945540476e-07,0.999630247617171
5.479472336900293e-07,0.9996302476350599
5.594325706169378e-07,0.9996302476533239
5.711586478126435e-07,0.9996302476719705
5.831305113526218e-07,0.9996302476910081
5.95353313081437e-07,0.9996302477104446
6.078323128297237e-07,0.9996302477302887
6.205728806776501e-07,0.9996302477505485
6.335804992658255e-07,0.9996302477712331
6.468607661546321e-07,0.9996302477923513
6.604193962330305e-07,0.9996302478139122
6.742622241778349e-07,0.9996302478359249
6.883952069645496e-07,0.999630247858399
7.028244264308353e-07,0.9996302478813441
7.175560918936921e-07,0.9996302479047704
7.32596542821523e-07,0.9996302479286876
7.479522515621828e-07,0.9996302479531061
7.636298261282241e-07,0.9996302479780363
7.796360130405236e-07,0.9996302480034891
7.959777002314978e-07,0.9996302480294755
8.126619200091945e-07,0.9996302480560066
8.296958520834915e-07,0.9996302480830938
8.470868266557403e-07,0.9996302481107486
8.648423275731727e-07,0.9996302481389833
8.829699955494083e-07,0.9996302481678097
9.014776314524917e-07,0.9996302481972403
9.20373199661823e-07,0.9996302482272877
9.396648314954691e-07,0.9996302482579651
9.593608287093148e-07,0.9996302482892854
9.794696670695385e-07,0.9996302483212621
1e-06,0.9996302483539092
1.020960662306047e-06,0.9996302483872406
1.042360673976401e-06,0.9996302484212705
1.064209244064725e-06,0.9996302484560138
1.086515774652537e-06,0.9996302484914852
1.109289864895223e-06,0.9996302485277002
1.132541315152813e-06,0.9996302485646744
1.156280131207375e-06,0.9996302486024234
1.180516528568805e-06,0.9996302486409638
1.205260936870841e-06,0.9996302486803119
1.230524004359262e-06,0.9996302487204848
1.256316602474121e-06,0.9996302487614998
1.28264983052806e-06,0.9996302488033744
1.309535020482668e-06,0.9996302488461267
1.336983741824945e-06,0.9996302488897753
1.365007806546014e-06,0.9996302489343385
1.393619274224143e-06,0.9996302489798359
1.422830457214352e-06,0.9996302490262869
1.452653925946781e-06,0.9996302490737117
1.483102514336103e-06,0.9996302491221303
1.514189325304352e-06,0.9996302491715638
1.545927736419479e-06,0.9996302492220337
1.57833140565212e-06,0.9996302492735613
1.61141427725302e-06,0.9996302493261688
1.645190587753661e-06,0.9996302493798792
1.679674872092653e-06,0.9996302494347153
1.714881969870541e-06,0.9996302494907008
1.750827031735727e-06,0.9996302495478597
1.787525525904235e-06,0.9996302496062168
1.82499324481615e-06,0.9996302496657969
1.86324631193156e-06,0.9996302497266261
1.902301188668946e-06,0.9996302497887302
1.942174681489028e-06,0.9996302498521359
1.982883949127071e-06,0.9996302499168706
2.024446509976802e-06,0.9996302499829621
2.066880249629082e-06,0.9996302500504392
2.110203428568597e-06,0.9996302501193304
2.154434690031886e-06,0.9996302501896657
2.199593068030075e-06,0.9996302502614751
2.245697995539772e-06,0.9996302503347898
2.292769312865649e-06,0.999630250409641
2.340827276178294e-06,0.9996302504860612
2.389892566231052e-06,0.9996302505640833
2.43998629725955e-06,0.9996302506437407
2.491130026067786e-06,0.9996302507250676
2.543345761304648e-06,0.9996302508080993
2.596655972934872e-06,0.9996302508928713
2.651083601908542e-06,0.9996302509794202
2.706652070033241e-06,0.999630251067783
2.763385290053167e-06,0.9996302511579981
2.821307675939471e-06,0.999630251250104
2.880444153396298e-06,0.9996302513441404
2.940820170587067e-06,0.9996302514401479
3.002461709085549e-06,0.9996302515381678
3.065395295056524e-06,0.999630251638242
3.129648010670751e-06,0.9996302517404141
3.195247505759214e-06,0.9996302518447275
3.262222009711673e-06,0.9996302519512273
3.330600343624589e-06,0.9996302520599594
3.400411932703702e-06,0.9996302521709706
3.47168681892656e-06,0.9996302522843086
3.544455673970436e-06,0.999630252400022
3.618749812411284e-06,0.9996302525181608
3.694601205199302e-06,0.9996302526387759
3.772042493416993e-06,0.9996302527619191
3.851107002325569e-06,0.9996302528876433
3.93182875570577e-06,0.9996302530160026
4.014242490499326e-06,0.9996302531470524
4.098383671757261e-06,0.999630253280849
4.184288507901576e-06,0.9996302534174499
4.271993966306777e-06,0.999630253556914
4.361537789208005e-06,0.9996302536993014
4.45295850994266e-06,0.999630253844673
4.5462954695324e-06,0.9996302539930917
4.641588833612773e-06,0.9996302541446211
4.738879609717651e-06,0.9996302542993266
4.838209664925957e-06,0.9996302544572746
4.939621743878326e-06,0.9996302546185333
5.043159487171359e-06,0.9996302547831719
5.148867450137487e-06,0.9996302549512612
5.25679112201842e-06,0.9996302551228737
5.366976945540476e-06,0.9996302552980831
5.479472336900293e-06,0.9996302554769649
5.594325706169378e-06,0.999630255659596
5.711586478126423e-06,0.999630255846055
5.831305113526219e-06,0.9996302560364221
5.95353313081437e-06,0.9996302562307791
6.078323128297237e-06,0.9996302564292098
6.205728806776501e-06,0.9996302566317996
6.335804992658241e-06,0.9996302568386355
6.468607661546321e-06,0.9996302570498066
6.604193962330305e-06,0.9996302572654037
6.742622241778349e-06,0.9996302574855196
6.883952069645496e-06,0.9996302577102489
7.028244264308338e-06,0.9996302579396886
7.175560918936921e-06,0.9996302581739371
7.32596542821523e-06,0.9996302584130955
7.479522515621829e-06,0.9996302586572663
7.636298261282242e-06,0.9996302589065548
7.796360130405221e-06,0.9996302591610682
7.959777002314978e-06,0.999630259420916
8.126619200091945e-06,0.99963025968621
8.296958520834915e-06,0.9996302599570643
8.470868266557402e-06,0.9996302602335956
8.648423275731709e-06,0.9996302605159226
8.829699955494083e-06,0.9996302608041671
9.014776314524917e-06,0.9996302610984528
9.20373199661823e-06,0.9996302613989065
9.396648314954691e-06,0.9996302617056574
9.593608287093147e-06,0.9996302620188373
9.794696670695386e-06,0.9996302623385813
1e-05,0.9996302626650269
1.020960662306048e-05,0.9996302629983141
1.042360673976401e-05,0.9996302633385868
1.064209244064725e-05,0.9996302636859912
1.086515774652537e-05,0.9996302640406767
1.109289864895223e-05,0.9996302644027959
1.132541315152813e-05,0.9996302647725047
1.156280131207375e-05,0.999630265149962
1.180516528568806e-05,0.9996302655353304
1.205260936870841e-05,0.9996302659287755
1.230524004359262e-05,0.9996302663304665
1.256316602474121e-05,0.9996302667405764
1.28264983052806e-05,0.9996302671592815
1.309535020482668e-05,0.999630267586762
1.336983741824945e-05,0.9996302680232017
1.365007806546014e-05,0.9996302684687884
1.393619274224143e-05,0.9996302689237139
1.422830457214352e-05,0.9996302693881737
1.452653925946781e-05,0.9996302698623676
1.483102514336103e-05,0.9996302703464999
1.514189325304352e-05,0.9996302708407784
1.545927736419479e-05,0.9996302713454159
1.578331405652116e-05,0.9996302718606296
1.61141427725302e-05,0.9996302723866411
1.645190587753661e-05,0.9996302729236766
1.679674872092653e-05,0.9996302734719671
1.714881969870541e-05,0.9996302740317484
1.750827031735727e-05,0.9996302746032614
1.787525525904236e-05,0.9996302751867518
1.82499324481615e-05,0.9996302757824708
1.86324631193156e-05,0.9996302763906744
1.902301188668946e-05,0.9996302770116242
1.942174681489028e-05,0.9996302776455874
1.982883949127071e-05,0.9996302782928366
2.024446509976802e-05,0.9996302789536504
2.066880249629082e-05,0.9996302796283127
2.110203428568597e-05,0.9996302803171139
2.154434690031887e-05,0.9996302810203501
2.199593068030075e-05,0.999630281738324
2.245697995539772e-05,0.9996302824713441
2.292769312865649e-05,0.9996302832197259
2.340827276178294e-05,0.9996302839837911
2.389892566231053e-05,0.9996302847638683
2.43998629725955e-05,0.999630285560293
2.491130026067786e-05,0.9996302863734079
2.543345761304648e-05,0.9996302872035624
2.596655972934872e-05,0.9996302880511136
2.651083601908542e-05,0.9996302889164262
2.706652070033241e-05,0.9996302897998721
2.763385290053167e-05,0.9996302907018313
2.821307675939471e-05,0.9996302916226916
2.880444153396298e-05,0.9996302925628489
2.940820170587067e-05,0.9996302935227076
3.002461709085549e-05,0.9996302945026805
3.065395295056524e-05,0.9996302955031888
3.12964801067075e-05,0.9996302965246631
3.195247505759214e-05,0.9996302975675422
3.262222009711673e-05,0.9996302986322745
3.330600343624589e-05,0.9996302997193182
3.400411932703703e-05,0.9996303008291403
3.471686818926559e-05,0.9996303019622182
3.544455673970435e-05,0.999630303119039
3.618749812411284e-05,0.9996303043001002
3.694601205199302e-05,0.9996303055059093
3.772042493416993e-05,0.9996303067369848
3.851107002325569e-05,0.9996303079938561
3.93182875570577e-05,0.9996303092770633
4.014242490499326e-05,0.9996303105871582
4.098383671757261e-05,0.9996303119247042
4.184288507901576e-05,0.999630313290276
4.271993966306776e-05,0.9996303146844605
4.361537789208006e-05,0.9996303161078572
4.45295850994266e-05,0.9996303175610781
4.5462954695324e-05,0.9996303190447475
4.641588833612772e-05,0.9996303205595034
4.738879609717651e-05,0.9996303221059968
4.838209664925957e-05,0.9996303236848925
4.939621743878326e-05,0.9996303252968688
5.043159487171359e-05,0.9996303269426188
5.148867450137487e-05,0.9996303286228496
5.256791122018419e-05,0.9996303303382834
5.366976945540476e-05,0.9996303320896573
5.479472336900293e-05,0.9996303338777243
5.594325706169377e-05,0.9996303357032523
5.711586478126424e-05,0.9996303375670261
5.831305113526218e-05,0.9996303394698465
5.95353313081437e-05,0.9996303414125308
6.078323128297237e-05,0.9996303433959142
6.2057288067765e-05,0.9996303454208486
6.335804992658241e-05,0.9996303474882041
6.468607661546321e-05,0.999630349598869
6.604193962330305e-05,0.9996303517537497
6.742622241778349e-05,0.9996303539537725
6.883952069645496e-05,0.9996303561998821
7.028244264308338e-05,0.9996303584930435
7.175560918936922e-05,0.9996303608342416
7.32596542821523e-05,0.9996303632244823
7.479522515621829e-05,0.999630365664792
7.636298261282242e-05,0.9996303681562191
7.79636013040522e-05,0.9996303706998335
7.959777002314978e-05,0.9996303732967275
8.126619200091945e-05,0.9996303759480167
8.296958520834916e-05,0.9996303786548393
8.470868266557403e-05,0.9996303814183578
8.648423275731709e-05,0.9996303842397589
8.829699955494083e-05,0.999630387120254
9.014776314524917e-05,0.9996303900610799
9.203731996618231e-05,0.999630393063499
9.39664831495469e-05,0.9996303961288006
9.593608287093147e-05,0.9996303992583004
9.794696670695385e-05,0.999630402453342
0.0001,0.9996304057152969
0.0001020960662306048,0.999630409045565
0.0001042360673976401,0.9996304124455758
0.0001064209244064725,0.9996304159167886
0.0001086515774652537,0.9996304194606931
0.0001109289864895223,0.9996304230788099
0.0001132541315152813,0.9996304267726919
0.0001156280131207375,0.9996304305439239
0.0001180516528568806,0.999630434394124
0.0001205260936870841,0.999630438324944
0.0001230524004359262,0.9996304423380704
0.0001256316602474122,0.9996304464352248
0.000128264983052806,0.9996304506181644
0.0001309535020482668,0.9996304548886834
0.0001336983741824945,0.9996304592486136
0.0001365007806546014,0.9996304636998248
0.0001393619274224143,0.9996304682442256
0.0001422830457214352,0.9996304728837647
0.0001452653925946781,0.9996304776204314
0.0001483102514336103,0.9996304824562565
0.0001514189325304352,0.9996304873933133
0.0001545927736419478,0.9996304924337178
0.0001578331405652116,0.9996304975796307
0.000161141427725302,0.9996305028332575
0.0001645190587753661,0.9996305081968497
0.0001679674872092653,0.9996305136727057
0.0001714881969870541,0.9996305192631718
0.0001750827031735723,0.9996305249706433
0.0001787525525904235,0.9996305307975653
0.0001824993244816151,0.9996305367464338
0.000186324631193156,0.9996305428197967
0.0001902301188668946,0.9996305490202555
0.0001942174681489025,0.9996305553504654
0.0001982883949127071,0.9996305618131367
0.0002024446509976802,0.9996305684110368
0.0002066880249629082,0.9996305751469901
0.0002110203428568597,0.9996305820238799
0.0002154434690031882,0.9996305890446497
0.0002199593068030075,0.9996305962123044
0.0002245697995539772,0.9996306035299108
0.0002292769312865649,0.9996306110006001
0.0002340827276178294,0.9996306186275681
0.0002389892566231048,0.9996306264140775
0.000243998629725955,0.9996306343634589
0.0002491130026067791,0.9996306424791113
0.0002543345761304648,0.9996306507645054
0.0002596655972934873,0.9996306592231834
0.0002651083601908536,0.9996306678587611
0.0002706652070033241,0.9996306766749296
0.0002763385290053172,0.9996306856754567
0.0002821307675939471,0.9996306948641882
0.0002880444153396298,0.9996307042450499
0.000294082017058706,0.999630713822049
0.0003002461709085549,0.9996307235992761
0.000306539529505653,0.999630733580906
0.000312964801067075,0.9996307437712009
0.0003195247505759214,0.9996307541745109
0.0003262222009711667,0.9996307647952765
0.0003330600343624589,0.99963077563803
0.000340041193270371,0.9996307867073979
0.000347168681892656,0.9996307980081023
0.0003544455673970436,0.9996308095449633
0.0003618749812411277,0.9996308213229008
0.0003694601205199302,0.9996308333469364
0.0003772042493417001,0.9996308456221956
0.0003851107002325569,0.9996308581539104
0.000393182875570577,0.9996308709474204
0.0004014242490499318,0.9996308840081761
0.0004098383671757261,0.9996308973417404
0.0004184288507901585,0.9996309109537912
0.0004271993966306776,0.9996309248501241
0.0004361537789208006,0.9996309390366536
0.0004452958509942651,0.999630953519417
0.0004546295469532399,0.9996309683045763
0.0004641588833612782,0.9996309833984202
0.0004738879609717651,0.9996309988073671
0.0004838209664925957,0.9996310145379684
0.0004939621743878316,0.9996310305969098
0.0005043159487171359,0.9996310469910152
0.0005148867450137498,0.9996310637272492
0.0005256791122018419,0.9996310808127193
0.0005366976945540476,0.9996310982546797
0.0005479472336900282,0.9996311160605336
0.0005594325706169377,0.9996311342378369
0.0005711586478126435,0.9996311527943005
0.0005831305113526219,0.9996311717377937
0.000595353313081437,0.9996311910763478
0.0006078323128297224,0.9996312108181589
0.0006205728806776501,0.9996312309715909
0.0006335804992658254,0.9996312515451802
0.0006468607661546321,0.9996312725476372
0.0006604193962330305,0.9996312939878516
0.0006742622241778335,0.9996313158748948
0.0006883952069645496,0.9996313382180246
0.0007028244264308353,0.9996313610266875
0.0007175560918936921,0.9996313843105235
0.000732596542821523,0.99963140807937
0.0007479522515621828,0.999631432343265
0.0007636298261282241,0.9996314571124519
0.0007796360130405237,0.9996314823973832
0.0007959777002314978,0.9996315082087242
0.0008126619200091946,0.9996315345573581
0.0008296958520834915,0.9996315614543897
0.0008470868266557402,0.9996315889111501
0.0008648423275731727,0.9996316169392008
0.0008829699955494083,0.9996316455503387
0.0009014776314524918,0.9996316747566005
0.000920373199661823,0.9996317045702672
0.000939664831495469,0.999631735003869
0.0009593608287093146,0.999631766070191
0.0009794696670695387,0.9996317977822766
0.001,0.9996318301534343
0.001020960662306047,0.9996318631972412
0.001042360673976401,0.9996318969275493
0.001064209244064725,0.9996319313584909
0.001086515774652537,0.9996319665044836
0.001109289864895223,0.9996320023802358
0.001132541315152813,0.9996320390007523
0.001156280131207375,0.9996320763813408
0.001180516528568806,0.9996321145376166
0.001205260936870841,0.9996321534855095
0.001230524004359262,0.9996321932412688
0.001256316602474122,0.9996322338214709
0.00128264983052806,0.999632275243024
0.001309535020482668,0.9996323175231753
0.001336983741824945,0.9996323606795172
0.001365007806546014,0.9996324047299946
0.001393619274224143,0.9996324496929099
0.001422830457214352,0.9996324955869313
0.001452653925946781,0.9996325424310997
0.001483102514336103,0.9996325902448342
0.001514189325304352,0.9996326390479409
0.001545927736419478,0.9996326888606192
0.001578331405652117,0.9996327397034698
0.00161141427725302,0.9996327915975014
0.001645190587753661,0.9996328445641389
0.001679674872092653,0.9996328986252306
0.001714881969870541,0.9996329538030569
0.001750827031735723,0.9996330101203373
0.001787525525904235,0.999633067600239
0.00182499324481615,0.9996331262663846
0.00186324631193156,0.9996331861428613
0.001902301188668946,0.9996332472542288
0.001942174681489024,0.9996333096255274
0.001982883949127072,0.9996333732822877
0.002024446509976802,0.999633438250539
0.002066880249629082,0.9996335045568174
0.002110203428568597,0.9996335722281767
0.002154434690031882,0.999633641292196
0.002199593068030075,0.9996337117769893
0.002245697995539772,0.9996337837112159
0.002292769312865649,0.999633857124089
0.002340827276178294,0.9996339320453858
0.002389892566231048,0.9996340085054571
0.00243998629725955,0.9996340865352378
0.002491130026067791,0.9996341661662564
0.002543345761304648,0.9996342474306454
0.002596655972934872,0.999634330361152
0.002651083601908536,0.9996344149911481
0.002706652070033241,0.999634501354641
0.002763385290053173,0.9996345894862843
0.002821307675939471,0.9996346794213884
0.002880444153396298,0.999634771195932
0.002940820170587061,0.9996348648465727
0.003002461709085549,0.999634960410658
0.00306539529505653,0.9996350579262374
0.00312964801067075,0.9996351574320731
0.003195247505759214,0.9996352589676516
0.003262222009711667,0.9996353625731959
0.003330600343624588,0.9996354682896762
0.00340041193270371,0.9996355761588228
0.003471686818926559,0.9996356862231375
0.003544455673970436,0.9996357985259055
0.003618749812411277,0.9996359131112077
0.003694601205199302,0.9996360300239331
0.003772042493417001,0.9996361493097907
0.003851107002325569,0.999636271015322
0.003931828755705771,0.9996363951879135
0.004014242490499318,0.999636521875809
0.004098383671757262,0.9996366511281223
0.004184288507901585,0.9996367829948499
0.004271993966306777,0.9996369175268836
0.004361537789208006,0.9996370547760225
0.004452958509942651,0.9996371947949871
0.0045462954695324,0.999637337637431
0.004641588833612782,0.9996374833579538
0.004738879609717651,0.9996376320121139
0.004838209664925958,0.9996377836564417
0.004939621743878316,0.999637938348452
0.005043159487171359,0.9996380961466567
0.005148867450137497,0.9996382571105773
0.005256791122018419,0.9996384213007583
0.005366976945540477,0.9996385887787793
0.005479472336900281,0.9996387596072673
0.005594325706169377,0.9996389338499099
0.005711586478126435,0.999639111571467
0.005831305113526219,0.9996392928377835
0.00595353313081437,0.9996394777158009
0.006078323128297224,0.9996396662735703
0.0062057288067765,0.9996398585802631
0.006335804992658254,0.9996400547061837
0.006468607661546321,0.9996402547227804
0.006604193962330305,0.9996404587026566
0.006742622241778335,0.9996406667195826
0.006883952069645496,0.9996408788485057
0.007028244264308352,0.9996410951655612
0.007175560918936921,0.9996413157480823
0.00732596542821523,0.9996415406746106
0.007479522515621813,0.9996417700249056
0.007636298261282242,0.9996420038799536
0.007796360130405237,0.9996422423219771
0.007959777002314978,0.9996424854344428
0.008126619200091946,0.9996427333020703
0.008296958520834915,0.9996429860108398
0.008470868266557402,0.9996432436479985
0.008648423275731726,0.9996435063020673
0.008829699955494083,0.9996437740628481
0.009014776314524917,0.9996440470214276
0.00920373199661823,0.9996443252701837
0.009396648314954691,0.9996446089027885
0.009593608287093146,0.999644898014213
0.009794696670695385,0.999645192700729
0.01,0.999645493059912
0.01020960662306048,0.999645799190642
0.01042360673976401,0.9996461111931043
0.01064209244064725,0.999646429168789
0.01086515774652537,0.9996467532204895
0.01109289864895223,0.999647083452301
0.01132541315152813,0.9996474199696167
0.01156280131207375,0.9996477628791236
0.01180516528568806,0.9996481122887972
0.01205260936870841,0.9996484683078957
0.01230524004359262,0.9996488310469512
0.01256316602474121,0.9996492006177617
0.0128264983052806,0.999649577133381
0.01309535020482668,0.9996499607081066
0.01336983741824945,0.9996503514574679
0.01365007806546014,0.999650749498211
0.01393619274224144,0.9996511549482836
0.01422830457214352,0.9996515679268174
0.01452653925946781,0.9996519885541097
0.01483102514336103,0.9996524169516028
0.01514189325304352,0.9996528532418612
0.01545927736419479,0.9996532975485488
0.01578331405652117,0.9996537499964024
0.0161141427725302,0.9996542107112047
0.01645190587753661,0.9996546798197536
0.01679674872092653,0.9996551574498325
0.01714881969870541,0.9996556437301751
0.01750827031735723,0.999656138790431
0.01787525525904235,0.9996566427611271
0.0182499324481615,0.9996571557736278
0.0186324631193156,0.9996576779600927
0.01902301188668946,0.9996582094534328
0.01942174681489025,0.9996587503872615
0.01982883949127071,0.9996593008958472
0.02024446509976802,0.9996598611140604
0.02066880249629082,0.9996604311773185
0.02110203428568597,0.9996610112215305
0.02154434690031882,0.9996616013830347
0.02199593068030075,0.9996622017985386
0.02245697995539772,0.9996628126050515
0.02292769312865649,0.9996634339398177
0.02340827276178294,0.9996640659402449
0.02389892566231048,0.9996647087438302
0.0243998629725955,0.9996653624880834
0.02491130026067786,0.9996660273104468
0.02543345761304648,0.9996667033482127
0.02596655972934872,0.9996673907384372
0.02651083601908536,0.9996680896178505
0.02706652070033241,0.9996688001227654
0.02763385290053173,0.9996695223889815
0.02821307675939471,0.9996702565516871
0.02880444153396298,0.9996710027453566
0.02940820170587061,0.9996717611036463
0.03002461709085549,0.9996725317592858
0.0306539529505653,0.9996733148439669
0.03129648010670751,0.9996741104882289
0.03195247505759213,0.9996749188213405
0.03262222009711666,0.9996757399711798
0.03330600343624589,0.9996765740641095
0.0340041193270371,0.9996774212248497
0.03471686818926559,0.9996782815763483
0.03544455673970436,0.9996791552396471
0.03618749812411277,0.9996800423337461
0.03694601205199302,0.9996809429754635
0.03772042493417001,0.9996818572792949
0.03851107002325569,0.9996827853572676
0.0393182875570577,0.9996837273187933
0.04014242490499318,0.9996846832705188
0.04098383671757262,0.9996856533161724
0.04184288507901585,0.9996866375564101
0.04271993966306777,0.9996876360886575
0.04361537789208006,0.9996886490069514
0.04452958509942651,0.9996896764017786
0.04546295469532399,0.9996907183599122
0.04641588833612782,0.999691774964248
0.04738879609717651,0.9996928462936373
0.04838209664925957,0.9996939324227208
0.04939621743878315,0.9996950334217594
0.05043159487171359,0.999696149356465
0.05148867450137497,0.9996972802878309
0.05256791122018419,0.999698426271961
0.05366976945540476,0.9996995873598997
0.05479472336900281,0.9997007635974613
0.05594325706169378,0.9997019550250597
0.05711586478126435,0.9997031616775389
0.05831305113526219,0.9997043835840048
0.0595353313081437,0.9997056207676576
0.06078323128297224,0.999706873245625
0.062057288067765,0.9997081410287998
0.06335804992658255,0.999709424121676
0.0646860766154632,0.9997107225221901
0.06604193962330306,0.9997120362215643
0.06742622241778336,0.9997133652041528
0.06883952069645496,0.9997147094472907
0.07028244264308353,0.9997160689211488
0.07175560918936921,0.9997174435885904
0.0732596542821523,0.9997188334050338
0.07479522515621813,0.9997202383183195
0.07636298261282241,0.9997216582685827
0.07796360130405237,0.9997230931881316
0.07959777002314977,0.9997245430013304
0.08126619200091946,0.9997260076244914
0.08296958520834916,0.9997274869657705
0.08470868266557402,0.9997289809250732
0.08648423275731726,0.9997304893939649
0.08829699955494083,0.9997320122555915
0.09014776314524918,0.999733549384607
0.09203731996618231,0.9997351006471096
0.09396648314954691,0.9997366659005871
0.09593608287093147,0.9997382449938713
0.09794696670695385,0.9997398377671023
0.1,0.9997414440517014
0.1020960662306048,0.9997430636703556
0.1042360673976401,0.9997446964370112
0.1064209244064725,0.9997463421568793
0.1086515774652537,0.9997480006264509
0.1109289864895223,0.9997496716335235
0.1132541315152813,0.9997513549572399
0.1156280131207375,0.9997530503681368
0.1180516528568806,0.9997547576282062
0.1205260936870841,0.9997564764909685
0.1230524004359262,0.9997582067015569
0.1256316602474122,0.9997599479968136
0.128264983052806,0.9997617001053989
0.1309535020482668,0.9997634627479121
0.1336983741824945,0.9997652356370235
0.1365007806546014,0.9997670184776188
0.1393619274224144,0.9997688109669569
0.1422830457214352,0.9997706127948369
0.1452653925946781,0.9997724236437792
0.1483102514336103,0.9997742431892167
0.1514189325304352,0.9997760710996982
0.1545927736419478,0.9997779070371029
0.1578331405652116,0.9997797506568651
0.161141427725302,0.9997816016082108
0.1645190587753661,0.9997834595344044
0.1679674872092653,0.9997853240730041
0.1714881969870541,0.9997871948561297
0.1750827031735723,0.9997890715107365
0.1787525525904236,0.9997909536589011
0.182499324481615,0.9997928409181145
0.186324631193156,0.9997947329015816
0.1902301188668946,0.9997966292185319
0.1942174681489025,0.9997985294745341
0.1982883949127071,0.9998004332718181
0.2024446509976802,0.999802340209604
0.2066880249629082,0.9998042498844351
0.2110203428568597,0.9998061618905167
0.2154434690031882,0.9998080758200585
0.2199593068030075,0.9998099912636209
0.2245697995539772,0.9998119078104648
0.2292769312865649,0.9998138250489027
0.2340827276178294,0.9998157425666523
0.2389892566231048,0.999817659951191
0.243998629725955,0.9998195767901106
0.2491130026067786,0.9998214926714728
0.2543345761304648,0.9998234071841621
0.2596655972934873,0.9998253199182383
0.2651083601908536,0.9998272304652875
0.2706652070033241,0.9998291384187687
0.2763385290053172,0.9998310433743582
0.2821307675939471,0.9998329449302894
0.2880444153396298,0.9998348426876886
0.2940820170587061,0.9998367362509049
0.3002461709085549,0.9998386252278341
0.306539529505653,0.9998405092302378
0.312964801067075,0.9998423878740543
0.3195247505759213,0.9998442607797018
0.3262222009711667,0.9998461275723747
0.3330600343624588,0.9998479878823316
0.340041193270371,0.9998498413451737
0.3471686818926559,0.9998516876021144
0.3544455673970436,0.9998535263002393
0.3618749812411277,0.9998553570927564
0.3694601205199303,0.9998571796392361
0.3772042493417002,0.9998589936058395
0.3851107002325569,0.9998607986655376
0.393182875570577,0.9998625944983178
0.4014242490499318,0.9998643807913803
0.4098383671757261,0.9998661572393216
0.4184288507901585,0.9998679235443078
0.4271993966306777,0.9998696794162348
0.4361537789208006,0.9998714245728777
0.4452958509942651,0.9998731587400274
0.4546295469532399,0.999874881651615
0.4641588833612782,0.9998765930498257
0.4738879609717651,0.9998782926851989
0.4838209664925957,0.9998799803167169
0.4939621743878316,0.9998816557118827
0.5043159487171359,0.9998833186467844
0.5148867450137498,0.9998849689061493
0.5256791122018419,0.9998866062833858
0.5366976945540476,0.999888230580614
0.5479472336900282,0.9998898416086851
0.5594325706169377,0.9998914391871906
0.5711586478126435,0.9998930231444594
0.5831305113526218,0.999894593317546
0.595353313081437,0.9998961495522074
0.6078323128297224,0.9998976917028701
0.62057288067765,0.9998992196325889
0.6335804992658254,0.9999007332129937
0.6468607661546321,0.9999022323242308
0.6604193962330305,0.9999037168548924
0.6742622241778335,0.9999051867019395
0.6883952069645496,0.9999066417706166
0.7028244264308353,0.9999080819743584
0.7175560918936921,0.9999095072346893
0.732596542821523,0.9999109174811172
0.7479522515621814,0.9999123126510181
0.7636298261282242,0.999913692689518
0.7796360130405237,0.9999150575493663
0.7959777002314977,0.9999164071908049
0.8126619200091946,0.9999177415814322
0.8296958520834898,0.9999190606960624
0.8470868266557402,0.9999203645165808
0.8648423275731727,0.9999216530317944
0.8829699955494082,0.9999229262372791
0.9014776314524917,0.9999241841352249
0.9203731996618231,0.9999254267342763
0.9396648314954691,0.9999266540493714
0.9593608287093147,0.9999278661015787
0.9794696670695385,0.9999290629179312
1,0.9999302445312597
1.020960662306048,0.999931410980025
1.042360673976403,0.9999325623081481
1.064209244064722,0.9999336985648402
1.086515774652537,0.9999348198044328
1.109289864895223,0.9999359260862068
1.132541315152813,0.9999370174742226
1.156280131207378,0.9999380940371491
1.180516528568803,0.9999391558480949
1.205260936870841,0.9999402029844394
1.230524004359262,0.9999412355276649
1.256316602474121,0.9999422535631902
1.282649830528062,0.9999432571802054
1.309535020482665,0.9999442464715083
1.336983741824945,0.9999452215333428
1.365007806546014,0.9999461824652387
1.393619274224144,0.9999471293698539
1.422830457214355,0.9999480623528192
1.452653925946778,0.9999489815225843
1.483102514336103,0.999949886990267
1.514189325304352,0.9999507788695052
1.545927736419479,0.9999516572763112
1.57833140565212,0.9999525223289283
1.611414277253017,0.9999533741476905
1.645190587753661,0.9999542128548862
1.679674872092653,0.9999550385746228
1.714881969870541,0.9999558514326961
1.750827031735727,0.9999566515564614
1.787525525904232,0.9999574390747092
1.824993244816151,0.9999582141175425
1.86324631193156,0.999958976816258
1.902301188668946,0.9999597273032306
1.942174681489028,0.9999604657118009
1.982883949127067,0.9999611921761657
2.024446509976802,0.9999619068312724
2.066880249629082,0.9999626098127152
2.110203428568596,0.9999633012566365
2.154434690031886,0.9999639812996293
2.19959306803007,0.9999646500786448
2.245697995539772,0.9999653077309013
2.292769312865649,0.9999659543937978
2.340827276178294,0.9999665902048295
2.389892566231053,0.9999672153015069
2.439986297259545,0.999967829821278
2.491130026067786,0.9999684339014533
2.543345761304648,0.9999690276791332
2.596655972934872,0.9999696112911397
2.651083601908542,0.9999701848739493
2.706652070033236,0.9999707485636298
2.763385290053167,0.9999713024957795
2.821307675939471,0.999971846805469
2.880444153396298,0.999972381627186
2.940820170587067,0.999972907094782
3.002461709085543,0.9999734233414219
3.065395295056524,0.9999739304995365
3.12964801067075,0.9999744287007772
3.195247505759214,0.9999749180759723
3.262222009711673,0.9999753987550861
3.330600343624582,0.9999758708671812
3.400411932703703,0.9999763345403814
3.47168681892656,0.9999767899018375
3.544455673970436,0.9999772370776954
3.618749812411284,0.999977676193065
3.694601205199295,0.9999781073719938
3.772042493416994,0.9999785307374383
3.851107002325569,0.9999789464112407
3.93182875570577,0.9999793545141067
4.014242490499326,0.9999797551655829
4.098383671757253,0.9999801484840383
4.184288507901576,0.9999805345866466
4.271993966306777,0.9999809135893698
4.361537789208006,0.9999812856069431
4.45295850994266,0.9999816507528624
4.54629546953239,0.9999820091393715
4.641588833612772,0.9999823608774523
4.738879609717651,0.9999827060768147
4.838209664925957,0.9999830448458895
4.939621743878326,0.999983377291821
5.043159487171349,0.9999837035204606
5.148867450137487,0.9999840236363642
5.256791122018419,0.9999843377427862
5.366976945540476,0.9999846459416787
5.479472336900293,0.9999849483336892
5.594325706169389,0.9999852450181601
5.711586478126423,0.9999855360931287
5.831305113526219,0.9999858216553283
5.95353313081437,0.9999861018001905
6.078323128297236,0.9999863766218471
6.205728806776513,0.9999866462131337
6.335804992658241,0.9999869106655939
6.46860766154632,0.9999871700694841
6.604193962330306,0.9999874245137782
6.742622241778349,0.9999876740861739
6.883952069645511,0.9999879188730995
7.028244264308339,0.9999881589597197
7.175560918936921,0.9999883944299444
7.32596542821523,0.9999886253664358
7.479522515621829,0.9999888518506173
7.636298261282257,0.9999890739626816
7.796360130405221,0.9999892917816005
7.959777002314977,0.9999895053851342
8.126619200091946,0.999989714849841
8.296958520834915,0.999989920251088
8.470868266557419,0.999990121663061
8.648423275731709,0.9999903191587755
8.829699955494084,0.9999905128100877
9.014776314524918,0.9999907026877056
9.203731996618231,0.9999908888612008
9.39664831495471,0.9999910713990197
9.593608287093128,0.9999912503684956
9.794696670695386,0.9999914258358602
10,0.9999915978662566
