0.000000000
0.098594000
0.012023000
0.101174000
0.004953000
0.091165000
0.022524000
0.078123000
0.046548000
0.031562000
0.018028000
0.005990000
0.030049000
0.046575000
0.075629000
0.027513000
0.002484000
0.078666000
0.020505000
0.009528000
0.004978000
0.050098000
0.027539000
0.012508000
0.034570000
0.000968000
0.131255000
0.001944000
0.038619000
0.001440000
0.025555000
0.002484000
0.000088000
0.018460000
0.030042000
0.001992000
0.022594000
0.017473000
0.030035000
0.009522000
0.028539000
0.009031000
0.004976000
0.033083000
0.035532000
0.054129000
0.107634000
0.030542000
0.024034000
0.151741000
0.031517000
0.057100000
0.001966000
0.009531000
0.010519000
0.015032000
0.136238000
0.002945000
0.000523000
0.019532000
0.002987000
0.011036000
0.038050000
0.010010000
0.024071000
0.000444000
0.027061000
0.010516000
0.058105000
0.001970000
0.063600000
0.039572000
0.093155000
0.074083000
0.002479000
0.018061000
0.004474000
0.001520000
0.044078000
0.053589000
0.047554000
0.030043000
0.076640000
0.001454000
0.000996000
0.012542000
0.016028000
0.017070000
0.145217000
0.074607000
0.013977000
0.035554000
0.242381000
0.031504000
0.193816000
0.010486000
0.006518000
0.011015000
0.000480000
0.105699000
0.005969000
0.084168000
0.003465000
0.007025000
0.004490000
0.019560000
0.022022000
0.023041000
0.033043000
0.008009000
0.013536000
0.089151000
0.005493000
0.014503000
0.021537000
0.005497000
0.024052000
0.039076000
0.004462000
0.001543000
0.019045000
0.021497000
0.002476000
0.002002000
0.071633000
0.077122000
0.009992000
0.010036000
0.000071000
0.126618000
0.022516000
0.011023000
0.008000000
0.123706000
0.075605000
0.066114000
0.000040000
0.000105000
0.076969000
0.013996000
0.087660000
0.056583000
0.020014000
0.001470000
0.006521000
0.134226000
0.019010000
0.121191000
0.021014000
0.000075000
0.045495000
0.013013000
0.046578000
0.010998000
0.008015000
0.000072000
0.031484000
0.051589000
0.081624000
0.048563000
0.265907000
0.084646000
0.027523000
0.038533000
0.046573000
0.082210000
0.052991000
0.037548000
0.145222000
0.003467000
0.076649000
0.030023000
0.000485000
0.038582000
0.076130000
0.080618000
0.016498000
0.059109000
0.075107000
0.053088000
0.037061000
0.115180000
0.012498000
0.006477000
0.020541000
0.029047000
0.049601000
0.093636000
0.014009000
0.022006000
0.014026000
0.066612000
0.053082000
0.014505000
0.018539000
0.142225000
0.000461000
0.016041000
0.075136000
0.052054000
0.003523000
0.037038000
0.079632000
0.047587000
0.052084000
0.005466000
0.063613000
0.008494000
0.000482000
0.005057000
0.083106000
0.063587000
0.009505000
0.009008000
0.001982000
0.013550000
0.000472000
0.002505000
0.014040000
0.018541000
0.082120000
0.076619000
0.010496000
0.053142000
0.100612000
0.020012000
0.046090000
0.070090000
0.139216000
0.037045000
0.005479000
0.003022000
0.035420000
0.084784000
0.001460000
0.022062000
0.014008000
0.004018000
0.120178000
0.267403000
0.000077000
0.094571000
0.031512000
0.025542000
0.024526000
0.069138000
0.014485000
0.013025000
0.123709000
0.000071000
0.012924000
0.070634000
0.017030000
0.105146000
0.052055000
0.003481000
0.035600000
0.061075000
0.078115000
0.026514000
0.049088000
0.015508000
0.003486000
0.068650000
0.100147000
0.001459000
0.014041000
0.003485000
0.002501000
0.092687000
0.045042000
0.237393000
0.006500000
0.003458000
0.009038000
0.029542000
0.092650000
0.029530000
0.046086000
0.013486000
0.003499000
0.004513000
0.025547000
0.056099000
0.153721000
0.008996000
0.028557000
0.091644000
0.034042000
0.103165000
0.133690000
0.061602000
0.003476000
0.057121000
0.015006000
0.009498000
0.066103000
0.036062000
0.068088000
0.046084000
0.038043000
0.032045000
0.019027000
0.090640000
0.002476000
0.111689000
0.000073000
0.039476000
0.010510000
0.058110000
0.024016000
0.117196000
0.009486000
0.075631000
0.056575000
0.045081000
0.021026000
0.041577000
0.088122000
0.001459000
0.003002000
0.004007000
0.158765000
0.092136000
0.095139000
0.008491000
0.060104000
0.053085000
0.008503000
0.003475000
0.019554000
0.014515000
0.001487000
0.128238000
0.033548000
0.117679000
0.032533000
0.024048000
0.005984000
0.040601000
0.076611000
0.079090000
0.015020000
0.031063000
0.013480000
0.011535000
0.060599000
0.012010000
0.200805000
0.007486000
0.003987000
0.016551000
0.021031000
0.036067000
0.056584000
0.020514000
0.027561000
0.002986000
0.146255000
0.072103000
0.000042000
0.044508000
0.026057000
0.040031000
0.063118000
0.003967000
0.031562000
0.051593000
0.062590000
0.026006000
0.037074000
0.193291000
0.013992000
0.020033000
0.032556000
0.006495000
0.197835000
0.060072000
0.003982000
0.057611000
0.079127000
0.153239000
0.005959000
0.166282000
0.042045000
0.140705000
0.037047000
0.028050000
0.142721000
0.018507000
0.008501000
0.016032000
0.074126000
0.064081000
0.062120000
0.038044000
0.000045000
0.051547000
0.119668000
0.065598000
0.004455000
0.119223000
0.184760000
0.005472000
0.000494000
0.004027000
0.048080000
0.053593000
0.153737000
0.089124000
0.116189000
0.042536000
0.028038000
0.002982000
0.027072000
0.060577000
0.078135000
0.088117000
0.034037000
0.077121000
0.031534000
0.003988000
0.035587000
0.074101000
0.009508000
0.042080000
0.105164000
0.138196000
0.051567000
0.042091000
0.060585000
0.110652000
0.000962000
0.000089000
0.067062000
0.016484000
0.177283000
0.078103000
0.061592000
0.059597000
0.000462000
0.037574000
0.010010000
0.008020000
0.055605000
0.012995000
0.099676000
0.011491000
0.075125000
0.018530000
0.020011000
0.131237000
0.040035000
0.062088000
0.045569000
0.004474000
0.018541000
0.040072000
0.038048000
0.000078000
0.003412000
0.011518000
0.033550000
0.029560000
0.044086000
0.108649000
0.017509000
0.002476000
0.062127000
0.101165000
0.016508000
0.021035000
0.117682000
0.081621000
0.289934000
0.080094000
0.129197000
0.052065000
0.008485000
0.033074000
0.066626000
0.157236000
0.123666000
0.001483000
0.046614000
0.134201000
0.044522000
0.064119000
0.229388000
0.110108000
0.060075000
0.026518000
0.036076000
0.036556000
0.066589000
0.055589000
0.059096000
0.016502000
0.025060000
0.019004000
0.079660000
0.023006000
0.097655000
0.069601000
0.010480000
0.073135000
0.027519000
0.004484000
0.014535000
0.017532000
0.079634000
0.051081000
0.032037000
0.043064000
0.004480000
0.107702000
0.036549000
0.056639000
0.054019000
0.018023000
0.027043000
0.077628000
0.042580000
0.005978000
0.179771000
0.001468000
0.001501000
0.142753000
0.089621000
0.016003000
0.078634000
0.021516000
0.018529000
0.157267000
0.085621000
0.085625000
0.014512000
0.011499000
0.039072000
0.044097000
0.045532000
0.004493000
0.034575000
0.007493000
0.239879000
0.003456000
0.092163000
0.058085000
0.017026000
0.081624000
0.025031000
0.049576000
0.039067000
0.154232000
0.003961000
0.031578000
0.039069000
0.049578000
0.000487000
0.017049000
0.033038000
0.017515000
0.000466000
0.051108000
0.103168000
0.111160000
0.002453000
0.283960000
0.098639000
0.083636000
0.010488000
0.061095000
0.056615000
0.006461000
0.018036000
0.027058000
0.015042000
0.049077000
0.007470000
0.019029000
0.016537000
0.121226000
0.021007000
0.071586000
0.020530000
0.020513000
0.003481000
0.036082000
0.113679000
0.059585000
0.000068000
0.023965000
0.008983000
0.036604000
0.162737000
0.013992000
0.012021000
0.003480000
0.040595000
0.021122000
0.094564000
0.031050000
0.005982000
0.028080000
0.015489000
0.078133000
0.111672000
0.020991000
0.190303000
0.043549000
0.061097000
0.019533000
0.060088000
0.096154000
0.004975000
0.042573000
0.092150000
0.014004000
0.026038000
0.011030000
0.054593000
0.007985000
