#Exponential - Cost J(iterations) convergence
#iterations, J(iterations)
1,2.72433436611148
2,2.712493750337159
3,2.700888250761675
4,2.689513178330706
5,2.678363937507423
6,2.667436024407404
7,2.656725024970727
8,2.646226613170538
9,2.635936549257333
10,2.625850678038268
11,2.615964927190769
12,2.606275305609795
13,2.596777901788045
14,2.587468882228486
15,2.578344489888521
16,2.56940104265521
17,2.560634931850883
18,2.552042620768565
19,2.5436206432366
20,2.535365602211926
21,2.527274168401373
22,2.519343078910478
23,2.511569135919252
24,2.503949205384336
25,2.496480215767062
26,2.48915915678687
27,2.48198307819959
28,2.474949088600085
29,2.468054354248787
30,2.461296097921617
31,2.454671597782859
32,2.448178186280507
33,2.441813249063634
34,2.43557422392137
35,2.429458599743025
36,2.423463915498968
37,2.417587759241807
38,2.411827767127515
39,2.406181622456062
40,2.400647054731184
41,2.395221838738907
42,2.389903793644449
43,2.384690782107125
44,2.379580709412914
45,2.37457152262432
46,2.369661209747196
47,2.364847798914167
48,2.360129357584362
49,2.355503991759087
50,2.350969845213149
51,2.346525098741516
52,2.342167969420984
53,2.33789670988659
54,2.333709607622438
55,2.329604984266686
56,2.325581194930372
57,2.321636627529851
58,2.317769702132523
59,2.313978870315628
60,2.31026261453781
61,2.306619447523239
62,2.303047911657984
63,2.29954657839846
64,2.296114047691644
65,2.292748947406867
66,2.289449932778941
67,2.286215685862384
68,2.283044914996534
69,2.279936354281331
70,2.276888763063552
71,2.273900925433295
72,2.270971649730502
73,2.268099768061324
74,2.265284135824138
75,2.262523631245008
76,2.259817154922411
77,2.257163629381056
78,2.254561998634583
79,2.252011227756995
80,2.249510302462637
81,2.247058228694549
82,2.244654032221022
83,2.24229675824022
84,2.239985470992665
85,2.237719253381464
86,2.235497206600104
87,2.233318449767678
88,2.231182119571373
89,2.229087369916102
90,2.227033371581113
91,2.225019311883457
92,2.223044394348152
93,2.221107838384943
94,2.219208878971497
95,2.217346766342919
96,2.215520765687466
97,2.213730156848317
98,2.211974234031302
99,2.21025230551846
100,2.208563693387298
101,2.206907733235665
102,2.205283773912099
103,2.203691177251564
104,2.202129317816446
105,2.200597582642724
106,2.199095370991198
107,2.197622094103676
108,2.196177174964036
109,2.194760048064034
110,2.193370159173806
111,2.192006965116919
112,2.190669933549939
113,2.18935854274637
114,2.188072281384913
115,2.186810648341954
116,2.185573152488174
117,2.184359312489232
118,2.183168656610413
119,2.182000722525176
120,2.180855057127518
121,2.179731216348082
122,2.178628764973936
123,2.177547276471935
124,2.176486332815621
125,2.17544552431556
126,2.174424449453077
127,2.173422714717293
128,2.172439934445428
129,2.171475730666274
130,2.170529732946793
131,2.169601578241789
132,2.168690910746551
133,2.167797381752466
134,2.166920649505482
135,2.16606037906742
136,2.165216242180029
137,2.16438791713177
138,2.163575088627248
139,2.162777447659247
140,2.161994691383323
141,2.161226522994895
142,2.160472651608787
143,2.159732792141171
144,2.159006665193868
145,2.158293996940952
146,2.157594519017623
147,2.156907968411285
148,2.15623408735481
149,2.155572623221917
150,2.154923328424649
151,2.154285960312885
152,2.153660281075867
153,2.153046057645678
154,2.152443061602657
155,2.151851069082691
156,2.151269860686366
157,2.150699221389917
158,2.150138940457965
159,2.149588811357992
160,2.149048631676515
161,2.14851820303694
162,2.147997331019053
163,2.147485825080107
164,2.146983498477505
165,2.146490168192992
166,2.146005654858394
167,2.145529782682813
168,2.145062379381283
169,2.144603276104853
170,2.144152307372051
171,2.143709311001737
172,2.143274128047268
173,2.142846602732
174,2.14242658238606
175,2.142013917384389
176,2.141608461086016
177,2.141210069774542
178,2.140818602599815
179,2.140433921520764
180,2.140055891249383
181,2.13968437919581
182,2.139319255414531
183,2.138960392551632
184,2.138607665793112
185,2.13826095281424
186,2.137920133729892
187,2.137585091045909
188,2.137255709611406
189,2.136931876572043
190,2.136613481324215
191,2.136300415470173
192,2.135992572774026
193,2.135689849118624
194,2.135392142463309
195,2.135099352802494
196,2.134811382125079
197,2.134528134374676
198,2.13424951541062
199,2.133975432969767
200,2.133705796629044
201,2.133440517768758
202,2.133179509536621
203,2.132922686812508
204,2.132669966173909
205,2.132421265862071
206,2.132176505748819
207,2.131935607304033
208,2.131698493563777
209,2.131465089099069
210,2.13123531998526
211,2.131009113772038
212,2.130786399454018
213,2.130567107441935
214,2.130351169534388
215,2.130138518890172
216,2.129929090001144
217,2.12972281866564
218,2.129519641962415
219,2.129319498225114
220,2.129122327017234
221,2.128928069107607
222,2.128736666446353
223,2.128548062141325
224,2.128362200435018
225,2.12817902668194
226,2.127998487326434
227,2.127820529880943
228,2.127645102904708
229,2.127472155982892
230,2.127301639706117
231,2.127133505650411
232,2.126967706357559
233,2.126804195315838
234,2.126642926941145
235,2.12648385655849
236,2.12632694038387
237,2.126172135506502
238,2.126019399871398
239,2.125868692262308
240,2.125719972284983
241,2.125573200350788
242,2.125428337660633
243,2.125285346189224
244,2.125144188669636
245,2.12500482857818
246,2.124867230119592
247,2.12473135821249
248,2.124597178475152
249,2.124464657211551
250,2.124333761397684
251,2.124204458668174
252,2.12407671730312
253,2.123950506215241
254,2.123825794937249
255,2.123702553609487
256,2.123580752967808
257,2.123460364331703
258,2.123341359592655
259,2.123223711202738
260,2.123107392163432
261,2.122992376014664
262,2.122878636824077
263,2.1227661491765
264,2.12265488816363
265,2.122544829373931
266,2.122435948882723
267,2.12232822324247
268,2.122221629473266
269,2.122116145053511
270,2.122011747910765
271,2.121908416412797
272,2.121806129358798
273,2.121704865970784
274,2.121604605885158
275,2.121505329144449
276,2.12140701618921
277,2.12130964785008
278,2.121213205340007
279,2.121117670246619
280,2.121023024524756
281,2.120929250489141
282,2.12083633080721
283,2.12074424849207
284,2.120652986895609
285,2.120562529701739
286,2.120472860919775
287,2.120383964877941
288,2.120295826217016
289,2.120208429884096
290,2.120121761126487
291,2.120035805485714
292,2.119950548791663
293,2.119865977156814
294,2.119782076970619
295,2.119698834893975
296,2.119616237853805
297,2.119534273037757
298,2.119452927889003
299,2.119372190101143
300,2.119292047613213
301,2.119212488604785
302,2.119133501491171
303,2.119055074918725
304,2.118977197760235
305,2.1188998591104
306,2.118823048281414
307,2.118746754798623
308,2.118670968396271
309,2.11859567901334
310,2.118520876789465
311,2.11844655206093
312,2.118372695356748
313,2.118299297394814
314,2.118226349078146
315,2.118153841491183
316,2.118081765896172
317,2.118010113729625
318,2.117938876598834
319,2.117868046278474
320,2.117797614707263
321,2.117727573984685
322,2.11765791636779
323,2.117588634268047
324,2.11751972024827
325,2.117451167019591
326,2.117382967438514
327,2.117315114504
328,2.11724760135464
329,2.117180421265866
330,2.117113567647215
331,2.117047034039666
332,2.116980814113009
333,2.116914901663281
334,2.116849290610248
335,2.116783974994933
336,2.116718948977205
337,2.1166542068334
338,2.116589742954007
339,2.116525551841385
340,2.116461628107535
341,2.116397966471911
342,2.116334561759282
343,2.116271408897624
344,2.116208502916066
345,2.116145838942875
346,2.116083412203475
347,2.116021218018508
348,2.115959251801942
349,2.115897509059202
350,2.11583598538535
351,2.115774676463297
352,2.115713578062048
353,2.11565268603499
354,2.115591996318206
355,2.115531504928826
356,2.115471207963411
357,2.115411101596368
358,2.115351182078399
359,2.115291445734978
360,2.115231888964861
361,2.115172508238622
362,2.115113300097225
363,2.115054261150615
364,2.114995388076347
365,2.114936677618234
366,2.114878126585029
367,2.114819731849125
368,2.114761490345289
369,2.114703399069422
370,2.114645455077332
371,2.114587655483541
372,2.114529997460118
373,2.11447247823553
374,2.114415095093513
375,2.114357845371977
376,2.114300726461917
377,2.114243735806362
378,2.114186870899335
379,2.11413012928483
380,2.114073508555825
381,2.114017006353298
382,2.113960620365274
383,2.113904348325883
384,2.113848188014446
385,2.113792137254564
386,2.113736193913245
387,2.113680355900037
388,2.113624621166169
389,2.113568987703734
390,2.113513453544867
391,2.113458016760944
392,2.113402675461804
393,2.113347427794982
394,2.113292271944952
395,2.113237206132399
396,2.113182228613484
397,2.113127337679152
398,2.113072531654423
399,2.113017808897728
400,2.112963167800228
401,2.112908606785169
402,2.112854124307242
403,2.112799718851955
404,2.112745388935017
405,2.112691133101736
406,2.11263694992643
407,2.11258283801185
408,2.112528795988608
409,2.112474822514624
410,2.112420916274584
411,2.112367075979401
412,2.112313300365697
413,2.112259588195286
414,2.112205938254675
415,2.112152349354568
416,2.112098820329388
417,2.112045350036798
418,2.111991937357245
419,2.111938581193498
420,2.111885280470207
421,2.111832034133467
422,2.111778841150389
423,2.111725700508681
424,2.111672611216236
425,2.111619572300731
426,2.111566582809235
427,2.111513641807816
428,2.111460748381167
429,2.111407901632233
430,2.111355100681845
431,2.111302344668369
432,2.11124963274735
433,2.111196964091173
434,2.111144337888724
435,2.111091753345067
436,2.111039209681115
437,2.110986706133315
438,2.11093424195334
439,2.110881816407789
440,2.11082942877788
441,2.110777078359165
442,2.110724764461243
443,2.110672486407482
444,2.110620243534736
445,2.110568035193089
446,2.110515860745579
447,2.110463719567946
448,2.110411611048379
449,2.110359534587266
450,2.110307489596949
451,2.110255475501488
452,2.110203491736428
453,2.110151537748567
454,2.110099612995737
455,2.110047716946574
456,2.109995849080315
457,2.109944008886575
458,2.10989219586515
459,2.109840409525807
460,2.109788649388087
461,2.109736914981112
462,2.109685205843391
463,2.109633521522635
464,2.109581861575574
465,2.109530225567771
466,2.109478613073458
467,2.10942702367535
468,2.109375456964483
469,2.109323912540048
470,2.109272390009225
471,2.109220888987028
472,2.109169409096145
473,2.109117949966786
474,2.109066511236534
475,2.109015092550197
476,2.108963693559666
477,2.108912313923768
478,2.108860953308135
479,2.108809611385065
480,2.108758287833386
481,2.108706982338334
482,2.108655694591413
483,2.108604424290282
484,2.108553171138625
485,2.108501934846036
486,2.108450715127892
487,2.108399511705251
488,2.108348324304728
489,2.108297152658386
490,2.108245996503631
491,2.108194855583105
492,2.108143729644578
493,2.108092618440846
494,2.108041521729637
495,2.107990439273506
496,2.10793937083974
497,2.107888316200265
498,2.107837275131553
499,2.107786247414534
500,2.107735232834499
501,2.107684231181024
502,2.107633242247874
503,2.10758226583293
504,2.107531301738096
505,2.107480349769229
506,2.107429409736051
507,2.107378481452077
508,2.107327564734542
509,2.10727665940432
510,2.107225765285856
511,2.107174882207093
512,2.107124009999404
513,2.10707314849752
514,2.107022297539469
515,2.106971456966504
516,2.106920626623042
517,2.1068698063566
518,2.106818996017735
519,2.10676819545998
520,2.106717404539785
521,2.106666623116466
522,2.106615851052138
523,2.106565088211661
524,2.106514334462593
525,2.106463589675127
526,2.106412853722044
527,2.106362126478659
528,2.106311407822769
529,2.10626069763461
530,2.1062099957968
531,2.106159302194299
532,2.106108616714353
533,2.10605793924646
534,2.106007269682315
535,2.105956607915775
536,2.105905953842806
537,2.10585530736145
538,2.105804668371777
539,2.10575403677585
540,2.10570341247768
541,2.105652795383192
542,2.105602185400183
543,2.105551582438288
544,2.10550098640894
545,2.105450397225335
546,2.1053998148024
547,2.105349239056754
548,2.105298669906678
549,2.105248107272077
550,2.105197551074456
551,2.105147001236878
552,2.105096457683939
553,2.105045920341738
554,2.104995389137844
555,2.104944864001267
556,2.104894344862432
557,2.104843831653147
558,2.104793324306579
559,2.104742822757224
560,2.104692326940884
561,2.104641836794636
562,2.10459135225681
563,2.104540873266964
564,2.104490399765858
565,2.104439931695433
566,2.104389468998783
567,2.104339011620133
568,2.104288559504822
569,2.104238112599272
570,2.104187670850975
571,2.104137234208464
572,2.104086802621299
573,2.104036376040041
574,2.103985954416234
575,2.103935537702388
576,2.103885125851956
577,2.103834718819318
578,2.103784316559759
579,2.103733919029454
580,2.103683526185452
581,2.10363313798565
582,2.103582754388789
583,2.103532375354427
584,2.103482000842924
585,2.103431630815432
586,2.103381265233872
587,2.103330904060921
588,2.103280547260002
589,2.103230194795263
590,2.10317984663156
591,2.103129502734455
592,2.103079163070189
593,2.103028827605674
594,2.102978496308482
595,2.102928169146825
596,2.10287784608955
597,2.102827527106121
598,2.102777212166608
599,2.102726901241678
600,2.102676594302576
601,2.10262629132112
602,2.10257599226969
603,2.102525697121209
604,2.102475405849142
605,2.10242511842748
606,2.102374834830725
607,2.102324555033891
608,2.102274279012486
609,2.102224006742501
610,2.102173738200407
611,2.10212347336314
612,2.102073212208095
613,2.102022954713111
614,2.101972700856468
615,2.101922450616881
616,2.101872203973481
617,2.101821960905816
618,2.101771721393838
619,2.101721485417896
620,2.101671252958728
621,2.101621023997456
622,2.101570798515572
623,2.101520576494939
624,2.101470357917774
625,2.101420142766651
626,2.101369931024485
627,2.101319722674532
628,2.101269517700376
629,2.10121931608593
630,2.101169117815421
631,2.101118922873392
632,2.101068731244688
633,2.101018542914455
634,2.100968357868134
635,2.100918176091451
636,2.100867997570418
637,2.100817822291317
638,2.10076765024071
639,2.100717481405415
640,2.100667315772517
641,2.100617153329351
642,2.100566994063507
643,2.100516837962816
644,2.100466685015349
645,2.100416535209418
646,2.100366388533556
647,2.10031624497653
648,2.100266104527326
649,2.100215967175144
650,2.100165832909402
651,2.100115701719723
652,2.100065573595935
653,2.100015448528066
654,2.099965326506341
655,2.099915207521177
656,2.099865091563179
657,2.099814978623138
658,2.099764868692024
659,2.099714761760988
660,2.09966465782135
661,2.099614556864603
662,2.09956445888241
663,2.099514363866591
664,2.099464271809132
665,2.099414182702175
666,2.099364096538015
667,2.099314013309098
668,2.09926393300802
669,2.099213855627519
670,2.099163781160477
671,2.099113709599916
672,2.099063640938994
673,2.099013575171001
674,2.098963512289362
675,2.098913452287626
676,2.098863395159472
677,2.098813340898699
678,2.098763289499229
679,2.098713240955104
680,2.098663195260479
681,2.098613152409626
682,2.098563112396926
683,2.09851307521687
684,2.098463040864059
685,2.098413009333194
686,2.098362980619084
687,2.098312954716635
688,2.098262931620857
689,2.098212911326851
690,2.098162893829816
691,2.098112879125045
692,2.09806286720792
693,2.098012858073915
694,2.097962851718588
695,2.097912848137587
696,2.097862847326643
697,2.097812849281568
698,2.097762853998256
699,2.09771286147268
700,2.097662871700891
701,2.097612884679015
702,2.097562900403255
703,2.097512918869885
704,2.097462940075251
705,2.097412964015771
706,2.097362990687928
707,2.097313020088277
708,2.097263052213438
709,2.097213087060092
710,2.097163124624988
711,2.097113164904936
712,2.097063207896805
713,2.097013253597528
714,2.096963302004093
715,2.096913353113544
716,2.096863406922988
717,2.09681346342958
718,2.096763522630532
719,2.09671358452311
720,2.096663649104631
721,2.096613716372461
722,2.096563786324022
723,2.096513858956776
724,2.096463934268239
725,2.096414012255972
726,2.096364092917585
727,2.096314176250727
728,2.096264262253096
729,2.096214350922433
730,2.09616444225652
731,2.09611453625318
732,2.09606463291028
733,2.096014732225722
734,2.095964834197453
735,2.095914938823454
736,2.095865046101745
737,2.095815156030383
738,2.09576526860746
739,2.095715383831107
740,2.095665501699485
741,2.095615622210792
742,2.09556574536326
743,2.095515871155149
744,2.095465999584756
745,2.095416130650408
746,2.095366264350461
747,2.095316400683304
748,2.095266539647353
749,2.095216681241055
750,2.095166825462883
751,2.095116972311341
752,2.095067121784957
753,2.095017273882288
754,2.094967428601915
755,2.094917585942448
756,2.094867745902519
757,2.094817908480786
758,2.094768073675931
759,2.09471824148666
760,2.0946684119117
761,2.094618584949806
762,2.094568760599749
763,2.094518938860325
764,2.094469119730352
765,2.094419303208669
766,2.094369489294133
767,2.094319677985622
768,2.094269869282037
769,2.094220063182294
770,2.094170259685332
771,2.094120458790104
772,2.094070660495584
773,2.094020864800765
774,2.093971071704656
775,2.093921281206283
776,2.093871493304687
777,2.09382170799893
778,2.093771925288086
779,2.093722145171248
780,2.093672367647521
781,2.093622592716029
782,2.093572820375908
783,2.09352305062631
784,2.0934732834664
785,2.093423518895361
786,2.093373756912383
787,2.093323997516675
788,2.093274240707458
789,2.093224486483965
790,2.093174734845441
791,2.093124985791145
792,2.093075239320349
793,2.093025495432332
794,2.092975754126392
795,2.092926015401834
796,2.092876279257973
797,2.09282654569414
798,2.092776814709671
799,2.092727086303917
800,2.092677360476237
801,2.092627637226002
802,2.09257791655259
803,2.092528198455391
804,2.092478482933806
805,2.092428769987242
806,2.092379059615117
807,2.092329351816859
808,2.092279646591901
809,2.092229943939689
810,2.092180243859676
811,2.092130546351322
812,2.092080851414097
813,2.092031159047477
814,2.091981469250948
815,2.091931782024002
816,2.09188209736614
817,2.091832415276869
818,2.091782735755703
819,2.091733058802165
820,2.091683384415783
821,2.091633712596094
822,2.091584043342637
823,2.091534376654963
824,2.091484712532628
825,2.091435050975191
826,2.091385391982221
827,2.091335735553291
828,2.09128608168798
829,2.091236430385876
830,2.091186781646566
831,2.091137135469647
832,2.091087491854724
833,2.091037850801402
834,2.090988212309293
835,2.090938576378016
836,2.090888943007192
837,2.09083931219645
838,2.090789683945423
839,2.090740058253745
840,2.09069043512106
841,2.090640814547015
842,2.090591196531259
843,2.090541581073447
844,2.09049196817324
845,2.0904423578303
846,2.090392750044296
847,2.090343144814898
848,2.090293542141783
849,2.09024394202463
850,2.090194344463122
851,2.090144749456947
852,2.090095157005795
853,2.09004556710936
854,2.089995979767341
855,2.089946394979437
856,2.089896812745353
857,2.089847233064799
858,2.089797655937484
859,2.089748081363121
860,2.089698509341431
861,2.089648939872131
862,2.089599372954947
863,2.089549808589602
864,2.089500246775828
865,2.089450687513355
866,2.089401130801919
867,2.089351576641257
868,2.089302025031108
869,2.089252475971215
870,2.089202929461323
871,2.089153385501182
872,2.089103844090538
873,2.089054305229147
874,2.089004768916761
875,2.088955235153138
876,2.088905703938038
877,2.088856175271221
878,2.088806649152453
879,2.088757125581497
880,2.088707604558123
881,2.0886580860821
882,2.088608570153199
883,2.088559056771195
884,2.088509545935865
885,2.088460037646984
886,2.088410531904332
887,2.088361028707691
888,2.088311528056845
889,2.088262029951576
890,2.088212534391672
891,2.088163041376922
892,2.088113550907115
893,2.088064062982042
894,2.088014577601495
895,2.087965094765271
896,2.087915614473164
897,2.087866136724972
898,2.087816661520493
899,2.087767188859529
900,2.087717718741881
901,2.08766825116735
902,2.087618786135743
903,2.087569323646866
904,2.087519863700524
905,2.087470406296526
906,2.087420951434681
907,2.0873714991148
908,2.087322049336695
909,2.087272602100179
910,2.087223157405066
911,2.087173715251172
912,2.087124275638312
913,2.087074838566304
914,2.087025404034967
915,2.086975972044119
916,2.086926542593582
917,2.086877115683177
918,2.086827691312726
919,2.086778269482053
920,2.086728850190983
921,2.08667943343934
922,2.086630019226949
923,2.086580607553639
924,2.086531198419239
925,2.086481791823574
926,2.086432387766477
927,2.086382986247776
928,2.086333587267304
929,2.086284190824892
930,2.086234796920372
931,2.086185405553579
932,2.086136016724345
933,2.086086630432507
934,2.0860372466779
935,2.085987865460359
936,2.085938486779723
937,2.085889110635828
938,2.085839737028513
939,2.085790365957616
940,2.085740997422977
941,2.085691631424438
942,2.085642267961838
943,2.085592907035017
944,2.085543548643819
945,2.085494192788085
946,2.08544483946766
947,2.085395488682385
948,2.085346140432105
949,2.085296794716666
950,2.085247451535913
951,2.08519811088969
952,2.085148772777843
953,2.08509943720022
954,2.085050104156667
955,2.085000773647033
956,2.084951445671164
957,2.08490212022891
958,2.084852797320119
959,2.084803476944641
960,2.084754159102324
961,2.084704843793021
962,2.084655531016581
963,2.084606220772854
964,2.084556913061692
965,2.084507607882947
966,2.084458305236471
967,2.084409005122116
968,2.084359707539736
969,2.084310412489182
970,2.084261119970311
971,2.084211829982972
972,2.084162542527023
973,2.084113257602318
974,2.084063975208709
975,2.084014695346053
976,2.083965418014208
977,2.083916143213025
978,2.083866870942362
979,2.083817601202076
980,2.083768333992023
981,2.08371906931206
982,2.083669807162045
983,2.083620547541832
984,2.083571290451282
985,2.083522035890252
986,2.083472783858601
987,2.083423534356185
988,2.083374287382865
989,2.083325042938499
990,2.083275801022946
991,2.083226561636065
992,2.083177324777716
993,2.083128090447759
994,2.083078858646053
995,2.08302962937246
996,2.082980402626839
997,2.082931178409051
998,2.082881956718956
999,2.082832737556416
1000,2.082783520921293
1001,2.082734306813447
1002,2.08268509523274
1003,2.082635886179034
1004,2.082586679652189
1005,2.08253747565207
1006,2.082488274178537
1007,2.082439075231455
1008,2.082389878810683
1009,2.082340684916087
1010,2.082291493547529
1011,2.082242304704871
1012,2.082193118387977
1013,2.082143934596711
1014,2.082094753330935
1015,2.082045574590514
1016,2.081996398375311
1017,2.081947224685191
1018,2.081898053520017
1019,2.081848884879653
1020,2.081799718763964
1021,2.081750555172815
1022,2.081701394106069
1023,2.081652235563592
1024,2.081603079545249
1025,2.081553926050904
1026,2.081504775080422
1027,2.081455626633669
1028,2.08140648071051
1029,2.08135733731081
1030,2.081308196434436
1031,2.081259058081251
1032,2.081209922251122
1033,2.081160788943916
1034,2.081111658159498
1035,2.081062529897733
1036,2.081013404158489
1037,2.080964280941631
1038,2.080915160247024
1039,2.080866042074538
1040,2.080816926424036
1041,2.080767813295386
1042,2.080718702688455
1043,2.080669594603109
1044,2.080620489039215
1045,2.080571385996641
1046,2.080522285475253
1047,2.080473187474916
1048,2.080424091995502
1049,2.080374999036874
1050,2.0803259085989
1051,2.080276820681449
1052,2.080227735284387
1053,2.080178652407582
1054,2.080129572050901
1055,2.080080494214213
1056,2.080031418897385
1057,2.079982346100284
1058,2.079933275822779
1059,2.079884208064736
1060,2.079835142826024
1061,2.079786080106513
1062,2.079737019906069
1063,2.07968796222456
1064,2.079638907061855
1065,2.079589854417821
1066,2.079540804292328
1067,2.079491756685243
1068,2.079442711596436
1069,2.079393669025773
1070,2.079344628973125
1071,2.079295591438359
1072,2.079246556421344
1073,2.079197523921949
1074,2.079148493940043
1075,2.079099466475492
1076,2.079050441528169
1077,2.079001419097941
1078,2.078952399184677
1079,2.078903381788243
1080,2.078854366908514
1081,2.078805354545354
1082,2.078756344698633
1083,2.078707337368222
1084,2.078658332553988
1085,2.078609330255802
1086,2.078560330473533
1087,2.078511333207049
1088,2.07846233845622
1089,2.078413346220915
1090,2.078364356501004
1091,2.078315369296356
1092,2.078266384606841
1093,2.078217402432327
1094,2.078168422772686
1095,2.078119445627785
1096,2.078070470997495
1097,2.078021498881685
1098,2.077972529280225
1099,2.077923562192985
1100,2.077874597619835
1101,2.077825635560642
1102,2.07777667601528
1103,2.077727718983615
1104,2.077678764465519
1105,2.077629812460862
1106,2.077580862969513
1107,2.077531915991342
1108,2.077482971526219
1109,2.077434029574015
1110,2.077385090134598
1111,2.077336153207839
1112,2.077287218793608
1113,2.077238286891776
1114,2.077189357502212
1115,2.077140430624786
1116,2.077091506259369
1117,2.077042584405831
1118,2.076993665064042
1119,2.076944748233872
1120,2.076895833915192
1121,2.076846922107871
1122,2.07679801281178
1123,2.076749106026789
1124,2.076700201752769
1125,2.076651299989591
1126,2.076602400737123
1127,2.076553503995237
1128,2.076504609763803
1129,2.076455718042693
1130,2.076406828831775
1131,2.07635794213092
1132,2.07630905794
1133,2.076260176258885
1134,2.076211297087444
1135,2.076162420425549
1136,2.076113546273071
1137,2.076064674629879
1138,2.076015805495844
1139,2.075966938870838
1140,2.075918074754731
1141,2.075869213147392
1142,2.075820354048695
1143,2.075771497458507
1144,2.075722643376701
1145,2.075673791803147
1146,2.075624942737717
1147,2.075576096180279
1148,2.075527252130707
1149,2.07547841058887
1150,2.075429571554638
1151,2.075380735027884
1152,2.075331901008478
1153,2.07528306949629
1154,2.075234240491192
1155,2.075185413993053
1156,2.075136590001746
1157,2.075087768517142
1158,2.075038949539111
1159,2.074990133067523
1160,2.074941319102251
1161,2.074892507643164
1162,2.074843698690135
1163,2.074794892243033
1164,2.074746088301731
1165,2.074697286866098
1166,2.074648487936006
1167,2.074599691511327
1168,2.074550897591931
1169,2.074502106177689
1170,2.074453317268472
1171,2.074404530864151
1172,2.074355746964598
1173,2.074306965569684
1174,2.074258186679279
1175,2.074209410293256
1176,2.074160636411484
1177,2.074111865033837
1178,2.074063096160182
1179,2.074014329790395
1180,2.073965565924343
1181,2.0739168045619
1182,2.073868045702936
1183,2.073819289347323
1184,2.073770535494932
1185,2.073721784145633
1186,2.073673035299298
1187,2.073624288955801
1188,2.073575545115009
1189,2.073526803776796
1190,2.073478064941032
1191,2.073429328607589
1192,2.073380594776338
1193,2.073331863447151
1194,2.073283134619899
1195,2.073234408294453
1196,2.073185684470685
1197,2.073136963148465
1198,2.073088244327667
1199,2.07303952800816
1200,2.072990814189817
1201,2.072942102872508
1202,2.072893394056105
1203,2.07284468774048
1204,2.072795983925504
1205,2.072747282611048
1206,2.072698583796985
1207,2.072649887483185
1208,2.072601193669521
1209,2.072552502355862
1210,2.072503813542081
1211,2.07245512722805
1212,2.072406443413641
1213,2.072357762098723
1214,2.07230908328317
1215,2.072260406966853
1216,2.072211733149643
1217,2.072163061831412
1218,2.072114393012032
1219,2.072065726691373
1220,2.072017062869309
1221,2.071968401545709
1222,2.071919742720446
1223,2.071871086393392
1224,2.071822432564418
1225,2.071773781233396
1226,2.071725132400197
1227,2.071676486064694
1228,2.071627842226757
1229,2.071579200886259
1230,2.071530562043071
1231,2.071481925697065
1232,2.071433291848112
1233,2.071384660496085
1234,2.071336031640855
1235,2.071287405282294
1236,2.071238781420273
1237,2.071190160054664
1238,2.07114154118534
1239,2.071092924812171
1240,2.07104431093503
1241,2.070995699553788
1242,2.070947090668318
1243,2.07089848427849
1244,2.070849880384177
1245,2.070801278985249
1246,2.070752680081582
1247,2.070704083673044
1248,2.070655489759507
1249,2.070606898340845
1250,2.070558309416929
1251,2.07050972298763
1252,2.070461139052821
1253,2.070412557612372
1254,2.070363978666158
1255,2.070315402214048
1256,2.070266828255915
1257,2.070218256791631
1258,2.070169687821068
1259,2.070121121344098
1260,2.070072557360592
1261,2.070023995870423
1262,2.069975436873462
1263,2.069926880369582
1264,2.069878326358654
1265,2.069829774840552
1266,2.069781225815144
1267,2.069732679282306
1268,2.069684135241907
1269,2.069635593693822
1270,2.06958705463792
1271,2.069538518074075
1272,2.069489984002158
1273,2.069441452422042
1274,2.069392923333598
1275,2.069344396736698
1276,2.069295872631215
1277,2.069247351017021
1278,2.069198831893987
1279,2.069150315261985
1280,2.069101801120889
1281,2.06905328947057
1282,2.0690047803109
1283,2.06895627364175
1284,2.068907769462993
1285,2.068859267774502
1286,2.068810768576148
1287,2.068762271867804
1288,2.068713777649342
1289,2.068665285920633
1290,2.06861679668155
1291,2.068568309931965
1292,2.06851982567175
1293,2.068471343900778
1294,2.06842286461892
1295,2.068374387826049
1296,2.068325913522037
1297,2.068277441706757
1298,2.068228972380079
1299,2.068180505541877
1300,2.068132041192023
1301,2.068083579330389
1302,2.068035119956847
1303,2.067986663071269
1304,2.067938208673529
1305,2.067889756763497
1306,2.067841307341046
1307,2.067792860406049
1308,2.067744415958378
1309,2.067695973997905
1310,2.067647534524501
1311,2.067599097538041
1312,2.067550663038396
1313,2.067502231025437
1314,2.067453801499039
1315,2.067405374459072
1316,2.06735694990541
1317,2.067308527837923
1318,2.067260108256486
1319,2.06721169116097
1320,2.067163276551248
1321,2.067114864427192
1322,2.067066454788673
1323,2.067018047635566
1324,2.066969642967742
1325,2.066921240785073
1326,2.066872841087431
1327,2.06682444387469
1328,2.066776049146722
1329,2.066727656903399
1330,2.066679267144593
1331,2.066630879870178
1332,2.066582495080024
1333,2.066534112774006
1334,2.066485732951995
1335,2.066437355613862
1336,2.066388980759483
1337,2.066340608388729
1338,2.066292238501471
1339,2.066243871097583
1340,2.066195506176938
1341,2.066147143739407
1342,2.066098783784862
1343,2.066050426313177
1344,2.066002071324226
1345,2.065953718817878
1346,2.065905368794007
1347,2.065857021252486
1348,2.065808676193188
1349,2.065760333615984
1350,2.065711993520748
1351,2.065663655907351
1352,2.065615320775668
1353,2.065566988125569
1354,2.065518657956928
1355,2.065470330269618
1356,2.065422005063509
1357,2.065373682338477
1358,2.065325362094393
1359,2.065277044331129
1360,2.065228729048559
1361,2.065180416246555
1362,2.06513210592499
1363,2.065083798083735
1364,2.065035492722665
1365,2.064987189841651
1366,2.064938889440567
1367,2.064890591519284
1368,2.064842296077676
1369,2.064794003115615
1370,2.064745712632974
1371,2.064697424629626
1372,2.064649139105443
1373,2.064600856060298
1374,2.064552575494064
1375,2.064504297406614
1376,2.06445602179782
1377,2.064407748667555
1378,2.064359478015692
1379,2.064311209842102
1380,2.06426294414666
1381,2.064214680929239
1382,2.06416642018971
1383,2.064118161927946
1384,2.064069906143821
1385,2.064021652837207
1386,2.063973402007977
1387,2.063925153656004
1388,2.063876907781161
1389,2.063828664383319
1390,2.063780423462353
1391,2.063732185018134
1392,2.063683949050537
1393,2.063635715559434
1394,2.063587484544697
1395,2.0635392560062
1396,2.063491029943814
1397,2.063442806357414
1398,2.063394585246872
1399,2.06334636661206
1400,2.063298150452853
1401,2.063249936769122
1402,2.063201725560741
1403,2.063153516827582
1404,2.063105310569518
1405,2.063057106786423
1406,2.063008905478171
1407,2.06296070664463
1408,2.062912510285678
1409,2.062864316401186
1410,2.062816124991028
1411,2.062767936055074
1412,2.062719749593199
1413,2.062671565605278
1414,2.06262338409118
1415,2.062575205050781
1416,2.062527028483953
1417,2.062478854390568
1418,2.062430682770501
1419,2.062382513623623
1420,2.062334346949809
1421,2.06228618274893
1422,2.06223802102086
1423,2.062189861765473
1424,2.062141704982641
1425,2.062093550672237
1426,2.062045398834134
1427,2.061997249468206
1428,2.061949102574324
1429,2.061900958152363
1430,2.061852816202196
1431,2.061804676723695
1432,2.061756539716734
1433,2.061708405181187
1434,2.061660273116925
1435,2.061612143523821
1436,2.061564016401751
1437,2.061515891750585
1438,2.061467769570199
1439,2.061419649860464
1440,2.061371532621253
1441,2.06132341785244
1442,2.061275305553899
1443,2.061227195725502
1444,2.061179088367122
1445,2.061130983478633
1446,2.061082881059908
1447,2.06103478111082
1448,2.060986683631242
1449,2.060938588621047
1450,2.06089049608011
1451,2.060842406008302
1452,2.060794318405497
1453,2.060746233271569
1454,2.060698150606389
1455,2.060650070409833
1456,2.060601992681773
1457,2.060553917422083
1458,2.060505844630635
1459,2.060457774307304
1460,2.060409706451961
1461,2.06036164106448
1462,2.060313578144736
1463,2.0602655176926
1464,2.060217459707947
1465,2.06016940419065
1466,2.060121351140582
1467,2.060073300557616
1468,2.060025252441626
1469,2.059977206792485
1470,2.059929163610066
1471,2.059881122894243
1472,2.059833084644889
1473,2.059785048861878
1474,2.059737015545082
1475,2.059688984694376
1476,2.059640956309633
1477,2.059592930390725
1478,2.059544906937526
1479,2.059496885949911
1480,2.059448867427752
1481,2.059400851370921
1482,2.059352837779295
1483,2.059304826652745
1484,2.059256817991145
1485,2.059208811794369
1486,2.059160808062289
1487,2.059112806794779
1488,2.059064807991714
1489,2.059016811652965
1490,2.058968817778408
1491,2.058920826367914
1492,2.058872837421358
1493,2.058824850938613
1494,2.058776866919554
1495,2.058728885364052
1496,2.058680906271982
1497,2.058632929643217
1498,2.058584955477631
1499,2.058536983775098
1500,2.05848901453549
