#Exponential aproximation (mean) vs Original set
#ExpMe(x), ExpMe(CDF) 
1e-08,2.129212732793206e-07
1.020960662306048e-08,2.173842436059559e-07
1.042360673976401e-08,2.219407608805568e-07
1.064209244064725e-08,2.265927856459626e-07
1.086515774652537e-08,2.313423199673537e-07
1.109289864895223e-08,2.361914076542959e-07
1.132541315152813e-08,2.411421353709642e-07
1.156280131207375e-08,2.461966336353427e-07
1.180516528568806e-08,2.513570774853591e-07
1.205260936870841e-08,2.566256875891071e-07
1.230524004359262e-08,2.6200473135507e-07
1.256316602474122e-08,2.674965232651871e-07
1.28264983052806e-08,2.731034267622334e-07
1.309535020482668e-08,2.788278546939083e-07
1.336983741824945e-08,2.846722704230586e-07
1.365007806546014e-08,2.9063918882688e-07
1.393619274224144e-08,2.967311778512283e-07
1.422830457214352e-08,3.029508588436869e-07
1.452653925946781e-08,3.093009085519682e-07
1.483102514336103e-08,3.157840594569805e-07
1.514189325304352e-08,3.224031014381623e-07
1.545927736419478e-08,3.291608827726833e-07
1.578331405652117e-08,3.360603118007788e-07
1.61141427725302e-08,3.431043572588166e-07
1.645190587753661e-08,3.502960506107655e-07
1.679674872092653e-08,3.576384864922844e-07
1.714881969870541e-08,3.651348247091235e-07
1.750827031735723e-08,3.72788291014281e-07
1.787525525904235e-08,3.806021789953817e-07
1.824993244816151e-08,3.885798511849003e-07
1.86324631193156e-08,3.967247406144736e-07
1.902301188668946e-08,4.050403522581902e-07
1.942174681489025e-08,4.135302644758809e-07
1.982883949127072e-08,4.221981309004974e-07
2.024446509976802e-08,4.310476814373132e-07
2.066880249629082e-08,4.400827243733474e-07
2.110203428568597e-08,4.493071477096322e-07
2.154434690031882e-08,4.587249209375699e-07
2.199593068030075e-08,4.683400968152895e-07
2.245697995539776e-08,4.781568130329816e-07
2.292769312865649e-08,4.881792941002772e-07
2.340827276178294e-08,4.984118529005599e-07
2.389892566231048e-08,5.088588928003901e-07
2.43998629725955e-08,5.195249094258614e-07
2.491130026067791e-08,5.304144926610022e-07
2.543345761304648e-08,5.415323287571994e-07
2.596655972934873e-08,5.528832018875107e-07
2.651083601908536e-08,5.644719967001777e-07
2.706652070033241e-08,5.763037002060045e-07
2.763385290053173e-08,5.883834038877822e-07
2.821307675939471e-08,6.007163060317566e-07
2.880444153396298e-08,6.133077138370524e-07
2.940820170587061e-08,6.261630456361189e-07
3.002461709085549e-08,6.392878336702879e-07
3.06539529505653e-08,6.526877256440855e-07
3.12964801067075e-08,6.663684880559018e-07
3.195247505759214e-08,6.803360081963916e-07
3.262222009711667e-08,6.945962965909658e-07
3.330600343624589e-08,7.091554897753483e-07
3.40041193270371e-08,7.240198531821562e-07
3.471686818926559e-08,7.391957832503238e-07
3.544455673970436e-08,7.546898105337263e-07
3.618749812411276e-08,7.705086026987829e-07
3.694601205199302e-08,7.866589669669466e-07
3.772042493417001e-08,8.031478533343517e-07
3.851107002325569e-08,8.199823573473708e-07
3.93182875570577e-08,8.371697234332842e-07
4.014242490499318e-08,8.547173477868597e-07
4.098383671757262e-08,8.726327817010215e-07
4.184288507901584e-08,8.909237345644527e-07
4.271993966306777e-08,9.095980776363533e-07
4.361537789208006e-08,9.2866384693302e-07
4.45295850994266e-08,9.481292470026048e-07
4.546295469532399e-08,9.680026543668063e-07
4.641588833612782e-08,9.882926210735832e-07
4.738879609717651e-08,1.009007878582935e-06
4.838209664925958e-08,1.030157340986548e-06
4.939621743878326e-08,1.051750109781757e-06
5.043159487171359e-08,1.073795476869144e-06
5.148867450137498e-08,1.096302928882409e-06
5.256791122018419e-08,1.119282151518242e-06
5.366976945540476e-08,1.142743033311078e-06
5.479472336900293e-08,1.166695670185014e-06
5.594325706169378e-08,1.191150369561633e-06
5.711586478126435e-08,1.216117655022941e-06
5.831305113526219e-08,1.241608270752259e-06
5.95353313081437e-08,1.267633185864092e-06
6.078323128297236e-08,1.294203599844224e-06
6.2057288067765e-08,1.321330946546517e-06
6.335804992658255e-08,1.34902689963301e-06
6.46860766154632e-08,1.377303377458894e-06
6.604193962330306e-08,1.406172548068518e-06
6.742622241778349e-08,1.435646834857529e-06
6.883952069645497e-08,1.465738921346826e-06
7.028244264308353e-08,1.496461756955725e-06
7.175560918936921e-08,1.527828562442046e-06
7.32596542821523e-08,1.559852836119369e-06
7.479522515621828e-08,1.592548358519963e-06
7.636298261282242e-08,1.625929199833287e-06
7.796360130405237e-08,1.660009724346878e-06
7.959777002314978e-08,1.694804598106892e-06
8.126619200091946e-08,1.730328794247171e-06
8.296958520834915e-08,1.76659759976161e-06
8.470868266557402e-08,1.803626622054466e-06
8.648423275731727e-08,1.841431795823745e-06
8.829699955494083e-08,1.880029389611515e-06
9.014776314524918e-08,1.919436012909337e-06
9.20373199661823e-08,1.959668623596755e-06
9.396648314954691e-08,2.000744534824683e-06
9.593608287093146e-08,2.042681422453896e-06
9.794696670695386e-08,2.085497333381703e-06
1e-07,2.129210692092265e-06
1.020960662306048e-07,2.173840309982467e-06
1.042360673976401e-07,2.219405392023255e-06
1.064209244064725e-07,2.265925546196534e-06
1.086515774652537e-07,2.313420791488774e-06
1.109289864895223e-07,2.361911566217678e-06
1.132541315152813e-07,2.41141873724704e-06
1.156280131207375e-07,2.461963608868523e-06
1.180516528568806e-07,2.513567931794469e-06
1.205260936870841e-07,2.56625391281684e-06
1.230524004359261e-07,2.620044224022067e-06
1.256316602474121e-07,2.674962012783055e-06
1.28264983052806e-07,2.731030911640175e-06
1.309535020482668e-07,2.78827504851531e-06
1.336983741824945e-07,2.846719057036928e-06
1.365007806546014e-07,2.906388087198231e-06
1.393619274224144e-07,2.967307816015285e-06
1.422830457214352e-07,3.029504458851306e-06
1.452653925946781e-07,3.093004780629904e-06
1.483102514336103e-07,3.157836106937317e-06
1.514189325304352e-07,3.224026336456909e-06
1.545927736419479e-07,3.29160395262651e-06
1.578331405652117e-07,3.360598035517803e-06
1.61141427725302e-07,3.431038275270026e-06
1.645190587753661e-07,3.502954983969353e-06
1.679674872092653e-07,3.576379109193617e-06
1.714881969870541e-07,3.651342247112943e-06
1.750827031735723e-07,3.727876656256512e-06
1.787525525904236e-07,3.806015271279328e-06
1.824993244816151e-07,3.885791717062048e-06
1.86324631193156e-07,3.96724032347695e-06
1.902301188668946e-07,4.050396139820833e-06
1.942174681489024e-07,4.135294949914048e-06
1.982883949127071e-07,4.221973287976688e-06
2.024446509976802e-07,4.3104684536166e-06
2.066880249629082e-07,4.400818528371708e-06
2.110203428568597e-07,4.493062392252334e-06
2.154434690031882e-07,4.58723973972841e-06
2.199593068030075e-07,4.683391097715095e-06
2.245697995539772e-07,4.781557842226114e-06
2.292769312865649e-07,4.881782216803465e-06
2.340827276178294e-07,4.984107350280986e-06
2.389892566231048e-07,5.088577275547124e-06
2.43998629725955e-07,5.195236948418724e-06
2.491130026067786e-07,5.304132266847894e-06
2.543345761304648e-07,5.415310091128056e-06
2.596655972934872e-07,5.528818263433877e-06
2.651083601908536e-07,5.644705628915503e-06
2.706652070033241e-07,5.763022056570755e-06
2.763385290053167e-07,5.883818460339363e-06
2.82130767593947e-07,6.007146821751519e-06
2.880444153396298e-07,6.133060211577224e-06
2.940820170587061e-07,6.261612813140971e-06
3.002461709085549e-07,6.392859945192342e-06
3.065395295056524e-07,6.526858086441933e-06
3.12964801067075e-07,6.663664898876043e-06
3.195247505759214e-07,6.803339253402818e-06
3.262222009711673e-07,6.945941254832277e-06
3.330600343624589e-07,7.091532267633482e-06
3.400411932703703e-07,7.240174942579891e-06
3.471686818926559e-07,7.391933243727777e-06
3.544455673970435e-07,7.546872475505673e-06
3.618749812411284e-07,7.705059311580165e-06
3.694601205199302e-07,7.866561822611473e-06
3.772042493416994e-07,8.031449506340493e-06
3.851107002325569e-07,8.199793317009707e-06
3.93182875570577e-07,8.371665696338404e-06
4.014242490499326e-07,8.547140604053816e-06
4.098383671757261e-07,8.726293550198605e-06
4.184288507901585e-07,8.909201627660401e-06
4.271993966306776e-07,9.095943545145424e-06
4.361537789208006e-07,9.28659966081824e-06
4.45295850994266e-07,9.481252017495834e-06
4.5462954695324e-07,9.67998437750861e-06
4.641588833612782e-07,9.882882258449577e-06
4.738879609717651e-07,1.009003297103295e-05
4.838209664925957e-07,1.030152565539844e-05
4.939621743878326e-07,1.051745132041315e-05
5.043159487171359e-07,1.073790288230736e-05
5.148867450137498e-07,1.096297520475353e-05
5.25679112201842e-07,1.119276513983358e-05
5.366976945540476e-07,1.142737156978324e-05
5.479472336900293e-07,1.166689544906951e-05
5.594325706169378e-07,1.19114398482445e-05
5.711586478126435e-07,1.216110999835429e-05
5.831305113526218e-07,1.241601333579201e-05
5.95353313081437e-07,1.267625954903817e-05
6.078323128297237e-07,1.294196062540109e-05
6.205728806776501e-07,1.321323089942261e-05
6.335804992658255e-07,1.349018710217198e-05
6.468607661546321e-07,1.377294841120591e-05
6.604193962330305e-07,1.406163650208292e-05
6.742622241778349e-07,1.435637560054381e-05
6.883952069645496e-07,1.465729253613546e-05
7.028244264308353e-07,1.496451679650068e-05
7.175560918936921e-07,1.527818058355557e-05
7.32596542821523e-07,1.559841886977775e-05
7.479522515621828e-07,1.592536945671519e-05
7.636298261282241e-07,1.625917303427205e-05
7.796360130405236e-07,1.659997324099383e-05
7.959777002314978e-07,1.694791672590679e-05
8.126619200091945e-07,1.730315321180065e-05
8.296958520834915e-07,1.766583555951051e-05
8.470868266557403e-07,1.803611983364206e-05
8.648423275731727e-07,1.841416537007312e-05
8.829699955494083e-07,1.880013484389931e-05
9.014776314524917e-07,1.919419433971115e-05
9.20373199661823e-07,1.95965134234255e-05
9.396648314954691e-07,2.000726521456109e-05
9.593608287093148e-07,2.042662646128957e-05
9.794696670695385e-07,2.085477761604171e-05
1e-06,2.129190291344507e-05
1.020960662306047e-06,2.173819044937186e-05
1.042360673976401e-06,2.219383226220728e-05
1.064209244064725e-06,2.265902441511702e-05
1.086515774652537e-06,2.313396708031323e-05
1.109289864895223e-06,2.361886462554086e-05
1.132541315152813e-06,2.411392570200732e-05
1.156280131207375e-06,2.461936333353343e-05
1.180516528568805e-06,2.513539500914597e-05
1.205260936870841e-06,2.566224277567031e-05
1.230524004359262e-06,2.620013333398674e-05
1.256316602474121e-06,2.674929813606397e-05
1.28264983052806e-06,2.730997348510122e-05
1.309535020482668e-06,2.788240063633651e-05
1.336983741824945e-06,2.846682590185168e-05
1.365007806546014e-06,2.906350075548847e-05
1.393619274224143e-06,2.967268194209449e-05
1.422830457214352e-06,3.029463158688017e-05
1.452653925946781e-06,3.092961730899457e-05
1.483102514336103e-06,3.15779123365445e-05
1.514189325304352e-06,3.223979562361201e-05
1.545927736419479e-06,3.291555197071361e-05
1.57833140565212e-06,3.360547214736886e-05
1.61141427725302e-06,3.430985301666745e-05
1.645190587753661e-06,3.502899766372192e-05
1.679674872092653e-06,3.576321552523076e-05
1.714881969870541e-06,3.651282252337129e-05
1.750827031735727e-06,3.727814120080275e-05
1.787525525904235e-06,3.805950086033238e-05
1.82499324481615e-06,3.885723770602478e-05
1.86324631193156e-06,3.967169498775291e-05
1.902301188668946e-06,4.050322314919086e-05
1.942174681489028e-06,4.1352179978138e-05
1.982883949127071e-06,4.221893076106209e-05
2.024446509976802e-06,4.310384843930759e-05
2.066880249629082e-06,4.400731377018907e-05
2.110203428568597e-06,4.492971549074909e-05
2.154434690031886e-06,4.587145048451369e-05
2.199593068030075e-06,4.683292395235572e-05
2.245697995539772e-06,4.781454958724396e-05
2.292769312865649e-06,4.881674975132366e-05
2.340827276178294e-06,4.983995565843724e-05
2.389892566231052e-06,5.088460755886537e-05
2.43998629725955e-06,5.195115492917513e-05
2.491130026067786e-06,5.304005666506573e-05
2.543345761304648e-06,5.415178127921028e-05
2.596655972934872e-06,5.528680710242817e-05
2.651083601908542e-06,5.644562248952045e-05
2.706652070033241e-06,5.762872602921298e-05
2.763385290053167e-06,5.883662675842949e-05
2.821307675939471e-06,6.006984438178264e-05
2.880444153396298e-06,6.132890949406278e-05
2.940820170587067e-06,6.261436380960994e-05
3.002461709085549e-06,6.392676039401746e-05
3.065395295056524e-06,6.526666390305191e-05
3.129648010670751e-06,6.663465082479281e-05
3.195247505759214e-06,6.803130972765636e-05
3.262222009711673e-06,6.945724151363741e-05
3.330600343624589e-06,7.091305967643624e-05
3.400411932703702e-06,7.23993905653586e-05
3.47168681892656e-06,7.391687365498889e-05
3.544455673970436e-06,7.546616181930421e-05
3.618749812411284e-06,7.704792161311591e-05
3.694601205199302e-06,7.866283355861814e-05
3.772042493416993e-06,8.031159243715447e-05
3.851107002325569e-06,8.199490758920014e-05
3.93182875570577e-06,8.37135032181191e-05
4.014242490499326e-06,8.546811870235871e-05
4.098383671757261e-06,8.725950891286249e-05
4.184288507901576e-06,8.908844453769937e-05
4.271993966306777e-06,9.095571241324318e-05
4.361537789208005e-06,9.28621158627907e-05
4.45295850994266e-06,9.480847504150791e-05
4.5462954695324e-06,9.67956272890369e-05
4.641588833612773e-06,9.882442748954112e-05
4.738879609717651e-06,0.0001008957484393003
4.838209664925957e-06,0.0001030104812212995
4.939621743878326e-06,0.0001051695355889226
5.043159487171359e-06,0.0001073738403564173
5.148867450137487e-06,0.0001096243437983535
5.25679112201842e-06,0.0001119220140574084
5.366976945540476e-06,0.0001142678395597008
5.479472336900293e-06,0.0001166628294405614
5.594325706169378e-06,0.0001191080139771872
5.711586478126423e-06,0.0001216044450321752
5.831305113526219e-06,0.0001241531965052722
5.95353313081437e-06,0.0001267553647946729
6.078323128297237e-06,0.0001294120692684197
6.205728806776501e-06,0.0001321244527449084
6.335804992658241e-06,0.0001348936819846047
6.468607661546321e-06,0.000137720948190756
6.604193962330305e-06,0.0001406074675214253
6.742622241778349e-06,0.0001435544816121848
6.883952069645496e-06,0.0001465632581089116
7.028244264308338e-06,0.0001496350912130184
7.175560918936921e-06,0.0001527713022371202
7.32596542821523e-06,0.000155973240172802
7.479522515621829e-06,0.0001592422822694894
7.636298261282242e-06,0.0001625798346270857
7.796360130405221e-06,0.0001659873327987116
7.959777002314978e-06,0.0001694662424083226
8.126619200091945e-06,0.0001730180597792064
8.296958520834915e-06,0.0001766443125776895
8.470868266557402e-06,0.0001803465604681698
8.648423275731709e-06,0.0001841263957832462
8.829699955494083e-06,0.0001879854442078388
9.014776314524917e-06,0.0001919253654766306
9.20373199661823e-06,0.000195947854087275
9.396648314954691e-06,0.0002000546400273695
9.593608287093147e-06,0.0002042474895176394
9.794696670695386e-06,0.0002085282057699978
1e-05,0.0002128986297615931
1.020960662306048e-05,0.0002173606410251772
1.042360673976401e-05,0.0002219161584556817
1.064209244064725e-05,0.0002265671411343373
1.086515774652537e-05,0.0002313155891688901
1.109289864895223e-05,0.0002361635445521371
1.132541315152813e-05,0.0002411130920387805
1.156280131207375e-05,0.0002461663600391573
1.180516528568806e-05,0.0002513255215332855
1.205260936870841e-05,0.0002565927950028968
1.230524004359262e-05,0.0002619704453832306
1.256316602474121e-05,0.0002674607850347011
1.28264983052806e-05,0.0002730661747353258
1.309535020482668e-05,0.0002787890246926938
1.336983741824945e-05,0.0002846317955782496
1.365007806546014e-05,0.0002905969995826707
1.393619274224143e-05,0.0002966872014930066
1.422830457214352e-05,0.0003029050197931316
1.452653925946781e-05,0.0003092531277856247
1.483102514336103e-05,0.0003157342547391861
1.514189325304352e-05,0.0003223511870578122
1.545927736419479e-05,0.0003291067694760619
1.578331405652116e-05,0.0003360039062779707
1.61141427725302e-05,0.0003430455625426099
1.645190587753661e-05,0.0003502347654141813
1.679674872092653e-05,0.0003575746054000906
1.714881969870541e-05,0.0003650682376949987
1.750827031735727e-05,0.0003727188835327411
1.787525525904236e-05,0.0003805298315666672
1.82499324481615e-05,0.0003885044392786252
1.86324631193156e-05,0.0003966461344170336
1.902301188668946e-05,0.000404958416465484
1.942174681489028e-05,0.0004134448581409877
1.982883949127071e-05,0.0004221091069246397
2.024446509976802e-05,0.0004309548866232582
2.066880249629082e-05,0.0004399859989636656
2.110203428568597e-05,0.000449206325220497
2.154434690031887e-05,0.0004586198278777598
2.199593068030075e-05,0.0004682305523246999
2.245697995539772e-05,0.0004780426285870831
2.292769312865649e-05,0.0004880602730950034
2.340827276178294e-05,0.0004982877904866623
2.389892566231053e-05,0.0005087295754500065
2.43998629725955e-05,0.0005193901146027802
2.491130026067786e-05,0.0005302739884119889
2.543345761304648e-05,0.0005413858731518895
2.596655972934872e-05,0.0005527305429047225
2.651083601908542e-05,0.0005643128716008583
2.706652070033241e-05,0.0005761378351034629
2.763385290053167e-05,0.0005882105133344639
2.821307675939471e-05,0.0006005360924462577
2.880444153396298e-05,0.0006131198670374927
2.940820170587067e-05,0.0006259672424153706
3.002461709085549e-05,0.0006390837369049107
3.065395295056524e-05,0.0006524749842055089
3.12964801067075e-05,0.000666146735797235
3.195247505759214e-05,0.0006801048633966467
3.262222009711673e-05,0.0006943553614633391
3.330600343624589e-05,0.0007089043497588987
3.400411932703703e-05,0.0007237580759585915
3.471686818926559e-05,0.0007389229183171198
3.544455673970435e-05,0.0007544053883898894
3.618749812411284e-05,0.0007702121338104551
3.694601205199302e-05,0.0007863499411256969
3.772042493416993e-05,0.0008028257386891724
3.851107002325569e-05,0.000819646599615087
3.93182875570577e-05,0.0008368197447924386
4.014242490499326e-05,0.0008543525459629997
4.098383671757261e-05,0.0008722525288609173
4.184288507901576e-05,0.00089052737641937
4.271993966306776e-05,0.0009091849320416179
4.361537789208006e-05,0.0009282332029409979
4.45295850994266e-05,0.0009476803635494191
4.5462954695324e-05,0.0009675347589959138
4.641588833612772e-05,0.0009878049086573526
4.738879609717651e-05,0.001008499509782546
4.838209664925957e-05,0.00102962744119095
4.939621743878326e-05,0.00105119776704754
5.043159487171359e-05,0.001073219740715614
5.148867450137487e-05,0.00109570280868887
5.256791122018419e-05,0.001118656614604974
5.366976945540476e-05,0.001142091003340839
5.479472336900293e-05,0.001166016025193173
5.594325706169377e-05,0.001190441940144726
5.711586478126424e-05,0.001215379222217816
5.831305113526218e-05,0.00124083856391799
5.95353313081437e-05,0.00126683088076851
6.078323128297237e-05,0.001293367315938876
6.2057288067765e-05,0.001320459244967043
6.335804992658241e-05,0.001348118280579569
6.468607661546321e-05,0.001376356277610569
6.604193962330305e-05,0.00140518533802092
6.742622241778349e-05,0.001434617816021277
6.883952069645496e-05,0.001464666323298891
7.028244264308338e-05,0.001495343734352672
7.175560918936922e-05,0.001526663191936617
7.32596542821523e-05,0.001558638112614585
7.479522515621829e-05,0.001591282192429433
7.636298261282242e-05,0.001624609412686939
7.79636013040522e-05,0.001658634045858531
7.959777002314978e-05,0.001693370661604465
8.126619200091945e-05,0.001728834132919688
8.296958520834916e-05,0.001765039642404709
8.470868266557403e-05,0.001802002688665039
8.648423275731709e-05,0.001839739092840187
8.829699955494083e-05,0.001878265005266
9.014776314524917e-05,0.001917596912272224
9.203731996618231e-05,0.001957751643118288
9.39664831495469e-05,0.001998746377069871
9.593608287093147e-05,0.002040598650619674
9.794696670695385e-05,0.002083326364853422
0.0001,0.002126947792966516
0.0001020960662306048,0.002171481587932234
0.0001042360673976401,0.002216946790324581
0.0001064209244064725,0.002263362836301019
0.0001086515774652537,0.002310749565744397
0.0001109289864895223,0.002359127230570746
0.0001132541315152813,0.002408516503204172
0.0001156280131207375,0.002458938485222828
0.0001180516528568806,0.002510414716178078
0.0001205260936870841,0.002562967182592857
0.0001230524004359262,0.002616618327138887
0.0001256316602474122,0.00267139105799985
0.000128264983052806,0.002727308758421754
0.0001309535020482668,0.002784395296454467
0.0001336983741824945,0.002842675034889219
0.0001365007806546014,0.002902172841393713
0.0001393619274224143,0.002962914098851299
0.0001422830457214352,0.003024924715904875
0.0001452653925946781,0.003088231137712727
0.0001483102514336103,0.00315286035691742
0.0001514189325304352,0.003218839924833405
0.0001545927736419478,0.003286197962857118
0.0001578331405652116,0.00335496317410322
0.000161141427725302,0.003425164855272333
0.0001645190587753661,0.003496832908752578
0.0001679674872092653,0.003569997854961704
0.0001714881969870541,0.003644690844932019
0.0001750827031735723,0.003720943673144461
0.0001787525525904235,0.003798788790614571
0.0001824993244816151,0.003878259318236821
0.000186324631193156,0.003959389060390284
0.0001902301188668946,0.00404221251881165
0.0001942174681489025,0.004126764906739688
0.0001982883949127071,0.004213082163336823
0.0002024446509976802,0.00430120096839115
0.0002066880249629082,0.00439115875730689
0.0002110203428568597,0.004482993736384167
0.0002154434690031882,0.0045767448983981
0.0002199593068030075,0.004672452038478103
0.0002245697995539772,0.004770155770295603
0.0002292769312865649,0.004869897542564616
0.0002340827276178294,0.00497171965585963
0.0002389892566231048,0.005075665279758668
0.000243998629725955,0.005181778470314646
0.0002491130026067791,0.005290104187861799
0.0002543345761304648,0.005400688315163604
0.0002596655972934873,0.005513577675906212
0.0002651083601908536,0.005628820053545147
0.0002706652070033241,0.005746464210509616
0.0002763385290053172,0.005866559907771185
0.0002821307675939471,0.005989157924783162
0.0002880444153396298,0.006114310079795793
0.000294082017058706,0.00624206925055415
0.0003002461709085549,0.006372489395385039
0.000306539529505653,0.006505625574678819
0.000312964801067075,0.006641533972772007
0.0003195247505759214,0.006780271920238445
0.0003262222009711667,0.0069218979165937
0.0003330600343624589,0.007066471653421336
0.000340041193270371,0.007214054037924633
0.000347168681892656,0.007364707216913291
0.0003544455673970436,0.007518494601229997
0.0003618749812411277,0.007675480890623421
0.0003694601205199302,0.007835732099075732
0.0003772042493417001,0.007999315580589417
0.0003851107002325569,0.008166300055441389
0.000393182875570577,0.008336755636911164
0.0004014242490499318,0.008510753858488873
0.0004098383671757261,0.008688367701571109
0.0004184288507901585,0.008869671623649933
0.0004271993966306776,0.009054741587003479
0.0004361537789208006,0.009243655087893821
0.0004452958509942651,0.009436491186278428
0.0004546295469532399,0.009633330536043871
0.0004641588833612782,0.009834255415766102
0.0004738879609717651,0.01003934976000553
0.0004838209664925957,0.0102486991911438
0.0004939621743878316,0.01046239105176705
0.0005043159487171359,0.01068051443760398
0.0005148867450137498,0.01090316023102489
0.0005256791122018419,0.01113042113510709
0.0005366976945540476,0.01136239170827413
0.0005479472336900282,0.01159916839951469
0.0005594325706169377,0.01184084958418696
0.0005711586478126435,0.0120875356004152
0.0005831305113526219,0.01233932878608335
0.000595353313081437,0.01259633351643252
0.0006078323128297224,0.01285865624226734
0.0006205728806776501,0.0131264055287772
0.0006335804992658254,0.0133996920949756
0.0006468607661546321,0.01367862885376647
0.0006604193962330305,0.01396333095263813
0.0006742622241778335,0.01425391581499236
0.0006883952069645496,0.01455050318211171
0.0007028244264308353,0.01485321515576954
0.0007175560918936921,0.0151621762414863
0.000732596542821523,0.01547751339243575
0.0007479522515621828,0.01579935605400462
0.0007636298261282241,0.01612783620900715
0.0007796360130405237,0.01646308842355959
0.0007959777002314978,0.01680524989361343
0.0008126619200091946,0.01715446049215219
0.0008296958520834915,0.01751086281705017
0.0008470868266557402,0.01787460223959558
0.0008648423275731727,0.01824582695367871
0.0008829699955494083,0.01862468802564243
0.0009014776314524918,0.01901133944479649
0.000920373199661823,0.01940593817459302
0.000939664831495469,0.01980864420446182
0.0009593608287093146,0.02021962060230087
0.0009794696670695387,0.02063903356762131
0.001,0.02106705248534024
0.001020960662306047,0.0215038499802177
0.001042360673976401,0.02194960197193052
0.001064209244064725,0.02240448773077908
0.001086515774652537,0.02286868993401536
0.001109289864895223,0.02334239472278776
0.001132541315152813,0.02382579175968924
0.001156280131207375,0.02431907428690183
0.001180516528568806,0.02482243918492266
0.001205260936870841,0.02533608703185941
0.001230524004359262,0.02586022216328232
0.001256316602474122,0.02639505273261533
0.00128264983052806,0.02694079077205058
0.001309535020482668,0.02749765225396783
0.001336983741824945,0.02806585715283849
0.001365007806546014,0.02864562950759375
0.001393619274224143,0.02923719748443387
0.001422830457214352,0.0298407934400523
0.001452653925946781,0.03045665398525155
0.001483102514336103,0.031085020048918
0.001514189325304352,0.03172613694233084
0.001545927736419478,0.03238025442376713
0.001578331405652117,0.03304762676337358
0.00161141427725302,0.03372851280826605
0.001645190587753661,0.03442317604781742
0.001679674872092653,0.03513188467909434
0.001714881969870541,0.03585491167239818
0.001750827031735723,0.03659253483686331
0.001787525525904235,0.03734503688606539
0.00182499324481615,0.03811270550358536
0.00186324631193156,0.03889583340847658
0.001902301188668946,0.0396947184205757
0.001942174681489024,0.04050966352559737
0.001982883949127072,0.04134097693994787
0.002024446509976802,0.04218897217518902
0.002066880249629082,0.0430539681020834
0.002110203428568597,0.04393628901414337
0.002154434690031882,0.04483626469060631
0.002199593068030075,0.04575423045875382
0.002245697995539772,0.0466905272554855
0.002292769312865649,0.04764550168805914
0.002340827276178294,0.04861950609389964
0.002389892566231048,0.04961289859937623
0.00243998629725955,0.0506260431774449
0.002491130026067791,0.05165930970404353
0.002543345761304648,0.05271307401312642
0.002596655972934872,0.05378771795021775
0.002651083601908536,0.05488362942435643
0.002706652070033241,0.05600120245830364
0.002763385290053173,0.0571408372368738
0.002821307675939471,0.05830294015324622
0.002880444153396298,0.05948792385310864
0.002940820170587061,0.06069620727647507
0.003002461709085549,0.06192821569701912
0.00306539529505653,0.06318438075874833
0.00312964801067075,0.06446514050984797
0.003195247505759214,0.06577093943350998
0.003262222009711667,0.06710222847555269
0.003330600343624588,0.06845946506863854
0.00340041193270371,0.06984311315287917
0.003471686818926559,0.07125364319261551
0.003544455673970436,0.07269153218915092
0.003618749812411277,0.07415726368920417
0.003694601205199302,0.07565132778884576
0.003772042493417001,0.07717422113266659
0.003851107002325569,0.07872644690792252
0.003931828755705771,0.08030851483338941
0.004014242490499318,0.08192094114264781
0.004098383671757262,0.08356424856151878
0.004184288507901585,0.08523896627934691
0.004271993966306777,0.08694562991383059
0.004361537789208006,0.08868478146908187
0.004452958509942651,0.09045696928658686
0.0045462954695324,0.09226274798873424
0.004641588833612782,0.09410267841455944
0.004738879609717651,0.09597732754734922
0.004838209664925958,0.09788726843373541
0.004939621743878316,0.09983308009389669
0.005043159487171359,0.1018153474224782
0.005148867450137497,0.1038346610798224
0.005256791122018419,0.1058916173731005
0.005366976945540477,0.1079868181269151
0.005479472336900281,0.1101208705429372
0.005594325706169377,0.1122943870481298
0.005711586478126435,0.1145079851310947
0.005831305113526219,0.1167622871660747
0.00595353313081437,0.1190579202241235
0.006078323128297224,0.1213955158709514
0.0062057288067765,0.123775709950942
0.006335804992658254,0.1261991423568198
0.006468607661546321,0.128666456784447
0.006604193962330305,0.131178300472208
0.006742622241778335,0.1337353239244348
0.006883952069645496,0.1363381806183191
0.007028244264308352,0.1389875266937417
0.007175560918936921,0.1416840206254444
0.00732596542821523,0.1444283228769655
0.007479522515621813,0.1472210955357405
0.007636298261282242,0.150063001928779
0.007796360130405237,0.1529547062183062
0.007959777002314978,0.155896872976766
0.008126619200091946,0.1588901667405692
0.008296958520834915,0.1619352515419691
0.008470868266557402,0.1650327904184481
0.008648423275731726,0.1681834448989953
0.008829699955494083,0.1713878744666489
0.009014776314524917,0.1746467359966961
0.00920373199661823,0.1779606831699029
0.009396648314954691,0.1813303658601729
0.009593608287093146,0.1847564294960287
0.009794696670695385,0.1882395143953139
0.01,0.1917802550725439
0.01020960662306048,0.1953792795183174
0.01042360673976401,0.1990372084502434
0.01064209244064725,0.2027546545348401
0.01086515774652537,0.206532221579879
0.01109289864895223,0.2103705036966881
0.01132541315152813,0.2142700844319315
0.01156280131207375,0.2182315358684305
0.01180516528568806,0.2222554176946129
0.01205260936870841,0.2263422762422105
0.01230524004359262,0.2304926434918793
0.01256316602474121,0.2347070360464378
0.0128264983052806,0.2389859540714866
0.01309535020482668,0.243329880203213
0.01336983741824945,0.2477392784232364
0.01365007806546014,0.2522145929004286
0.01393619274224144,0.2567562467996817
0.01422830457214352,0.2613646410576962
0.01452653925946781,0.2660401531259136
0.01483102514336103,0.2707831356808091
0.01514189325304352,0.2755939153018535
0.01545927736419479,0.280472791117527
0.01578331405652117,0.2854200334198896
0.0161141427725302,0.2904358822483016
0.01645190587753661,0.2955205459429985
0.01679674872092653,0.3006741996693606
0.01714881969870541,0.3058969839138163
0.01750827031735723,0.3111890029524732
0.01787525525904235,0.3165503232936979
0.0182499324481615,0.3219809720960062
0.0186324631193156,0.3274809355627983
0.01902301188668946,0.3330501573156089
0.01942174681489025,0.3386885367477305
0.01982883949127071,0.3443959273602342
0.02024446509976802,0.3501721350825878
0.02066880249629082,0.3560169165802833
0.02110203428568597,0.3619299775520513
0.02154434690031882,0.3679109710194741
0.02199593068030075,0.3739594956120039
0.02245697995539772,0.380075093850604
0.02292769312865649,0.3862572504334809
0.02340827276178294,0.3925053905275725
0.02389892566231048,0.3988188780697205
0.0243998629725955,0.4051970140816846
0.02491130026067786,0.4116390350033926
0.02543345761304648,0.418144111049099
0.02596655972934872,0.4247113445913402
0.02651083601908536,0.431339768577865
0.02706652070033241,0.4380283449869588
0.02763385290053173,0.4447759633268317
0.02821307675939471,0.4515814391850264
0.02880444153396298,0.4584435128340322
0.02940820170587061,0.4653608478995526
0.03002461709085549,0.4723320300981434
0.0306539529505653,0.4793555660511494
0.03129648010670751,0.4864298821821432
0.03195247505759213,0.4935533237052736
0.03262222009711666,0.5007241537121532
0.03330600343624589,0.5079405523651451
0.0340041193270371,0.515200616205062
0.03471686818926559,0.5225023575815062
0.03544455673970436,0.5298437042142123
0.03618749812411277,0.5372224988938887
0.03694601205199302,0.5446364993311918
0.03772042493417001,0.5520833781625132
0.03851107002325569,0.559560723121356
0.0393182875570577,0.5670660373840744
0.04014242490499318,0.5745967400987433
0.04098383671757262,0.582150167105898
0.04184288507901585,0.5897235718597597
0.04271993966306777,0.5973141265584641
0.04361537789208006,0.6049189234916117
0.04452958509942651,0.6125349766132229
0.04546295469532399,0.6201592233479251
0.04641588833612782,0.6277885266378231
0.04738879609717651,0.6354196772371408
0.04838209664925957,0.6430493962612392
0.04939621743878315,0.6506743379960922
0.05043159487171359,0.6582910929737302
0.05148867450137497,0.6658961913184664
0.05256791122018419,0.6734861063680198
0.05366976945540476,0.6810572585728225
0.05479472336900281,0.6886060196759143
0.05594325706169378,0.6961287171748918
0.05711586478126435,0.703621639066311
0.05831305113526219,0.7110810388718625
0.0595353313081437,0.718503140944429
0.06078323128297224,0.7258841460508684
0.062057288067765,0.73322023722705
0.06335804992658255,0.7405075858992229
0.0646860766154632,0.7477423582643548
0.06604193962330306,0.754920721920503
0.06742622241778336,0.7620388527366811
0.06883952069645496,0.7690929419500384
0.07028244264308353,0.7760792034764262
0.07175560918936921,0.7829938814187059
0.0732596542821523,0.7898332577553449
0.07479522515621813,0.7965936601900375
0.07636298261282241,0.8032714701412832
0.07796360130405237,0.8098631308489984
0.07959777002314977,0.8163651555734533
0.08126619200091946,0.8227741358600132
0.08296958520834916,0.8290867498414091
0.08470868266557402,0.8352997705475835
0.08648423275731726,0.8414100741915065
0.08829699955494083,0.8474146483978162
0.09014776314524918,0.8533106003397226
0.09203731996618231,0.859095164748266
0.09396648314954691,0.8647657117568819
0.09593608287093147,0.8703197545431965
0.09794696670695385,0.8757549567291484
0.1,0.8810691394999216
0.1020960662306048,0.8862602884017439
0.1042360673976401,0.8913265597784586
0.1064209244064725,0.8962662868068521
0.1086515774652537,0.9010779850910801
0.1109289864895223,0.9057603577772058
0.1132541315152813,0.9103123001497886
0.1156280131207375,0.914732903673767
0.1180516528568806,0.9190214594464531
0.1205260936870841,0.9231774610263956
0.1230524004359262,0.9272006066081568
0.1256316602474122,0.9310908005146332
0.128264983052806,0.9348481539815351
0.1309535020482668,0.9384729852119099
0.1336983741824945,0.941965818682215
0.1365007806546014,0.9453273836853849
0.1393619274224144,0.9485586121005464
0.1422830457214352,0.9516606353835533
0.1452653925946781,0.9546347807772505
0.1483102514336103,0.9574825667453444
0.1514189325304352,0.9602056976389154
0.1545927736419478,0.9628060576098861
0.1578331405652116,0.9652857037911663
0.161141427725302,0.9676468587686272
0.1645190587753661,0.9698919023755072
0.1679674872092653,0.9720233628452437
0.1714881969870541,0.974043907363996
0.1750827031735723,0.9759563320692436
0.1787525525904236,0.9777635515457141
0.182499324481615,0.979468587874482
0.186324631193156,0.9810745592953184
0.1902301188668946,0.9825846685461825
0.1942174681489025,0.9840021909471041
0.1982883949127071,0.9853304622985263
0.2024446509976802,0.9865728666664265
0.2066880249629082,0.9877328241281645
0.2110203428568597,0.9888137785539676
0.2154434690031882,0.9898191854992409
0.2199593068030075,0.9907525002824419
0.2245697995539772,0.9916171663220786
0.2292769312865649,0.9924166038044728
0.2340827276178294,0.9931541987512688
0.2389892566231048,0.9938332925522899
0.243998629725955,0.9944571720252653
0.2491130026067786,0.9950290600592024
0.2543345761304648,0.99555210689283
0.2596655972934873,0.9960293820736081
0.2651083601908536,0.9964638671363957
0.2706652070033241,0.9968584490340302
0.2763385290053172,0.9972159143449136
0.2821307675939471,0.9975389442752846
0.2880444153396298,0.9978301104663045
0.2940820170587061,0.9980918716084806
0.3002461709085549,0.9983265708583943
0.306539529505653,0.998536434045322
0.312964801067075,0.9987235686481907
0.3195247505759213,0.9988899635165436
0.3262222009711667,0.9990374893028596
0.3330600343624588,0.999167899567783
0.340041193270371,0.9992828325146335
0.3471686818926559,0.9993838133050738
0.3544455673970436,0.9994722569040329
0.3618749812411277,0.9995494713989913
0.3694601205199303,0.9996166617365376
0.3772042493417002,0.9996749338177197
0.3851107002325569,0.9997252988931424
0.393182875570577,0.9997686781989884
0.4014242490499318,0.999805907776117
0.4098383671757261,0.9998377434161105
0.4184288507901585,0.9998648656804964
0.4271993966306777,0.9998878849423448
0.4361537789208006,0.9999073464029207
0.4452958509942651,0.9999237350399927
0.4546295469532399,0.9999374804486667
0.4641588833612782,0.9999489615401383
0.4738879609717651,0.999958511068443
0.4838209664925957,0.9999664199600471
0.4939621743878316,0.9999729414258622
0.5043159487171359,0.9999782948399201
0.5148867450137498,0.9999826693734114
0.5256791122018419,0.9999862273770349
0.5366976945540476,0.9999891075085366
0.5479472336900282,0.999991427605914
0.5594325706169377,0.9999932873099789
0.5711586478126435,0.999994770442781
0.5831305113526218,0.9999959471507883
0.595353313081437,0.9999968758236999
0.6078323128297224,0.9999976048013174
0.62057288067765,0.9999981738820716
0.6335804992658254,0.9999986156475815
0.6468607661546321,0.999998956618064
0.6604193962330305,0.9999992182535391
0.6742622241778335,0.9999994178156311
0.6883952069645496,0.9999995691043791
0.7028244264308353,0.9999996830838997
0.7175560918936921,0.999999768410006
0.732596542821523,0.9999998318720477
0.7479522515621814,0.9999998787603009
0.7636298261282242,0.9999999131692674
0.7796360130405237,0.999999938246243
0.7959777002314977,0.9999999563935318
0.8126619200091946,0.9999999694317183
0.8296958520834898,0.9999999787304976
0.8470868266557402,0.9999999853126974
0.8648423275731727,0.9999999899363399
0.8829699955494082,0.9999999931588608
0.9014776314524917,0.9999999953869591
0.9203731996618231,0.999999996914973
0.9396648314954691,0.9999999979541764
0.9593608287093147,0.9999999986549506
0.9794696670695385,0.9999999991234217
1,0.9999999994338317
1.020960662306048,0.9999999996376558
1.042360673976403,0.9999999997702613
1.064209244064722,0.9999999998557223
1.086515774652537,0.9999999999102717
1.109289864895223,0.9999999999447495
1.132541315152813,0.9999999999663234
1.156280131207378,0.9999999999796851
1.180516528568803,0.9999999999878745
1.205260936870841,0.9999999999928404
1.230524004359262,0.999999999995819
1.256316602474121,0.9999999999975858
1.282649830528062,0.999999999998622
1.309535020482665,0.9999999999992226
1.336983741824945,0.9999999999995667
1.365007806546014,0.9999999999997614
1.393619274224144,0.9999999999998702
1.422830457214355,0.9999999999999304
1.452653925946778,0.999999999999963
1.483102514336103,0.9999999999999807
1.514189325304352,0.99999999999999
1.545927736419479,0.9999999999999949
1.57833140565212,0.9999999999999974
1.611414277253017,0.9999999999999988
1.645190587753661,0.9999999999999993
1.679674872092653,0.9999999999999997
1.714881969870541,0.9999999999999999
1.750827031735727,0.9999999999999999
1.787525525904232,1
1.824993244816151,1
1.86324631193156,1
1.902301188668946,1
1.942174681489028,1
1.982883949127067,1
2.024446509976802,1
2.066880249629082,1
2.110203428568596,1
2.154434690031886,1
2.19959306803007,1
2.245697995539772,1
2.292769312865649,1
2.340827276178294,1
2.389892566231053,1
2.439986297259545,1
2.491130026067786,1
2.543345761304648,1
2.596655972934872,1
2.651083601908542,1
2.706652070033236,1
2.763385290053167,1
2.821307675939471,1
2.880444153396298,1
2.940820170587067,1
3.002461709085543,1
3.065395295056524,1
3.12964801067075,1
3.195247505759214,1
3.262222009711673,1
3.330600343624582,1
3.400411932703703,1
3.47168681892656,1
3.544455673970436,1
3.618749812411284,1
3.694601205199295,1
3.772042493416994,1
3.851107002325569,1
3.93182875570577,1
4.014242490499326,1
4.098383671757253,1
4.184288507901576,1
4.271993966306777,1
4.361537789208006,1
4.45295850994266,1
4.54629546953239,1
4.641588833612772,1
4.738879609717651,1
4.838209664925957,1
4.939621743878326,1
5.043159487171349,1
5.148867450137487,1
5.256791122018419,1
5.366976945540476,1
5.479472336900293,1
5.594325706169389,1
5.711586478126423,1
5.831305113526219,1
5.95353313081437,1
6.078323128297236,1
6.205728806776513,1
6.335804992658241,1
6.46860766154632,1
6.604193962330306,1
6.742622241778349,1
6.883952069645511,1
7.028244264308339,1
7.175560918936921,1
7.32596542821523,1
7.479522515621829,1
7.636298261282257,1
7.796360130405221,1
7.959777002314977,1
8.126619200091946,1
8.296958520834915,1
8.470868266557419,1
8.648423275731709,1
8.829699955494084,1
9.014776314524918,1
9.203731996618231,1
9.39664831495471,1
9.593608287093128,1
9.794696670695386,1
10,1
