#Exponential aproximation (linear regression) vs Original set
#ExpLr(x), ExpLr(CDF) 
1e-08,1.109580927138865e-08
1.020960662306048e-08,1.132838478579146e-08
1.042360673976401e-08,1.156583517847309e-08
1.064209244064725e-08,1.180826281199643e-08
1.086515774652537e-08,1.205577182528117e-08
1.109289864895223e-08,1.230846868871538e-08
1.132541315152813e-08,1.256646242620008e-08
1.156280131207375e-08,1.282986372697081e-08
1.180516528568806e-08,1.309878616684301e-08
1.205260936870841e-08,1.337334543105584e-08
1.230524004359262e-08,1.365365964733911e-08
1.256316602474122e-08,1.393984938591331e-08
1.28264983052806e-08,1.423203788153415e-08
1.309535020482668e-08,1.453035081144805e-08
1.336983741824945e-08,1.483491651743662e-08
1.365007806546014e-08,1.51458662278614e-08
1.393619274224144e-08,1.546333361357455e-08
1.422830457214352e-08,1.578745534303039e-08
1.452653925946781e-08,1.611837086024082e-08
1.483102514336103e-08,1.645622260681989e-08
1.514189325304352e-08,1.680115591096154e-08
1.545927736419478e-08,1.715331920948415e-08
1.578331405652117e-08,1.751286415885289e-08
1.61141427725302e-08,1.787994541313509e-08
1.645190587753661e-08,1.825472084604485e-08
1.679674872092653e-08,1.863735188400995e-08
1.714881969870541e-08,1.902800317310493e-08
1.750827031735723e-08,1.942684269007344e-08
1.787525525904235e-08,1.983404218641738e-08
1.824993244816151e-08,2.024977685533003e-08
1.86324631193156e-08,2.067422555374065e-08
1.902301188668946e-08,2.110757102435912e-08
1.942174681489025e-08,2.154999967363125e-08
1.982883949127072e-08,2.200170190480577e-08
2.024446509976802e-08,2.24628722289566e-08
2.066880249629082e-08,2.293370882089363e-08
2.110203428568597e-08,2.341441462938576e-08
2.154434690031882e-08,2.390519626693788e-08
2.199593068030075e-08,2.440626500899157e-08
2.245697995539776e-08,2.491783646085821e-08
2.292769312865649e-08,2.544013077976359e-08
2.340827276178294e-08,2.59733727858702e-08
2.389892566231048e-08,2.651779185125491e-08
2.43998629725955e-08,2.707362234399824e-08
2.491130026067791e-08,2.764110340613968e-08
2.543345761304648e-08,2.822047917572235e-08
2.596655972934873e-08,2.881199911985988e-08
2.651083601908536e-08,2.941591770166951e-08
2.706652070033241e-08,3.003249482436132e-08
2.763385290053173e-08,3.066199572021588e-08
2.821307675939471e-08,3.130469150569581e-08
2.880444153396298e-08,3.196085851531194e-08
2.940820170587061e-08,3.263077930082403e-08
3.002461709085549e-08,3.331474207612928e-08
3.06539529505653e-08,3.401304105032921e-08
3.12964801067075e-08,3.472597698284119e-08
3.195247505759214e-08,3.545385640624232e-08
3.262222009711667e-08,3.619699273649246e-08
3.330600343624589e-08,3.695570560680039e-08
3.40041193270371e-08,3.773032164477996e-08
3.471686818926559e-08,3.852117425040547e-08
3.544455673970436e-08,3.932860348498934e-08
3.618749812411276e-08,4.015295707038291e-08
3.694601205199302e-08,4.099458961182023e-08
3.772042493417001e-08,4.185386337507424e-08
3.851107002325569e-08,4.273114806441214e-08
3.93182875570577e-08,4.36268211556623e-08
4.014242490499318e-08,4.454126822928117e-08
4.098383671757262e-08,4.547488263728638e-08
4.184288507901584e-08,4.642806628041285e-08
4.271993966306777e-08,4.740122927504586e-08
4.361537789208006e-08,4.839479050833262e-08
4.45295850994266e-08,4.940917730511529e-08
4.546295469532399e-08,5.044482631610947e-08
4.641588833612782e-08,5.150218329585954e-08
4.738879609717651e-08,5.258170310273869e-08
4.838209664925958e-08,5.368385047610502e-08
4.939621743878326e-08,5.480909948119006e-08
5.043159487171359e-08,5.595793439727714e-08
5.148867450137498e-08,5.713084982872374e-08
5.256791122018419e-08,5.832835014984994e-08
5.366976945540476e-08,5.955095105925068e-08
5.479472336900293e-08,6.079917835855042e-08
5.594325706169378e-08,6.207356939569308e-08
5.711586478126435e-08,6.337467239880823e-08
5.831305113526219e-08,6.470304747541178e-08
5.95353313081437e-08,6.605926616831681e-08
6.078323128297236e-08,6.744391212176737e-08
6.2057288067765e-08,6.885758108143847e-08
6.335804992658255e-08,7.030088156056991e-08
6.46860766154632e-08,7.177443461792166e-08
6.604193962330306e-08,7.327887419084078e-08
6.742622241778349e-08,7.481484787241754e-08
6.883952069645497e-08,7.638301657841851e-08
7.028244264308353e-08,7.798405510239803e-08
7.175560918936921e-08,7.961865255978751e-08
7.32596542821523e-08,8.128751216585073e-08
7.479522515621828e-08,8.299135212386233e-08
7.636298261282242e-08,8.473090573613007e-08
7.796360130405237e-08,8.650692162603946e-08
7.959777002314978e-08,8.832016384907604e-08
8.126619200091946e-08,9.017141300304843e-08
8.296958520834915e-08,9.206146545093219e-08
8.470868266557402e-08,9.399113454211516e-08
8.648423275731727e-08,9.596125094546437e-08
8.829699955494083e-08,9.797266220523682e-08
9.014776314524918e-08,1.000262339623248e-07
9.20373199661823e-08,1.021228499542559e-07
9.396648314954691e-08,1.042634124592823e-07
9.593608287093146e-08,1.064488425184251e-07
9.794696670695386e-08,1.086800806016086e-07
1e-07,1.109580869407267e-07
1.020960662306048e-07,1.132838418627102e-07
1.042360673976401e-07,1.156583460115712e-07
1.064209244064725e-07,1.180826214586261e-07
1.086515774652537e-07,1.205577112584066e-07
1.109289864895223e-07,1.230846805588826e-07
1.132541315152813e-07,1.256646168235065e-07
1.156280131207375e-07,1.282986302753031e-07
1.180516528568806e-07,1.309878543409582e-07
1.205260936870841e-07,1.337334463169526e-07
1.230524004359261e-07,1.365365878136515e-07
1.256316602474121e-07,1.393984848663266e-07
1.28264983052806e-07,1.423203692674235e-07
1.309535020482668e-07,1.453034982334955e-07
1.336983741824945e-07,1.483491555154259e-07
1.365007806546014e-07,1.514586518425176e-07
1.393619274224144e-07,1.546333252555598e-07
1.422830457214352e-07,1.578745418839844e-07
1.452653925946781e-07,1.611836966119995e-07
1.483102514336103e-07,1.645622134116564e-07
1.514189325304352e-07,1.68011546120006e-07
1.545927736419479e-07,1.715331791052321e-07
1.578331405652117e-07,1.751286278217634e-07
1.61141427725302e-07,1.78799439476407e-07
1.645190587753661e-07,1.825471938055045e-07
1.679674872092653e-07,1.863735035190217e-07
1.714881969870541e-07,1.902800151887263e-07
1.750827031735723e-07,1.942684100253445e-07
1.787525525904236e-07,1.983404041006054e-07
1.824993244816151e-07,2.024977499015534e-07
1.86324631193156e-07,2.067422364415705e-07
1.902301188668946e-07,2.110756902595767e-07
1.942174681489024e-07,2.154999759751419e-07
1.982883949127071e-07,2.200169977317756e-07
2.024446509976802e-07,2.246286991969271e-07
2.066880249629082e-07,2.293370650052751e-07
2.110203428568597e-07,2.341441212028172e-07
2.154434690031882e-07,2.390519364681154e-07
2.199593068030075e-07,2.440626227784293e-07
2.245697995539772e-07,2.49178336297895e-07
2.292769312865649e-07,2.544012785987704e-07
2.340827276178294e-07,2.597336972165465e-07
2.389892566231048e-07,2.651778867601706e-07
2.43998629725955e-07,2.707361902443139e-07
2.491130026067786e-07,2.764109993114161e-07
2.543345761304648e-07,2.822047560080421e-07
2.596655972934872e-07,2.881199537840828e-07
2.651083601908536e-07,2.941591379368447e-07
2.706652070033241e-07,3.003249073874059e-07
2.763385290053167e-07,3.066199153467508e-07
2.82130767593947e-07,3.130468708700818e-07
2.880444153396298e-07,3.196085396339754e-07
2.940820170587061e-07,3.263077451576279e-07
3.002461709085549e-07,3.331473704681898e-07
3.065395295056524e-07,3.401303588779214e-07
3.12964801067075e-07,3.472597152054391e-07
3.195247505759214e-07,3.545385075520713e-07
3.262222009711673e-07,3.619698680790151e-07
3.330600343624589e-07,3.695569948947153e-07
3.400411932703703e-07,3.773031528320203e-07
3.471686818926559e-07,3.852116752245394e-07
3.544455673970435e-07,3.932859654609544e-07
3.618749812411284e-07,4.015294980952433e-07
3.694601205199302e-07,4.099458206230366e-07
3.772042493416994e-07,4.185385547028631e-07
3.851107002325569e-07,4.273113981545507e-07
3.93182875570577e-07,4.362681261804724e-07
4.014242490499326e-07,4.454125929198582e-07
4.098383671757261e-07,4.547487337802636e-07
4.184288507901585e-07,4.642805662147254e-07
4.271993966306776e-07,4.740121920532303e-07
4.361537789208006e-07,4.839477991680496e-07
4.45295850994266e-07,4.940916630280512e-07
4.5462954695324e-07,5.044481489191455e-07
4.641588833612782e-07,5.150217134985979e-07
4.738879609717651e-07,5.258169069044527e-07
4.838209664925957e-07,5.368383745318894e-07
4.939621743878326e-07,5.480908593646916e-07
5.043159487171359e-07,5.595792035295588e-07
5.148867450137498e-07,5.71308350960642e-07
5.25679112201842e-07,5.832833488428335e-07
5.366976945540476e-07,5.955093504983466e-07
5.479472336900293e-07,6.079916171630728e-07
5.594325706169378e-07,6.207355200960052e-07
5.711586478126435e-07,6.337465435768408e-07
5.831305113526218e-07,6.470302865713151e-07
5.95353313081437e-07,6.605924655067597e-07
6.078323128297237e-07,6.744389163815256e-07
6.205728806776501e-07,6.885755978736086e-07
6.335804992658255e-07,7.030085934500718e-07
6.468607661546321e-07,7.177441138095375e-07
6.604193962330305e-07,7.327885003238777e-07
6.742622241778349e-07,7.481482269255935e-07
6.883952069645496e-07,7.638299032164397e-07
7.028244264308353e-07,7.798402776870716e-07
7.175560918936921e-07,7.961862398264685e-07
7.32596542821523e-07,8.128748240077144e-07
7.479522515621828e-07,8.299132115974217e-07
7.636298261282241e-07,8.47308734841512e-07
7.796360130405236e-07,8.650688794187289e-07
7.959777002314978e-07,8.832012879933515e-07
8.126619200091945e-07,9.017137636568862e-07
8.296958520834915e-07,9.206142725926014e-07
8.470868266557403e-07,9.39910948405398e-07
8.648423275731727e-07,9.596120948973663e-07
8.829699955494083e-07,9.797261901756116e-07
9.014776314524917e-07,1.000261889760878e-06
9.20373199661823e-07,1.021228030695376e-06
9.396648314954691e-07,1.042633635428558e-06
9.593608287093148e-07,1.064487915369838e-06
9.794696670695385e-07,1.086800274885391e-06
1e-06,1.109580315850067e-06
1.020960662306047e-06,1.132837840978063e-06
1.042360673976401e-06,1.1565828587079e-06
1.064209244064725e-06,1.180825587088208e-06
1.086515774652537e-06,1.205576458551683e-06
1.109289864895223e-06,1.230846124022911e-06
1.132541315152813e-06,1.256645457803351e-06
1.156280131207375e-06,1.282985562012229e-06
1.180516528568805e-06,1.309877771471513e-06
1.205260936870841e-06,1.337333658701922e-06
1.230524004359262e-06,1.365365038807909e-06
1.256316602474121e-06,1.393983974362634e-06
1.28264983052806e-06,1.423202780959087e-06
1.309535020482668e-06,1.453034032095069e-06
1.336983741824945e-06,1.483490565168388e-06
1.365007806546014e-06,1.514585486472875e-06
1.393619274224143e-06,1.546332176749488e-06
1.422830457214352e-06,1.578744297736634e-06
1.452653925946781e-06,1.611835797166172e-06
1.483102514336103e-06,1.645620915202706e-06
1.514189325304352e-06,1.680114190549808e-06
1.545927736419479e-06,1.715330466556253e-06
1.57833140565212e-06,1.751284897655303e-06
1.61141427725302e-06,1.787992956248097e-06
1.645190587753661e-06,1.825470438587828e-06
1.679674872092653e-06,1.863733472329265e-06
1.714881969870541e-06,1.902798523079063e-06
1.750827031735727e-06,1.942682401612217e-06
1.787525525904235e-06,1.983402271088508e-06
1.82499324481615e-06,2.024975654157934e-06
1.86324631193156e-06,2.06742044117636e-06
1.902301188668946e-06,2.110754897199918e-06
1.942174681489028e-06,2.154997670089642e-06
1.982883949127071e-06,2.200167798838137e-06
2.024446509976802e-06,2.246284721341141e-06
2.066880249629082e-06,2.293368282835218e-06
2.110203428568597e-06,2.341438744668523e-06
2.154434690031886e-06,2.390516792849517e-06
2.199593068030075e-06,2.440623546928755e-06
2.245697995539772e-06,2.491780569102708e-06
2.292769312865649e-06,2.544009873761688e-06
2.340827276178294e-06,2.597333936371626e-06
2.389892566231052e-06,2.651775703688131e-06
2.43998629725955e-06,2.707358603526444e-06
2.491130026067786e-06,2.764106554531409e-06
2.543345761304648e-06,2.822043976835609e-06
2.596655972934872e-06,2.88119580238444e-06
2.651083601908542e-06,2.941587485816299e-06
2.706652070033241e-06,3.003245015231748e-06
2.763385290053167e-06,3.06619492329574e-06
2.821307675939471e-06,3.130464299005986e-06
2.880444153396298e-06,3.196080799239276e-06
2.940820170587067e-06,3.263072660297794e-06
3.002461709085549e-06,3.331468710454644e-06
3.065395295056524e-06,3.401298382277318e-06
3.129648010670751e-06,3.472591725284246e-06
3.195247505759214e-06,3.545379418712358e-06
3.262222009711673e-06,3.619692785061801e-06
3.330600343624589e-06,3.695563802974533e-06
3.400411932703702e-06,3.773025121667217e-06
3.47168681892656e-06,3.852110074809012e-06
3.544455673970436e-06,3.93285269451038e-06
3.618749812411284e-06,4.015287726200079e-06
3.694601205199302e-06,4.099450643835212e-06
3.772042493416993e-06,4.185377664556178e-06
3.851107002325569e-06,4.273105765006946e-06
3.93182875570577e-06,4.362672696545111e-06
4.014242490499326e-06,4.454117002006264e-06
4.098383671757261e-06,4.547478032135288e-06
4.184288507901576e-06,4.64279596223971e-06
4.271993966306777e-06,4.74011180984224e-06
4.361537789208005e-06,4.839467452444346e-06
4.45295850994266e-06,4.940905644845728e-06
4.5462954695324e-06,5.044470038351179e-06
4.641588833612773e-06,5.150205198978242e-06
4.738879609717651e-06,5.258156627219179e-06
4.838209664925957e-06,5.368370776803744e-06
4.939621743878326e-06,5.480895075349324e-06
5.043159487171359e-06,5.595777944789049e-06
5.148867450137487e-06,5.713068821577849e-06
5.25679112201842e-06,5.83281817867487e-06
5.366976945540476e-06,5.955077546748733e-06
5.479472336900293e-06,6.079899536715061e-06
5.594325706169378e-06,6.207337862274009e-06
5.711586478126423e-06,6.337447362669835e-06
5.831305113526219e-06,6.47028402700478e-06
5.95353313081437e-06,6.605905017553759e-06
6.078323128297237e-06,6.744368694966418e-06
6.205728806776501e-06,6.885734642914088e-06
6.335804992658241e-06,7.030063694180022e-06
6.468607661546321e-06,7.177417956416576e-06
6.604193962330305e-06,7.327860839234646e-06
6.742622241778349e-06,7.481457081182086e-06
6.883952069645496e-06,7.638272777721333e-06
7.028244264308338e-06,7.798375409762137e-06
7.175560918936921e-06,7.961833872527357e-06
7.32596542821523e-06,8.128718505306942e-06
7.479522515621829e-06,8.299101121878039e-06
7.636298261282242e-06,8.473055041036126e-06
7.796360130405221e-06,8.650655118236372e-06
7.959777002314978e-06,8.831977778123168e-06
8.126619200091945e-06,9.017101047281706e-06
8.296958520834915e-06,9.206104587211605e-06
8.470868266557402e-06,9.399069729854048e-06
8.648423275731709e-06,9.596079511120514e-06
8.829699955494083e-06,9.797218707974231e-06
9.014776314524917e-06,1.000257387373527e-05
9.20373199661823e-06,1.021223337638322e-05
9.396648314954691e-06,1.042628743563867e-05
9.593608287093147e-06,1.064482816248713e-05
9.794696670695386e-06,1.086794959848092e-05
1e-05,1.10957477561513e-05
1.020960662306048e-05,1.13283206605308e-05
1.042360673976401e-05,1.156576839134171e-05
1.064209244064725e-05,1.180819312551762e-05
1.086515774652537e-05,1.205569918216742e-05
1.109289864895223e-05,1.230839306642917e-05
1.132541315152813e-05,1.256638351598838e-05
1.156280131207375e-05,1.28297815475964e-05
1.180516528568806e-05,1.309870050480999e-05
1.205260936870841e-05,1.337325610684115e-05
1.230524004359262e-05,1.36535664984061e-05
1.256316602474121e-05,1.393975230035149e-05
1.28264983052806e-05,1.423193666172384e-05
1.309535020482668e-05,1.45302453128382e-05
1.336983741824945e-05,1.483480661901293e-05
1.365007806546014e-05,1.51457516360809e-05
1.393619274224143e-05,1.54632141670108e-05
1.422830457214352e-05,1.578733081886163e-05
1.452653925946781e-05,1.611824106195758e-05
1.483102514336103e-05,1.645608728995107e-05
1.514189325304352e-05,1.680101488088503e-05
1.545927736419479e-05,1.715317225992052e-05
1.578331405652116e-05,1.751271096284146e-05
1.61141427725302e-05,1.787978570166882e-05
1.645190587753661e-05,1.825455443116297e-05
1.679674872092653e-05,1.863717841665835e-05
1.714881969870541e-05,1.902782230311928e-05
1.750827031735727e-05,1.94266541868604e-05
1.787525525904236e-05,1.9833845686823e-05
1.82499324481615e-05,2.024957201929301e-05
1.86324631193156e-05,2.067401207273001e-05
1.902301188668946e-05,2.110734848492779e-05
1.942174681489028e-05,2.154976772150707e-05
1.982883949127071e-05,2.200146015651772e-05
2.024446509976802e-05,2.246262015359601e-05
2.066880249629082e-05,2.293344615011961e-05
2.110203428568597e-05,2.341414074280568e-05
2.154434690031887e-05,2.39049107740863e-05
2.199593068030075e-05,2.440596742170342e-05
2.245697995539772e-05,2.491752628963617e-05
2.292769312865649e-05,2.54398075001383e-05
2.340827276178294e-05,2.597303578932841e-05
2.389892566231053e-05,2.651744060333527e-05
2.43998629725955e-05,2.707325619699663e-05
2.491130026067786e-05,2.764072173488952e-05
2.543345761304648e-05,2.82200813941369e-05
2.596655972934872e-05,2.881158446921273e-05
2.651083601908542e-05,2.941548547952255e-05
2.706652070033241e-05,3.003204427876049e-05
2.763385290053167e-05,3.066152616659767e-05
2.821307675939471e-05,3.130420200281314e-05
2.880444153396298e-05,3.196034832420036e-05
2.940820170587067e-05,3.263024746280596e-05
3.002461709085549e-05,3.331418766805427e-05
3.065395295056524e-05,3.401246323042617e-05
3.12964801067075e-05,3.472537460791347e-05
3.195247505759214e-05,3.545322855580402e-05
3.262222009711673e-05,3.619633825791002e-05
3.330600343624589e-05,3.695502346179325e-05
3.400411932703703e-05,3.772961061621061e-05
3.471686818926559e-05,3.852043301133534e-05
3.544455673970435e-05,3.932783092241987e-05
3.618749812411284e-05,4.015215175590114e-05
3.694601205199302e-05,4.099375019905871e-05
3.772042493416993e-05,4.185298837211526e-05
3.851107002325569e-05,4.27302359847781e-05
3.93182875570577e-05,4.362587049433486e-05
4.014242490499326e-05,4.454027726885634e-05
4.098383671757261e-05,4.547384975239765e-05
4.184288507901576e-05,4.642698963419623e-05
4.271993966306776e-05,4.740010702197761e-05
4.361537789208006e-05,4.83936206177038e-05
4.45295850994266e-05,4.940795789809549e-05
4.5462954695324e-05,5.044355529815192e-05
4.641588833612772e-05,5.150085839900065e-05
4.738879609717651e-05,5.258032211996611e-05
4.838209664925957e-05,5.368241091308068e-05
4.939621743878326e-05,5.480759896414611e-05
5.043159487171359e-05,5.595637039590429e-05
5.148867450137487e-05,5.712921947598204e-05
5.256791122018419e-05,5.832665083049804e-05
5.366976945540476e-05,5.954917965989015e-05
5.479472336900293e-05,6.079733196129311e-05
5.594325706169377e-05,6.207164475424687e-05
5.711586478126424e-05,6.337266631195604e-05
5.831305113526218e-05,6.470095639687923e-05
5.95353313081437e-05,6.605708650131437e-05
6.078323128297237e-05,6.744164009342413e-05
6.2057288067765e-05,6.885521286814633e-05
6.335804992658241e-05,7.029841300276729e-05
6.468607661546321e-05,7.177186141915648e-05
6.604193962330305e-05,7.327619205022007e-05
6.742622241778349e-05,7.481205211290476e-05
6.883952069645496e-05,7.638010238597559e-05
7.028244264308338e-05,7.798101749445507e-05
7.175560918936922e-05,7.961548619961345e-05
7.32596542821523e-05,8.128421169506517e-05
7.479522515621829e-05,8.298791190908261e-05
7.636298261282242e-05,8.472731981323811e-05
7.79636013040522e-05,8.650318373748522e-05
7.959777002314978e-05,8.831626769190137e-05
8.126619200091945e-05,9.016735169520285e-05
8.296958520834916e-05,9.205723210992112e-05
8.470868266557403e-05,9.398672198468461e-05
8.648423275731709e-05,9.595665140404996e-05
8.829699955494083e-05,9.796786784488365e-05
9.014776314524917e-05,0.0001000212365408482
9.203731996618231e-05,0.0001021176408544378
9.39664831495469e-05,0.0001042579826563417
9.593608287093147e-05,0.0001064431827133561
9.794696670695385e-05,0.0001086741810841785
0.0001,0.0001109519375228629
0.0001020960662306048,0.0001132774318920449
0.0001042360673976401,0.0001156516645837158
0.0001064209244064725,0.0001180756569488794
0.0001086515774652537,0.0001205504517369782
0.0001109289864895223,0.0001230771135437569
0.0001132541315152813,0.0001256567292683419
0.0001156280131207375,0.0001282904085811998
0.0001180516528568806,0.0001309792843998681
0.0001205260936870841,0.0001337245133766762
0.0001230524004359262,0.0001365272763951264
0.0001256316602474122,0.0001393887790774873
0.000128264983052806,0.0001423102523026021
0.0001309535020482668,0.0001452929527350211
0.0001336983741824945,0.0001483381633644587
0.0001365007806546014,0.0001514471940572415
0.0001393619274224143,0.000154621382118858
0.0001422830457214352,0.0001578620928686103
0.0001452653925946781,0.0001611707202255896
0.0001483102514336103,0.0001645486873078639
0.0001514189325304352,0.0001679974470435441
0.0001545927736419478,0.0001715184827949523
0.0001578331405652116,0.0001751133089954449
0.000161141427725302,0.0001787834717996706
0.0001645190587753661,0.000182530549748039
0.0001679674872092653,0.0001863561544441783
0.0001714881969870541,0.0001902619312471598
0.0001750827031735723,0.0001942495599777105
0.0001787525525904235,0.000198320755639747
0.0001824993244816151,0.0002024772691565646
0.000186324631193156,0.000206720888122347
0.0001902301188668946,0.0002110534375701079
0.0001942174681489025,0.0002154767807543978
0.0001982883949127071,0.0002199928199517753
0.0002024446509976802,0.0002246034972768207
0.0002066880249629082,0.0002293107955161355
0.0002110203428568597,0.0002341167389788845
0.0002154434690031882,0.0002390233943657671
0.0002199593068030075,0.0002440328716558637
0.0002245697995539772,0.0002491473250122445
0.0002292769312865649,0.0002543689537060079
0.0002340827276178294,0.0002597000030597485
0.0002389892566231048,0.0002651427654114524
0.000243998629725955,0.0002706995810972668
0.0002491130026067791,0.0002763728394559184
0.0002543345761304648,0.0002821649798533388
0.0002596655972934873,0.0002880784927289382
0.0002651083601908536,0.0002941159206640842
0.0002706652070033241,0.0003002798594718969
0.0002763385290053172,0.0003065729593110245
0.0002821307675939471,0.0003129979258214011
0.0002880444153396298,0.0003195575212849855
0.000294082017058706,0.0003262545658094806
0.0003002461709085549,0.0003330919385374775
0.000306539529505653,0.0003400725788806902
0.000312964801067075,0.0003471994877800588
0.0003195247505759214,0.000354475728991277
0.0003262222009711667,0.0003619044303985186
0.0003330600343624589,0.000369488785354255
0.000340041193270371,0.0003772320540479379
0.000347168681892656,0.000385137564902549
0.0003544455673970436,0.0003932087160003483
0.0003618749812411277,0.0004014489765388207
0.0003694601205199302,0.0004098618883165983
0.0003772042493417001,0.0004184510672499142
0.0003851107002325569,0.0004272202049212526
0.000393182875570577,0.0004361730701605282
0.0004014242490499318,0.0004453135106579076
0.0004098383671757261,0.0004546454546114909
0.0004184288507901585,0.0004641729124084115
0.0004271993966306776,0.0004738999783420184
0.0004361537789208006,0.0004838308323631413
0.0004452958509942651,0.0004939697418692157
0.0004546295469532399,0.0005043210635302664
0.0004641588833612782,0.0005148892451520837
0.0004738879609717651,0.0005256788275793678
0.0004838209664925957,0.00053669444663762
0.0004939621743878316,0.0005479408351155568
0.0005043159487171359,0.0005594228247887134
0.0005148867450137498,0.0005711453484854578
0.0005256791122018419,0.0005831134421949713
0.0005366976945540476,0.0005953322472207478
0.0005479472336900282,0.0006078070123762824
0.0005594325706169377,0.0006205430962293867
0.0005711586478126435,0.0006335459693899148
0.0005831305113526219,0.0006468212168477816
0.000595353313081437,0.0006603745403575001
0.0006078323128297224,0.0006742117608734555
0.0006205728806776501,0.0006883388210346952
0.0006335804992658254,0.0007027617877018999
0.0006468607661546321,0.0007174868545470892
0.0006604193962330305,0.0007325203446960638
0.0006742622241778335,0.0007478687134265805
0.0006883952069645496,0.0007635385509220383
0.0007028244264308353,0.000779536585082341
0.0007175560918936921,0.0007958696843920476
0.000732596542821523,0.0008125448608500285
0.0007479522515621828,0.0008295692729569648
0.0007636298261282241,0.0008469502287671293
0.0007796360130405237,0.0008646951890016741
0.0007959777002314978,0.0008828117702268656
0.0008126619200091946,0.0009013077480984899
0.0008296958520834915,0.0009201910606720931
0.0008470868266557402,0.0009394698117828337
0.0008648423275731727,0.0009591522744947234
0.0008829699955494083,0.000979246894620367
0.0009014776314524918,0.0009997622943146434
0.000920373199661823,0.001020707275741439
0.000939664831495469,0.001042090824816433
0.0009593608287093146,0.001063922115027482
0.0009794696670695387,0.001086210511332619
0.001,0.00110896557413942
0.001020960662306047,0.001132197063366203
0.001042360673976401,0.001155914942586045
0.001064209244064725,0.001180129383257067
0.001086515774652537,0.001204850769038868
0.001109289864895223,0.001230089700198778
0.001132541315152813,0.001255856998107374
0.001156280131207375,0.001282163709827699
0.001180516528568806,0.001309021112797515
0.001205260936870841,0.001336440719608589
0.001230524004359262,0.001364434282883686
0.001256316602474122,0.001393013800253473
0.00128264983052806,0.001422191519435567
0.001309535020482668,0.001451979943418169
0.001336983741824945,0.001482391835748498
0.001365007806546014,0.001513440225931251
0.001393619274224143,0.001545138414936087
0.001422830457214352,0.001577499980818242
0.001452653925946781,0.001610538784454607
0.001483102514336103,0.001644268975395824
0.001514189325304352,0.001678704997838842
0.001545927736419478,0.001713861596720712
0.001578331405652117,0.001749753823937161
0.00161141427725302,0.001786397044687416
0.001645190587753661,0.001823806943948791
0.001679674872092653,0.001861999533082193
0.001714881969870541,0.001900991156573495
0.001750827031735723,0.001940798498910046
0.001787525525904235,0.001981438591598716
0.00182499324481615,0.002022928820324954
0.00186324631193156,0.002065286932258159
0.001902301188668946,0.002108531043504502
0.001942174681489024,0.002152679646710953
0.001982883949127072,0.002197751618823407
0.002024446509976802,0.002243766229001354
0.002066880249629082,0.002290743146692864
0.002110203428568597,0.002338702449872665
0.002154434690031882,0.002387664633446085
0.002199593068030075,0.002437650617822973
0.002245697995539772,0.002488681757664035
0.002292769312865649,0.002540779850802921
0.002340827276178294,0.002593967147348941
0.002389892566231048,0.002648266358970863
0.00243998629725955,0.002703700668368669
0.002491130026067791,0.002760293738934383
0.002543345761304648,0.002818069724607075
0.002596655972934872,0.00287705327992438
0.002651083601908536,0.002937269570275292
0.002706652070033241,0.002998744282358468
0.002763385290053173,0.003061503634847695
0.002821307675939471,0.003125574389271635
0.002880444153396298,0.00319098386110872
0.002940820170587061,0.003257759931103554
0.003002461709085549,0.003325931056807785
0.00306539529505653,0.003395526284350026
0.00312964801067075,0.003466575260438587
0.003195247505759214,0.003539108244602684
0.003262222009711667,0.003613156121674455
0.003330600343624588,0.003688750414517883
0.00340041193270371,0.003765923297008755
0.003471686818926559,0.003844707607269848
0.003544455673970436,0.003925136861166467
0.003618749812411277,0.004007245266066439
0.003694601205199302,0.004091067734870446
0.003772042493417001,0.004176639900316359
0.003851107002325569,0.004263998129563129
0.003931828755705771,0.004353179539059338
0.004014242490499318,0.004444222009701182
0.004098383671757262,0.00453716420228556
0.004184288507901585,0.004632045573262022
0.004271993966306777,0.004728906390790932
0.004361537789208006,0.004827787751111923
0.004452958509942651,0.004928731595228109
0.0045462954695324,0.005031780725911927
0.004641588833612782,0.005136978825037608
0.004738879609717651,0.005244370471247151
0.004838209664925958,0.00535400115795337
0.004939621743878316,0.005465917311688107
0.005043159487171359,0.00558016631080005
0.005148867450137497,0.005696796504507828
0.005256791122018419,0.005815857232315036
0.005366976945540477,0.005937398843793962
0.005479472336900281,0.006061472718741578
0.005594325706169377,0.006188131287716558
0.005711586478126435,0.00631742805296176
0.005831305113526219,0.006449417609719732
0.00595353313081437,0.006584155667946567
0.006078323128297224,0.006721699074430543
0.0062057288067765,0.00686210583532243
0.006335804992658254,0.007005435139083804
0.006468607661546321,0.007151747379859463
0.006604193962330305,0.007301104181281048
0.006742622241778335,0.007453568420707768
0.006883952069645496,0.007609204253911539
0.007028244264308352,0.007768077140212881
0.007175560918936921,0.007930253868074
0.00732596542821523,0.008095802581156164
0.007479522515621813,0.008264792804848153
0.007636298261282242,0.008437295473271877
0.007796360130405237,0.008613382956772497
0.007959777002314978,0.008793129089900265
0.008126619200091946,0.008976609199889296
0.008296958520834915,0.009163900135641834
0.008470868266557402,0.009355080297223317
0.008648423275731726,0.009550229665876153
0.008829699955494083,0.009749429834558287
0.009014776314524917,0.009952764039012907
0.00920373199661823,0.01016031718937704
0.009396648314954691,0.01037217590233475
0.009593608287093146,0.01058842853382136
0.009794696670695385,0.01080916521228681
0.01,0.0110344778725221
0.01020960662306048,0.0112644602900569
0.01042360673976401,0.01149920811613503
0.01064209244064725,0.01173881891327166
0.01086515774652537,0.01198339219140099
0.01109289864895223,0.01223302944461846
0.01132541315152813,0.0124878341885245
0.01156280131207375,0.01274791199817404
0.01180516528568806,0.01301337054663965
0.01205260936870841,0.01328431964419041
0.01230524004359262,0.01356087127809469
0.01256316602474121,0.01384313965305028
0.0128264983052806,0.01413124123224607
0.01309535020482668,0.0144252947790614
0.01336983741824945,0.01472542139940525
0.01365007806546014,0.01503174458470169
0.01393619274224144,0.01534439025552226
0.01422830457214352,0.01566348680587104
0.01452653925946781,0.01598916514812487
0.01483102514336103,0.01632155875862951
0.01514189325304352,0.01666080372395684
0.01545927736419479,0.01700703878782295
0.01578331405652117,0.01736040539866845
0.0161141427725302,0.01772104775790384
0.01645190587753661,0.01808911286881731
0.01679674872092653,0.01846475058614816
0.01714881969870541,0.01884811366632244
0.01750827031735723,0.01923935781835118
0.01787525525904235,0.01963864175538899
0.0182499324481615,0.02004612724695032
0.0186324631193156,0.02046197917177983
0.01902301188668946,0.02088636557137402
0.01942174681489025,0.02131945770414867
0.01982883949127071,0.02176143010024623
0.02024446509976802,0.02221246061697735
0.02066880249629082,0.02267273049488983
0.02110203428568597,0.02314242441445535
0.02154434690031882,0.02362173055336547
0.02199593068030075,0.02411084064442814
0.02245697995539772,0.02460995003404975
0.02292769312865649,0.02511925774129453
0.02340827276178294,0.0256389665175043
0.02389892566231048,0.02616928290646503
0.0243998629725955,0.02671041730510471
0.02491130026067786,0.02726258402470216
0.02543345761304648,0.02782600135259072
0.02596655972934872,0.02840089161433479
0.02651083601908536,0.02898748123635553
0.02706652070033241,0.02958600080898544
0.02763385290053173,0.03019668514992235
0.02821307675939471,0.0308197733680573
0.02880444153396298,0.03145550892764715
0.02940820170587061,0.03210413971279924
0.03002461709085549,0.03276591809223606
0.0306539529505653,0.03344110098430308
0.03129648010670751,0.03412994992218266
0.03195247505759213,0.0348327311192741
0.03262222009711666,0.03554971553469533
0.03330600343624589,0.03628117893886418
0.0340041193270371,0.03702740197910737
0.03471686818926559,0.03778867024525001
0.03544455673970436,0.03856527433513113
0.03618749812411277,0.03935750991998588
0.03694601205199302,0.04016567780963998
0.03772042493417001,0.0409900840174483
0.03851107002325569,0.04183103982491443
0.0393182875570577,0.04268886184592113
0.04014242490499318,0.04356387209049573
0.04098383671757262,0.04445639802803725
0.04184288507901585,0.04536677264992028
0.04271993966306777,0.04629533453139312
0.04361537789208006,0.04724242789267896
0.04452958509942651,0.04820840265918747
0.04546295469532399,0.049193614520738
0.04641588833612782,0.0501984249896904
0.04738879609717651,0.0512232014578784
0.04838209664925957,0.0522683172522288
0.04939621743878315,0.05333415168895161
0.05043159487171359,0.05442109012617591
0.05148867450137497,0.05552952401490274
0.05256791122018419,0.0566598509481403
0.05366976945540476,0.05781247470808193
0.05479472336900281,0.05898780531117664
0.05594325706169378,0.06018625905094421
0.05711586478126435,0.06140825853836951
0.05831305113526219,0.06265423273971504
0.0595353313081437,0.06392461701157459
0.06078323128297224,0.06521985313298906
0.062057288067765,0.0665403893344384
0.06335804992658255,0.06788668032351008
0.0646860766154632,0.06925918730704672
0.06604193962330306,0.07065837800955876
0.06742622241778336,0.07208472668768184
0.06883952069645496,0.07353871414045632
0.07028244264308353,0.07502082771518803
0.07175560918936921,0.07653156130864869
0.0732596542821523,0.07807141536336193
0.07479522515621813,0.07964089685870901
0.07636298261282241,0.08124051929658826
0.07796360130405237,0.08287080268133873
0.07959777002314977,0.0845322734936429
0.08126619200091946,0.08622546465810377
0.08296958520834916,0.08795091550418332
0.08470868266557402,0.08970917172018422
0.08648423275731726,0.09150078529993899
0.08829699955494083,0.09332631448186302
0.09014776314524918,0.09518632368002122
0.09203731996618231,0.09708138340683736
0.09396648314954691,0.09901207018707592
0.09593608287093147,0.1009789664627054
0.09794696670695385,0.1029826604882447
0.1,0.1050237462161852
0.1020960662306048,0.1071028231720632
0.1042360673976401,0.1092204963187543
0.1064209244064725,0.1113773759095419
0.1086515774652537,0.1135740773295045
0.1109289864895223,0.1158112209247584
0.1132541315152813,0.1180894318190706
0.1156280131207375,0.1204093397173582
0.1180516528568806,0.1227715786955719
0.1205260936870841,0.1251767869764467
0.1230524004359262,0.1276256066906076
0.1256316602474122,0.1301186836224852
0.128264983052806,0.1326566669405077
0.1309535020482668,0.1352402089110121
0.1336983741824945,0.13786996459531
0.1365007806546014,0.1405465915293436
0.1393619274224144,0.1432707493853429
0.1422830457214352,0.1460430996149051
0.1452653925946781,0.1488643050728967
0.1483102514336103,0.1517350296215749
0.1514189325304352,0.1546559377143299
0.1545927736419478,0.1576276939584248
0.1578331405652116,0.1606509626561273
0.161141427725302,0.1637264073236117
0.1645190587753661,0.1668546901870059
0.1679674872092653,0.170036471654975
0.1714881969870541,0.1732724097672083
0.1750827031735723,0.1765631596182049
0.1787525525904236,0.1799093727557393
0.182499324481615,0.183311696553398
0.186324631193156,0.1867707735565962
0.1902301188668946,0.1902872408014743
0.1942174681489025,0.1938617291061046
0.1982883949127071,0.1974948623334415
0.2024446509976802,0.2011872566254636
0.2066880249629082,0.2049395196079858
0.2110203428568597,0.2087522495656277
0.2154434690031882,0.2126260345864581
0.2199593068030075,0.2165614516758638
0.2245697995539772,0.2205590658392076
0.2292769312865649,0.2246194291328991
0.2340827276178294,0.2287430796835119
0.2389892566231048,0.2329305406746452
0.243998629725955,0.237182319301262
0.2491130026067786,0.2414989056912801
0.2543345761304648,0.2458807717942681
0.2596655972934873,0.2503283702371271
0.2651083601908536,0.2548421331467278
0.2706652070033241,0.2594224709395302
0.2763385290053172,0.2640697710782789
0.2821307675939471,0.2687843967959648
0.2880444153396298,0.2735666857873138
0.2940820170587061,0.2784169488681508
0.3002461709085549,0.2833354686031043
0.306539529505653,0.2883224979021883
0.312964801067075,0.2933782585869381
0.3195247505759213,0.2985029399268703
0.3262222009711667,0.3036966971471631
0.3330600343624588,0.308959649908597
0.340041193270371,0.3142918807609044
0.3471686818926559,0.3196934335708473
0.3544455673970436,0.3251643119264765
0.3618749812411277,0.3307044775191782
0.3694601205199303,0.3363138485053039
0.3772042493417002,0.3419922978493142
0.3851107002325569,0.3477396516505835
0.393182875570577,0.353555687456176
0.4014242490499318,0.3594401325620973
0.4098383671757261,0.3653926623057484
0.4184288507901585,0.3714128983524873
0.4271993966306777,0.3775004069794428
0.4361537789208006,0.3836546973599362
0.4452958509942651,0.3898752198520861
0.4546295469532399,0.3961613642954298
0.4641588833612782,0.4025124583196005
0.4738879609717651,0.4089277656693754
0.4838209664925957,0.4154064845506382
0.4939621743878316,0.4219477460020506
0.5043159487171359,0.4285506122975049
0.5148867450137498,0.4352140753846515
0.5256791122018419,0.4419370553650903
0.5366976945540476,0.4487183990220489
0.5479472336900282,0.4555568784016311
0.5594325706169377,0.4624511894539955
0.5711586478126435,0.4693999507410436
0.5831305113526218,0.476401702217476
0.595353313081437,0.4834549040923013
0.6078323128297224,0.4905579357781076
0.62057288067765,0.4977090949356597
0.6335804992658254,0.5049065966215602
0.6468607661546321,0.5121485725469442
0.6604193962330305,0.5194330704553431
0.6742622241778335,0.5267580536280141
0.6883952069645496,0.5341214005252014
0.7028244264308353,0.5415209045718826
0.7175560918936921,0.5489542740966835
0.732596542821523,0.5564191324326964
0.7479522515621814,0.5639130181889658
0.7636298261282242,0.5714333857014466
0.7796360130405237,0.5789776056721565
0.7959777002314977,0.5865429660052215
0.8126619200091946,0.5941266728483698
0.8296958520834898,0.6017258518482717
0.8470868266557402,0.6093375496279363
0.8648423275731727,0.616958735494082
0.8829699955494082,0.6245863033821145
0.9014776314524917,0.6322170740459568
0.9203731996618231,0.639847797499532
0.9396648314954691,0.6474751557162313
0.9593608287093147,0.6550957655921112
0.9794696670695385,0.6627061821779323
1,0.670302902184472
1.020960662306048,0.6778823677647333
1.042360673976403,0.6854409705758548
1.064209244064722,0.6929750561225743
1.086515774652537,0.7004809283831177
1.109289864895223,0.707954854717274
1.132541315152813,0.7153930710553063
1.156280131207378,0.7227917873650682
1.180516528568803,0.7301471933934167
1.205260936870841,0.7374554646766263
1.230524004359262,0.7447127688130329
1.256316602474121,0.7519152719896665
1.282649830528062,0.7590591457529958
1.309535020482665,0.7661405740123031
1.336983741824945,0.7731557602625085
1.365007806546014,0.7801009350115048
1.393619274224144,0.7869723633953352
1.422830457214355,0.7937663529626988
1.452653925946778,0.8004792616084746
1.483102514336103,0.8071075056341296
1.514189325304352,0.8136475679110282
1.545927736419479,0.8200960061209032
1.57833140565212,0.8264494610459285
1.611414277253017,0.832704664879142
1.645190587753661,0.8388584495242967
1.679674872092653,0.8449077548526218
1.714881969870541,0.850849636882528
1.750827031735727,0.8566812758468826
1.787525525904232,0.8623999841112737
1.824993244816151,0.8680032139055993
1.86324631193156,0.8734885648303887
1.902301188668946,0.8788537910985916
1.942174681489028,0.8840968084730266
1.982883949127067,0.8892157008594331
2.024446509976802,0.8942087265150485
2.066880249629082,0.8990743238328577
2.110203428568596,0.9038111166622254
2.154434690031886,0.908417919127412
2.19959306803007,0.9128937399066345
2.245697995539772,0.9172377859357892
2.292769312865649,0.9214494655027329
2.340827276178294,0.9255283907001757
2.389892566231053,0.9294743792076797
2.439986297259545,0.9332874553760903
2.491130026067786,0.936967850590871
2.543345761304648,0.9405160028942845
2.596655972934872,0.9439325558501841
2.651083601908542,0.9472183566392581
2.706652070033236,0.9503744533769776
2.763385290053167,0.9534020916511385
2.821307675939471,0.9563027102807616
2.880444153396298,0.9590779363032097
2.940820170587067,0.9617295792016002
3.002461709085543,0.9642596243899554
3.065395295056524,0.9666702259789662
3.12964801067075,0.9689636988506775
3.195247505759214,0.9711425100758482
3.262222009711673,0.9732092697130497
3.330600343624582,0.9751667210337642
3.400411932703703,0.9770177302227278
3.47168681892656,0.9787652756074681
3.544455673970436,0.980412436475394
3.618749812411284,0.9819623815407735
3.694601205199295,0.9834183571275062
3.772042493416994,0.984783675136642
3.851107002325569,0.986061700870091
3.93182875570577,0.9872558407838729
4.014242490499326,0.9883695302454886
4.098383671757253,0.989406221370578
4.184288507901576,0.9903693710138752
4.271993966306777,0.9912624289886076
4.361537789208006,0.9920888265868764
4.45295850994266,0.9928519654712032
4.54629546953239,0.9935552070043511
4.641588833612772,0.9942018620807356
4.738879609717651,0.9947951815182724
4.838209664925957,0.9953383470644058
4.939621743878326,0.9958344630643626
5.043159487171349,0.9962865488334689
5.148867450137487,0.9966975317686976
5.256791122018419,0.9970702412275815
5.366976945540476,0.9974074031953055
5.479472336900293,0.9977116357532906
5.594325706169389,0.9979854453549772
5.711586478126423,0.9982312239069404
5.831305113526219,0.9984512466459907
5.95353313081437,0.9986476707956653
6.078323128297236,0.9988225349785771
6.205728806776513,0.9989777593545583
6.335804992658241,0.9991151464485176
6.46860766154632,0.9992363826264751
6.604193962330306,0.9993430401734537
6.742622241778349,0.9994365799228182
6.883952069645511,0.9995183543833281
7.028244264308339,0.9995896113076359
7.175560918936921,0.9996514976442374
7.32596542821523,0.9997050638139693
7.479522515621829,0.9997512682520365
7.636298261282257,0.9997909821572297
7.796360130405221,0.9998249943913922
7.959777002314977,0.9998540164743029
8.126619200091946,0.9998786876218575
8.296958520834915,0.9998995797787084
8.470868266557419,0.9999172026002743
8.648423275731709,0.9999320083431574
8.829699955494084,0.9999443966274396
9.014776314524918,0.9999547190389562
9.203731996618231,0.9999632835443869
9.39664831495471,0.9999703586967664
9.593608287093128,0.9999761776137135
9.794696670695386,0.999980941715234
10,0.9999848242122972
