#Pareto - Cost J(iterations) convergence
#iterations, J(iterations)
1,2.655972300457604
2,2.602668338372395
3,2.567067840011648
4,2.543016910801232
5,2.526501791025853
6,2.514904579528697
7,2.506517794948144
8,2.500227758363684
9,2.495308086200657
10,2.49128500026506
11,2.487849479010269
12,2.484799960024671
13,2.482004968918827
14,2.479378744792943
15,2.476865342454032
16,2.474428263417032
17,2.472043692940472
18,2.469696089023302
19,2.467375305419544
20,2.465074715184236
21,2.462789986795125
22,2.460518285903331
23,2.458257754691707
24,2.456007172297011
25,2.453765733327225
26,2.45153290340396
27,2.44930832494289
28,2.44709175570088
29,2.444883028694532
30,2.442682026057773
31,2.440488661990913
32,2.438302871639412
33,2.436124603840185
34,2.43395381639042
35,2.431790472961674
36,2.429634541087033
37,2.427485990848191
38,2.425344794019016
39,2.423210923506858
40,2.421084352988049
41,2.41896505667007
42,2.416853009136318
43,2.414748185244771
44,2.412650560061782
45,2.410560108818803
46,2.408476806884058
47,2.40640062974397
48,2.404331552990946
49,2.402269552315309
50,2.40021460349994
51,2.398166682416688
52,2.396125765023927
53,2.39409182736486
54,2.39206484556633
55,2.390044795837934
56,2.388031654471355
57,2.38602539783983
58,2.384026002397703
59,2.382033444680046
60,2.380047701302309
61,2.378068748959999
62,2.376096564428381
63,2.374131124562177
64,2.372172406295293
65,2.370220386640531
66,2.368275042689318
67,2.366336351611432
68,2.364404290654732
69,2.362478837144891
70,2.360559968485125
71,2.358647662155934
72,2.35674189571483
73,2.354842646796077
74,2.352949893110427
75,2.351063612444863
76,2.349183782662329
77,2.347310381701479
78,2.345443387576414
79,2.343582778376422
80,2.341728532265729
81,2.339880627483232
82,2.338039042342249
83,2.336203755230268
84,2.334374744608684
85,2.332551989012558
86,2.330735467050353
87,2.328925157403694
88,2.327121038827108
89,2.325323090147782
90,2.323531290265312
91,2.321745618151454
92,2.31996605284988
93,2.318192573475925
94,2.316425159216356
95,2.314663789329114
96,2.312908443143076
97,2.311159100057811
98,2.309415739543344
99,2.307678341139904
100,2.305946884457695
101,2.30422134917665
102,2.302501715046195
103,2.300787961885012
104,2.299080069580798
105,2.297378018090035
106,2.29568178743775
107,2.293991357717283
108,2.292306709090052
109,2.290627821785323
110,2.288954676099972
111,2.287287252398262
112,2.285625531111605
113,2.283969492738337
114,2.282319117843487
115,2.28067438705855
116,2.279035281081258
117,2.277401780675358
118,2.275773866670379
119,2.274151519961414
120,2.27253472150889
121,2.270923452338351
122,2.269317693540229
123,2.267717426269624
124,2.266122631746087
125,2.264533291253393
126,2.262949386139325
127,2.261370897815457
128,2.259797807756931
129,2.258230097502242
130,2.256667748653024
131,2.255110742873829
132,2.253559061891915
133,2.252012687497031
134,2.250471601541202
135,2.24893578593852
136,2.247405222664927
137,2.245879893758006
138,2.244359781316767
139,2.242844867501445
140,2.241335134533279
141,2.239830564694314
142,2.238331140327187
143,2.236836843834919
144,2.235347657680717
145,2.233863564387754
146,2.232384546538979
147,2.230910586776902
148,2.229441667803393
149,2.227977772379484
150,2.226518883325155
151,2.225064983519148
152,2.223616055898754
153,2.222172083459616
154,2.220733049255532
155,2.219298936398254
156,2.217869728057288
157,2.216445407459701
158,2.215025957889921
159,2.21361136268954
160,2.212201605257122
161,2.210796669048005
162,2.20939653757411
163,2.208001194403742
164,2.206610623161403
165,2.205224807527599
166,2.203843731238643
167,2.20246737808647
168,2.201095731918446
169,2.199728776637178
170,2.198366496200319
171,2.197008874620392
172,2.195655895964591
173,2.194307544354602
174,2.192963803966409
175,2.191624659030115
176,2.190290093829755
177,2.188960092703109
178,2.187634640041523
179,2.18631372028972
180,2.184997317945621
181,2.183685417560162
182,2.182378003737117
183,2.181075061132911
184,2.179776574456438
185,2.178482528468895
186,2.177192907983586
187,2.175907697865757
188,2.17462688303241
189,2.173350448452132
190,2.172078379144915
191,2.170810660181979
192,2.169547276685602
193,2.16828821382894
194,2.167033456835856
195,2.165782990980746
196,2.164536801588367
197,2.163294874033661
198,2.162057193741589
199,2.160823746186956
200,2.159594516894242
201,2.158369491437429
202,2.157148655439841
203,2.155931994573961
204,2.154719494561276
205,2.153511141172102
206,2.152306920225421
207,2.151106817588707
208,2.149910819177773
209,2.148718910956594
210,2.147531078937148
211,2.14634730917925
212,2.14516758779039
213,2.143991900925569
214,2.142820234787134
215,2.141652575624621
216,2.140488909734592
217,2.139329223460471
218,2.138173503192386
219,2.13702173536701
220,2.135873906467403
221,2.134730003022849
222,2.133590011608702
223,2.132453918846225
224,2.131321711402437
225,2.130193375989954
226,2.129068899366832
227,2.127948268336414
228,2.126831469747176
229,2.125718490492567
230,2.124609317510863
231,2.123503937785006
232,2.122402338342459
233,2.121304506255044
234,2.120210428638804
235,2.119120092653836
236,2.118033485504154
237,2.116950594437529
238,2.115871406745345
239,2.114795909762448
240,2.113724090866997
241,2.112655937480317
242,2.111591437066751
243,2.110530577133511
244,2.109473345230536
245,2.108419728950339
246,2.10736971592787
247,2.106323293840361
248,2.10528045040719
249,2.104241173389733
250,2.10320545059122
251,2.102173269856594
252,2.101144619072366
253,2.100119486166474
254,2.099097859108139
255,2.098079725907731
256,2.097065074616619
257,2.096053893327037
258,2.095046170171943
259,2.094041893324876
260,2.093041050999823
261,2.092043631451078
262,2.091049622973101
263,2.090059013900389
264,2.089071792607328
265,2.088087947508066
266,2.087107467056374
267,2.086130339745506
268,2.085156554108071
269,2.084186098715897
270,2.08321896217989
271,2.082255133149909
272,2.081294600314629
273,2.080337352401407
274,2.079383378176153
275,2.078432666443196
276,2.077485206045153
277,2.076540985862798
278,2.07559999481493
279,2.074662221858248
280,2.073727655987214
281,2.072796286233931
282,2.071868101668011
283,2.070943091396443
284,2.070021244563474
285,2.069102550350472
286,2.068186997975806
287,2.067274576694719
288,2.066365275799195
289,2.065459084617843
290,2.064555992515764
291,2.06365598889443
292,2.062759063191561
293,2.061865204880994
294,2.06097440347257
295,2.060086648512002
296,2.059201929580755
297,2.058320236295928
298,2.057441558310123
299,2.056565885311335
300,2.05569320702282
301,2.054823513202982
302,2.05395679364525
303,2.053093038177957
304,2.052232236664224
305,2.051374379001837
306,2.050519455123133
307,2.049667454994877
308,2.048818368618148
309,2.047972186028219
310,2.047128897294443
311,2.046288492520135
312,2.045450961842451
313,2.044616295432286
314,2.043784483494139
315,2.042955516266014
316,2.042129384019304
317,2.041306077058663
318,2.04048558572191
319,2.039667900379906
320,2.038853011436441
321,2.038040909328123
322,2.037231584524268
323,2.036425027526783
324,2.03562122887006
325,2.034820179120861
326,2.034021868878209
327,2.03322628877328
328,2.032433429469284
329,2.031643281661368
330,2.030855836076498
331,2.030071083473354
332,2.029289014642218
333,2.02850962040487
334,2.027732891614479
335,2.026958819155494
336,2.026187393943541
337,2.025418606925308
338,2.024652449078449
339,2.023888911411473
340,2.023127984963638
341,2.022369660804847
342,2.021613930035544
343,2.020860783786605
344,2.020110213219242
345,2.019362209524891
346,2.018616763925118
347,2.017873867671503
348,2.017133512045549
349,2.016395688358576
350,2.015660387951614
351,2.014927602195312
352,2.014197322489824
353,2.013469540264721
354,2.012744246978877
355,2.012021434120383
356,2.011301093206434
357,2.010583215783238
358,2.009867793425915
359,2.009154817738395
360,2.008444280353322
361,2.007736172931957
362,2.007030487164077
363,2.006327214767881
364,2.005626347489888
365,2.004927877104846
366,2.004231795415631
367,2.003538094253152
368,2.002846765476257
369,2.002157800971634
370,2.001471192653718
371,2.000786932464599
372,2.000105012373918
373,1.999425424378785
374,1.998748160503676
375,1.998073212800343
376,1.99740057334772
377,1.996730234251831
378,1.996062187645694
379,1.995396425689236
380,1.994732940569193
381,1.994071724499021
382,1.993412769718806
383,1.992756068495174
384,1.992101613121195
385,1.9914493959163
386,1.990799409226181
387,1.990151645422713
388,1.989506096903852
389,1.988862756093561
390,1.988221615441703
391,1.987582667423967
392,1.986945904541774
393,1.986311319322187
394,1.985678904317828
395,1.985048652106788
396,1.984420555292537
397,1.983794606503846
398,1.98317079839469
399,1.98254912364417
400,1.981929574956419
401,1.981312145060528
402,1.980696826710447
403,1.980083612684911
404,1.979472495787349
405,1.978863468845803
406,1.978256524712841
407,1.977651656265475
408,1.977048856405077
409,1.976448118057296
410,1.975849434171973
411,1.975252797723061
412,1.974658201708542
413,1.974065639150342
414,1.973475103094254
415,1.97288658660985
416,1.972300082790408
417,1.971715584752823
418,1.97113308563753
419,1.970552578608424
420,1.969974056852777
421,1.969397513581163
422,1.968822942027371
423,1.968250335448333
424,1.96767968712404
425,1.967110990357466
426,1.966544238474484
427,1.9659794248238
428,1.965416542776858
429,1.964855585727777
430,1.964296547093264
431,1.963739420312541
432,1.963184198847269
433,1.962630876181467
434,1.962079445821439
435,1.961529901295696
436,1.960982236154884
437,1.960436443971701
438,1.959892518340826
439,1.959350452878848
440,1.958810241224181
441,1.958271877036998
442,1.957735353999154
443,1.95720066581411
444,1.95666780620686
445,1.95613676892386
446,1.95560754773295
447,1.955080136423285
448,1.95455452880526
449,1.95403071871044
450,1.953508699991479
451,1.952988466522062
452,1.95247001219682
453,1.951953330931266
454,1.951438416661722
455,1.950925263345245
456,1.950413864959559
457,1.949904215502984
458,1.949396308994366
459,1.948890139473003
460,1.948385700998582
461,1.947882987651102
462,1.947381993530808
463,1.946882712758124
464,1.946385139473579
465,1.945889267837742
466,1.945395092031153
467,1.944902606254251
468,1.944411804727312
469,1.943922681690378
470,1.943435231403186
471,1.942949448145108
472,1.942465326215078
473,1.941982859931526
474,1.941502043632317
475,1.941022871674674
476,1.940545338435121
477,1.940069438309415
478,1.939595165712475
479,1.939122515078322
480,1.938651480860015
481,1.938182057529578
482,1.937714239577944
483,1.937248021514886
484,1.936783397868949
485,1.936320363187395
486,1.935858912036131
487,1.93539903899965
488,1.934940738680962
489,1.934484005701537
490,1.934028834701239
491,1.933575220338262
492,1.933123157289069
493,1.932672640248328
494,1.932223663928852
495,1.931776223061535
496,1.931330312395291
497,1.930885926696992
498,1.930443060751406
499,1.930001709361138
500,1.929561867346567
501,1.929123529545785
502,1.928686690814539
503,1.928251346026167
504,1.927817490071539
505,1.927385117859001
506,1.926954224314309
507,1.926524804380573
508,1.926096853018197
509,1.925670365204821
510,1.925245335935261
511,1.924821760221447
512,1.924399633092372
513,1.923978949594027
514,1.923559704789345
515,1.923141893758143
516,1.922725511597068
517,1.92231055341953
518,1.921897014355657
519,1.921484889552227
520,1.921074174172616
521,1.920664863396742
522,1.920256952421008
523,1.919850436458243
524,1.919445310737648
525,1.919041570504739
526,1.918639211021294
527,1.918238227565294
528,1.917838615430868
529,1.917440369928239
530,1.917043486383671
531,1.916647960139406
532,1.916253786553622
533,1.915860961000366
534,1.915469478869509
535,1.915079335566685
536,1.914690526513244
537,1.914303047146189
538,1.913916892918134
539,1.913532059297242
540,1.913148541767173
541,1.912766335827034
542,1.912385436991325
543,1.912005840789884
544,1.91162754276784
545,1.911250538485552
546,1.910874823518568
547,1.910500393457562
548,1.91012724390829
549,1.909755370491536
550,1.90938476884306
551,1.909015434613548
552,1.908647363468557
553,1.908280551088472
554,1.907914993168448
555,1.907550685418361
556,1.907187623562762
557,1.906825803340821
558,1.906465220506281
559,1.906105870827406
560,1.905747750086932
561,1.905390854082019
562,1.905035178624197
563,1.904680719539325
564,1.904327472667532
565,1.903975433863177
566,1.903624598994796
567,1.903274963945053
568,1.902926524610693
569,1.902579276902494
570,1.90223321674522
571,1.901888340077571
572,1.901544642852134
573,1.901202121035341
574,1.900860770607417
575,1.900520587562335
576,1.900181567907767
577,1.899843707665038
578,1.899507002869082
579,1.89917144956839
580,1.89883704382497
581,1.898503781714294
582,1.898171659325258
583,1.897840672760135
584,1.897510818134523
585,1.897182091577308
586,1.896854489230615
587,1.896528007249759
588,1.896202641803207
589,1.895878389072529
590,1.895555245252352
591,1.895233206550317
592,1.894912269187037
593,1.894592429396047
594,1.894273683423765
595,1.893956027529445
596,1.893639457985134
597,1.893323971075628
598,1.89300956309843
599,1.892696230363703
600,1.892383969194231
601,1.892072775925372
602,1.891762646905017
603,1.891453578493547
604,1.891145567063792
605,1.890838609000984
606,1.890532700702717
607,1.890227838578906
608,1.889924019051745
609,1.889621238555661
610,1.889319493537277
611,1.889018780455366
612,1.888719095780814
613,1.888420435996575
614,1.888122797597631
615,1.887826177090951
616,1.887530570995449
617,1.887235975841945
618,1.886942388173124
619,1.886649804543492
620,1.88635822151934
621,1.886067635678703
622,1.885778043611316
623,1.885489441918578
624,1.885201827213512
625,1.884915196120723
626,1.884629545276359
627,1.884344871328074
628,1.884061170934984
629,1.883778440767632
630,1.883496677507949
631,1.883215877849209
632,1.882936038495999
633,1.882657156164174
634,1.88237922758082
635,1.882102249484218
636,1.881826218623802
637,1.881551131760122
638,1.88127698566481
639,1.881003777120535
640,1.880731502920969
641,1.880460159870753
642,1.880189744785451
643,1.879920254491523
644,1.879651685826276
645,1.879384035637838
646,1.879117300785112
647,1.878851478137748
648,1.878586564576097
649,1.878322556991182
650,1.878059452284656
651,1.87779724736877
652,1.877535939166333
653,1.877275524610679
654,1.87701600064563
655,1.876757364225458
656,1.876499612314853
657,1.876242741888884
658,1.875986749932965
659,1.875731633442821
660,1.875477389424451
661,1.875224014894092
662,1.874971506878185
663,1.874719862413341
664,1.874469078546307
665,1.874219152333926
666,1.873970080843111
667,1.873721861150801
668,1.873474490343937
669,1.873227965519417
670,1.87298228378407
671,1.87273744225462
672,1.87249343805765
673,1.87225026832957
674,1.872007930216583
675,1.871766420874653
676,1.87152573746947
677,1.871285877176416
678,1.871046837180532
679,1.870808614676489
680,1.870571206868551
681,1.870334610970539
682,1.870098824205809
683,1.869863843807209
684,1.86962966701705
685,1.869396291087075
686,1.869163713278426
687,1.868931930861612
688,1.868700941116476
689,1.868470741332163
690,1.868241328807089
691,1.868012700848909
692,1.867784854774489
693,1.867557787909866
694,1.867331497590223
695,1.867105981159859
696,1.866881235972153
697,1.866657259389535
698,1.866434048783456
699,1.866211601534356
700,1.865989915031635
701,1.865768986673618
702,1.86554881386753
703,1.865329394029463
704,1.865110724584344
705,1.864892802965908
706,1.864675626616665
707,1.864459192987873
708,1.864243499539505
709,1.864028543740221
710,1.863814323067339
711,1.863600835006803
712,1.863388077053155
713,1.863176046709506
714,1.862964741487505
715,1.862754158907312
716,1.862544296497569
717,1.862335151795365
718,1.862126722346218
719,1.861919005704036
720,1.861711999431094
721,1.861505701098002
722,1.861300108283681
723,1.86109521857533
724,1.8608910295684
725,1.860687538866566
726,1.860484744081695
727,1.860282642833827
728,1.860081232751135
729,1.859880511469908
730,1.859680476634515
731,1.859481125897386
732,1.859282456918973
733,1.859084467367734
734,1.858887154920099
735,1.858690517260444
736,1.858494552081064
737,1.858299257082148
738,1.858104629971748
739,1.857910668465754
740,1.85771737028787
741,1.857524733169583
742,1.857332754850137
743,1.857141433076509
744,1.856950765603382
745,1.856760750193115
746,1.856571384615722
747,1.856382666648842
748,1.856194594077714
749,1.856007164695154
750,1.855820376301523
751,1.855634226704704
752,1.855448713720081
753,1.855263835170506
754,1.855079588886277
755,1.854895972705113
756,1.854712984472128
757,1.854530622039802
758,1.854348883267965
759,1.854167766023761
760,1.853987268181633
761,1.853807387623288
762,1.853628122237681
763,1.853449469920985
764,1.853271428576569
765,1.85309399611497
766,1.852917170453874
767,1.852740949518086
768,1.85256533123951
769,1.852390313557118
770,1.852215894416936
771,1.852042071772012
772,1.851868843582394
773,1.851696207815106
774,1.851524162444128
775,1.851352705450364
776,1.851181834821626
777,1.851011548552607
778,1.850841844644857
779,1.850672721106762
780,1.850504175953518
781,1.85033620720711
782,1.850168812896286
783,1.850001991056536
784,1.849835739730069
785,1.849670056965788
786,1.849504940819272
787,1.849340389352746
788,1.849176400635063
789,1.849012972741682
790,1.848850103754641
791,1.84868779176254
792,1.848526034860513
793,1.84836483115021
794,1.848204178739774
795,1.848044075743817
796,1.847884520283398
797,1.847725510486003
798,1.847567044485521
799,1.847409120422225
800,1.847251736442744
801,1.847094890700049
802,1.846938581353425
803,1.846782806568456
804,1.846627564516995
805,1.84647285337715
806,1.846318671333257
807,1.846165016575865
808,1.846011887301709
809,1.845859281713689
810,1.845707198020856
811,1.84555563443838
812,1.845404589187541
813,1.845254060495697
814,1.84510404659627
815,1.844954545728724
816,1.844805556138544
817,1.844657076077214
818,1.844509103802199
819,1.844361637576923
820,1.844214675670748
821,1.844068216358956
822,1.843922257922727
823,1.843776798649116
824,1.843631836831043
825,1.84348737076726
826,1.843343398762339
827,1.843199919126649
828,1.843056930176342
829,1.842914430233322
830,1.842772417625237
831,1.842630890685451
832,1.84248984775303
833,1.842349287172719
834,1.842209207294924
835,1.842069606475694
836,1.841930483076697
837,1.841791835465206
838,1.841653662014077
839,1.841515961101732
840,1.841378731112137
841,1.841241970434786
842,1.841105677464679
843,1.840969850602308
844,1.84083448825363
845,1.84069958883006
846,1.84056515074844
847,1.840431172431031
848,1.840297652305485
849,1.840164588804835
850,1.840031980367471
851,1.839899825437124
852,1.839768122462848
853,1.839636869898999
854,1.839506066205223
855,1.839375709846428
856,1.839245799292777
857,1.839116333019662
858,1.838987309507691
859,1.838858727242667
860,1.83873058471557
861,1.838602880422544
862,1.838475612864872
863,1.838348780548967
864,1.838222381986347
865,1.83809641569362
866,1.837970880192469
867,1.837845774009631
868,1.837721095676883
869,1.837596843731022
870,1.837473016713849
871,1.837349613172153
872,1.837226631657692
873,1.837104070727176
874,1.836981928942252
875,1.836860204869487
876,1.836738897080347
877,1.836618004151187
878,1.836497524663229
879,1.836377457202547
880,1.836257800360051
881,1.836138552731469
882,1.836019712917332
883,1.835901279522959
884,1.835783251158434
885,1.8356656264386
886,1.835548403983032
887,1.835431582416029
888,1.835315160366594
889,1.835199136468419
890,1.835083509359868
891,1.834968277683962
892,1.834853440088362
893,1.834738995225355
894,1.834624941751836
895,1.834511278329295
896,1.834398003623797
897,1.834285116305971
898,1.834172615050991
899,1.834060498538563
900,1.833948765452908
901,1.833837414482746
902,1.833726444321281
903,1.833615853666187
904,1.833505641219594
905,1.833395805688066
906,1.833286345782595
907,1.833177260218577
908,1.833068547715804
909,1.832960206998446
910,1.832852236795035
911,1.832744635838453
912,1.832637402865912
913,1.832530536618948
914,1.832424035843396
915,1.832317899289382
916,1.832212125711307
917,1.832106713867831
918,1.83200166252186
919,1.831896970440528
920,1.83179263639519
921,1.831688659161398
922,1.831585037518895
923,1.831481770251597
924,1.831378856147575
925,1.83127629399905
926,1.83117408260237
927,1.831072220758
928,1.830970707270507
929,1.830869540948548
930,1.830768720604854
931,1.830668245056213
932,1.830568113123463
933,1.830468323631474
934,1.830368875409134
935,1.830269767289336
936,1.830170998108965
937,1.830072566708883
938,1.829974471933919
939,1.829876712632847
940,1.829779287658384
941,1.829682195867166
942,1.829585436119742
943,1.829489007280557
944,1.829392908217938
945,1.829297137804086
946,1.829201694915054
947,1.829106578430743
948,1.829011787234882
949,1.828917320215019
950,1.828823176262506
951,1.828729354272485
952,1.82863585314388
953,1.828542671779377
954,1.828449809085416
955,1.828357263972178
956,1.828265035353569
957,1.828173122147212
958,1.828081523274429
959,1.827990237660231
960,1.827899264233308
961,1.827808601926011
962,1.827718249674344
963,1.827628206417949
964,1.827538471100093
965,1.827449042667662
966,1.827359920071135
967,1.827271102264589
968,1.827182588205672
969,1.8270943768556
970,1.82700646717914
971,1.826918858144599
972,1.826831548723814
973,1.826744537892136
974,1.826657824628423
975,1.826571407915022
976,1.826485286737763
977,1.826399460085943
978,1.826313926952316
979,1.82622868633308
980,1.826143737227866
981,1.826059078639727
982,1.825974709575124
983,1.825890629043919
984,1.825806836059356
985,1.825723329638055
986,1.825640108800001
987,1.825557172568528
988,1.825474519970312
989,1.825392150035356
990,1.825310061796983
991,1.825228254291817
992,1.825146726559783
993,1.825065477644084
994,1.824984506591199
995,1.824903812450864
996,1.824823394276067
997,1.824743251123037
998,1.824663382051227
999,1.824583786123307
1000,1.824504462405155
1001,1.82442540996584
1002,1.824346627877618
1003,1.824268115215917
1004,1.824189871059325
1005,1.824111894489584
1006,1.824034184591573
1007,1.823956740453304
1008,1.823879561165907
1009,1.823802645823618
1010,1.823725993523774
1011,1.823649603366795
1012,1.823573474456181
1013,1.823497605898498
1014,1.823421996803364
1015,1.823346646283445
1016,1.823271553454441
1017,1.823196717435076
1018,1.823122137347087
1019,1.823047812315216
1020,1.822973741467199
1021,1.822899923933751
1022,1.822826358848564
1023,1.822753045348293
1024,1.82267998257254
1025,1.822607169663857
1026,1.822534605767723
1027,1.822462290032541
1028,1.822390221609627
1029,1.822318399653198
1030,1.822246823320365
1031,1.822175491771121
1032,1.822104404168332
1033,1.822033559677725
1034,1.821962957467884
1035,1.821892596710231
1036,1.821822476579028
1037,1.821752596251356
1038,1.821682954907112
1039,1.821613551728998
1040,1.821544385902511
1041,1.821475456615931
1042,1.82140676306032
1043,1.821338304429499
1044,1.821270079920052
1045,1.821202088731307
1046,1.821134330065333
1047,1.821066803126925
1048,1.8209995071236
1049,1.820932441265583
1050,1.820865604765801
1051,1.820798996839875
1052,1.820732616706104
1053,1.820666463585464
1054,1.820600536701592
1055,1.820534835280783
1056,1.820469358551977
1057,1.820404105746751
1058,1.820339076099309
1059,1.820274268846475
1060,1.820209683227682
1061,1.820145318484966
1062,1.820081173862954
1063,1.820017248608854
1064,1.819953541972453
1065,1.819890053206099
1066,1.819826781564702
1067,1.819763726305715
1068,1.819700886689133
1069,1.819638261977483
1070,1.819575851435811
1071,1.819513654331679
1072,1.819451669935152
1073,1.819389897518792
1074,1.819328336357651
1075,1.819266985729255
1076,1.819205844913607
1077,1.819144913193169
1078,1.819084189852855
1079,1.819023674180028
1080,1.818963365464487
1081,1.81890326299846
1082,1.818843366076594
1083,1.818783673995951
1084,1.818724186055994
1085,1.818664901558583
1086,1.818605819807967
1087,1.818546940110773
1088,1.818488261775999
1089,1.818429784115005
1090,1.81837150644151
1091,1.818313428071577
1092,1.818255548323608
1093,1.818197866518338
1094,1.818140381978821
1095,1.818083094030431
1096,1.818026002000846
1097,1.817969105220044
1098,1.817912403020295
1099,1.817855894736152
1100,1.817799579704444
1101,1.817743457264267
1102,1.817687526756979
1103,1.817631787526189
1104,1.817576238917751
1105,1.817520880279758
1106,1.81746571096253
1107,1.817410730318609
1108,1.817355937702753
1109,1.817301332471925
1110,1.817246913985288
1111,1.817192681604196
1112,1.817138634692189
1113,1.81708477261498
1114,1.817031094740454
1115,1.816977600438658
1116,1.816924289081791
1117,1.816871160044201
1118,1.816818212702376
1119,1.816765446434934
1120,1.816712860622621
1121,1.816660454648297
1122,1.816608227896937
1123,1.816556179755617
1124,1.816504309613508
1125,1.816452616861872
1126,1.816401100894053
1127,1.816349761105467
1128,1.8162985968936
1129,1.816247607657999
1130,1.816196792800263
1131,1.816146151724037
1132,1.816095683835007
1133,1.816045388540891
1134,1.815995265251432
1135,1.815945313378393
1136,1.815895532335546
1137,1.815845921538671
1138,1.815796480405544
1139,1.815747208355933
1140,1.81569810481159
1141,1.815649169196244
1142,1.815600400935596
1143,1.815551799457309
1144,1.815503364191008
1145,1.815455094568261
1146,1.815406990022588
1147,1.81535904998944
1148,1.815311273906203
1149,1.815263661212186
1150,1.815216211348613
1151,1.815168923758621
1152,1.815121797887253
1153,1.815074833181447
1154,1.815028029090033
1155,1.814981385063728
1156,1.814934900555126
1157,1.814888575018691
1158,1.814842407910758
1159,1.814796398689515
1160,1.814750546815007
1161,1.814704851749125
1162,1.814659312955601
1163,1.814613929899998
1164,1.814568702049709
1165,1.814523628873947
1166,1.814478709843744
1167,1.814433944431936
1168,1.814389332113165
1169,1.814344872363869
1170,1.814300564662276
1171,1.814256408488397
1172,1.814212403324027
1173,1.814168548652725
1174,1.814124843959823
1175,1.81408128873241
1176,1.81403788245933
1177,1.813994624631173
1178,1.813951514740275
1179,1.813908552280705
1180,1.813865736748263
1181,1.813823067640474
1182,1.81378054445658
1183,1.813738166697538
1184,1.81369593386601
1185,1.813653845466358
1186,1.813611901004641
1187,1.813570099988606
1188,1.813528441927683
1189,1.813486926332981
1190,1.813445552717282
1191,1.813404320595029
1192,1.813363229482333
1193,1.813322278896953
1194,1.813281468358302
1195,1.813240797387435
1196,1.813200265507043
1197,1.813159872241452
1198,1.813119617116615
1199,1.813079499660103
1200,1.813039519401108
1201,1.812999675870424
1202,1.812959968600458
1203,1.812920397125212
1204,1.812880960980281
1205,1.81284165970285
1206,1.812802492831688
1207,1.812763459907137
1208,1.812724560471115
1209,1.812685794067104
1210,1.81264716024015
1211,1.812608658536852
1212,1.812570288505362
1213,1.812532049695375
1214,1.812493941658127
1215,1.812455963946391
1216,1.812418116114466
1217,1.812380397718175
1218,1.812342808314864
1219,1.812305347463389
1220,1.812268014724118
1221,1.812230809658918
1222,1.81219373183116
1223,1.812156780805702
1224,1.812119956148896
1225,1.812083257428573
1226,1.812046684214044
1227,1.812010236076091
1228,1.811973912586967
1229,1.811937713320386
1230,1.811901637851518
1231,1.811865685756989
1232,1.811829856614872
1233,1.811794150004682
1234,1.811758565507372
1235,1.81172310270533
1236,1.811687761182369
1237,1.811652540523729
1238,1.811617440316066
1239,1.811582460147451
1240,1.811547599607362
1241,1.811512858286682
1242,1.811478235777693
1243,1.811443731674072
1244,1.811409345570884
1245,1.811375077064582
1246,1.811340925752994
1247,1.811306891235328
1248,1.811272973112161
1249,1.811239170985435
1250,1.811205484458455
1251,1.811171913135882
1252,1.81113845662373
1253,1.811105114529357
1254,1.811071886461467
1255,1.811038772030102
1256,1.811005770846637
1257,1.810972882523775
1258,1.810940106675546
1259,1.810907442917296
1260,1.810874890865692
1261,1.810842450138706
1262,1.810810120355622
1263,1.810777901137022
1264,1.810745792104788
1265,1.810713792882092
1266,1.8106819030934
1267,1.810650122364456
1268,1.810618450322289
1269,1.810586886595201
1270,1.810555430812766
1271,1.810524082605824
1272,1.810492841606479
1273,1.810461707448091
1274,1.810430679765275
1275,1.810399758193898
1276,1.810368942371066
1277,1.810338231935134
1278,1.810307626525687
1279,1.810277125783547
1280,1.810246729350762
1281,1.810216436870606
1282,1.810186247987569
1283,1.810156162347363
1284,1.810126179596907
1285,1.810096299384327
1286,1.810066521358958
1287,1.810036845171327
1288,1.810007270473161
1289,1.809977796917376
1290,1.809948424158077
1291,1.809919151850548
1292,1.809889979651257
1293,1.809860907217844
1294,1.809831934209118
1295,1.809803060285059
1296,1.809774285106808
1297,1.809745608336662
1298,1.809717029638078
1299,1.809688548675661
1300,1.809660165115164
1301,1.80963187862348
1302,1.809603688868647
1303,1.809575595519834
1304,1.809547598247341
1305,1.809519696722599
1306,1.80949189061816
1307,1.809464179607696
1308,1.809436563365997
1309,1.809409041568961
1310,1.8093816138936
1311,1.809354280018026
1312,1.809327039621454
1313,1.809299892384196
1314,1.809272837987656
1315,1.809245876114329
1316,1.809219006447795
1317,1.809192228672716
1318,1.809165542474834
1319,1.809138947540964
1320,1.809112443558993
1321,1.809086030217874
1322,1.809059707207624
1323,1.809033474219323
1324,1.809007330945105
1325,1.808981277078156
1326,1.808955312312713
1327,1.808929436344058
1328,1.808903648868516
1329,1.808877949583449
1330,1.808852338187255
1331,1.808826814379364
1332,1.808801377860231
1333,1.808776028331341
1334,1.808750765495192
1335,1.808725589055308
1336,1.808700498716221
1337,1.808675494183474
1338,1.808650575163621
1339,1.808625741364216
1340,1.808600992493812
1341,1.808576328261962
1342,1.808551748379211
1343,1.808527252557094
1344,1.808502840508133
1345,1.808478511945832
1346,1.808454266584675
1347,1.808430104140123
1348,1.808406024328609
1349,1.808382026867539
1350,1.80835811147528
1351,1.808334277871168
1352,1.808310525775494
1353,1.808286854909509
1354,1.808263264995415
1355,1.808239755756366
1356,1.808216326916462
1357,1.808192978200744
1358,1.808169709335198
1359,1.808146520046743
1360,1.808123410063236
1361,1.80810037911346
1362,1.808077426927129
1363,1.80805455323488
1364,1.808031757768271
1365,1.808009040259779
1366,1.807986400442796
1367,1.807963838051624
1368,1.807941352821475
1369,1.807918944488468
1370,1.80789661278962
1371,1.807874357462852
1372,1.807852178246979
1373,1.80783007488171
1374,1.807808047107644
1375,1.807786094666266
1376,1.807764217299947
1377,1.807742414751937
1378,1.807720686766366
1379,1.807699033088239
1380,1.807677453463431
1381,1.807655947638688
1382,1.807634515361621
1383,1.807613156380705
1384,1.807591870445275
1385,1.807570657305523
1386,1.807549516712495
1387,1.807528448418089
1388,1.807507452175051
1389,1.807486527736974
1390,1.807465674858291
1391,1.807444893294277
1392,1.807424182801043
1393,1.807403543135535
1394,1.807382974055529
1395,1.80736247531963
1396,1.807342046687269
1397,1.807321687918698
1398,1.807301398774992
1399,1.807281179018039
1400,1.807261028410546
1401,1.807240946716027
1402,1.807220933698807
1403,1.807200989124018
1404,1.807181112757594
1405,1.807161304366269
1406,1.807141563717574
1407,1.807121890579838
1408,1.80710228472218
1409,1.80708274591451
1410,1.807063273927522
1411,1.807043868532699
1412,1.8070245295023
1413,1.807005256609367
1414,1.806986049627717
1415,1.806966908331939
1416,1.806947832497395
1417,1.806928821900216
1418,1.806909876317294
1419,1.806890995526289
1420,1.806872179305619
1421,1.80685342743446
1422,1.806834739692743
1423,1.806816115861153
1424,1.806797555721124
1425,1.806779059054836
1426,1.806760625645217
1427,1.806742255275936
1428,1.8067239477314
1429,1.806705702796755
1430,1.806687520257884
1431,1.806669399901397
1432,1.806651341514639
1433,1.80663334488568
1434,1.806615409803313
1435,1.806597536057056
1436,1.806579723437146
1437,1.806561971734538
1438,1.8065442807409
1439,1.806526650248614
1440,1.806509080050771
1441,1.806491569941172
1442,1.806474119714321
1443,1.806456729165423
1444,1.806439398090389
1445,1.806422126285822
1446,1.806404913549025
1447,1.806387759677991
1448,1.806370664471407
1449,1.806353627728644
1450,1.806336649249764
1451,1.80631972883551
1452,1.806302866287307
1453,1.806286061407259
1454,1.806269313998147
1455,1.806252623863426
1456,1.806235990807225
1457,1.80621941463434
1458,1.806202895150237
1459,1.806186432161045
1460,1.806170025473558
1461,1.80615367489523
1462,1.806137380234174
1463,1.806121141299158
1464,1.806104957899606
1465,1.806088829845591
1466,1.806072756947838
1467,1.806056739017717
1468,1.806040775867245
1469,1.806024867309084
1470,1.80600901315653
1471,1.805993213223524
1472,1.80597746732464
1473,1.805961775275086
1474,1.805946136890705
1475,1.805930551987966
1476,1.805915020383969
1477,1.805899541896436
1478,1.805884116343715
1479,1.805868743544776
1480,1.805853423319203
1481,1.805838155487204
1482,1.805822939869596
1483,1.805807776287814
1484,1.805792664563898
1485,1.805777604520501
1486,1.805762595980882
1487,1.8057476387689
1488,1.805732732709023
1489,1.805717877626317
1490,1.805703073346442
1491,1.805688319695659
1492,1.805673616500823
1493,1.805658963589378
1494,1.805644360789362
1495,1.805629807929397
1496,1.805615304838695
1497,1.80560085134705
1498,1.805586447284838
1499,1.805572092483015
1500,1.805557786773117
