#Pareto aproximation (maximum likehood) vs Original set
#ParetoMl(x), ParetoMl(CDF) 
1e-08,0
1.020960662306048e-08,0
1.042360673976401e-08,0
1.064209244064725e-08,0
1.086515774652537e-08,0
1.109289864895223e-08,0
1.132541315152813e-08,0
1.156280131207375e-08,0
1.180516528568806e-08,0
1.205260936870841e-08,0
1.230524004359262e-08,0
1.256316602474122e-08,0
1.28264983052806e-08,0
1.309535020482668e-08,0
1.336983741824945e-08,0
1.365007806546014e-08,0
1.393619274224144e-08,0
1.422830457214352e-08,0
1.452653925946781e-08,0
1.483102514336103e-08,0
1.514189325304352e-08,0
1.545927736419478e-08,0
1.578331405652117e-08,0
1.61141427725302e-08,0
1.645190587753661e-08,0
1.679674872092653e-08,0
1.714881969870541e-08,0
1.750827031735723e-08,0
1.787525525904235e-08,0
1.824993244816151e-08,0
1.86324631193156e-08,0
1.902301188668946e-08,0
1.942174681489025e-08,0
1.982883949127072e-08,0
2.024446509976802e-08,0
2.066880249629082e-08,0
2.110203428568597e-08,0
2.154434690031882e-08,0
2.199593068030075e-08,0
2.245697995539776e-08,0
2.292769312865649e-08,0
2.340827276178294e-08,0
2.389892566231048e-08,0
2.43998629725955e-08,0
2.491130026067791e-08,0
2.543345761304648e-08,0
2.596655972934873e-08,0
2.651083601908536e-08,0
2.706652070033241e-08,0
2.763385290053173e-08,0
2.821307675939471e-08,0
2.880444153396298e-08,0
2.940820170587061e-08,0
3.002461709085549e-08,0
3.06539529505653e-08,0
3.12964801067075e-08,0
3.195247505759214e-08,0
3.262222009711667e-08,0
3.330600343624589e-08,0
3.40041193270371e-08,0
3.471686818926559e-08,0
3.544455673970436e-08,0
3.618749812411276e-08,0
3.694601205199302e-08,0
3.772042493417001e-08,0
3.851107002325569e-08,0
3.93182875570577e-08,0
4.014242490499318e-08,0
4.098383671757262e-08,0
4.184288507901584e-08,0
4.271993966306777e-08,0
4.361537789208006e-08,0
4.45295850994266e-08,0
4.546295469532399e-08,0
4.641588833612782e-08,0
4.738879609717651e-08,0
4.838209664925958e-08,0
4.939621743878326e-08,0
5.043159487171359e-08,0.0006648567392695259
5.148867450137498e-08,0.002267693358163458
5.256791122018419e-08,0.003867959182620284
5.366976945540476e-08,0.005465658335945256
5.479472336900293e-08,0.007060794934829695
5.594325706169378e-08,0.008653373089362204
5.711586478126435e-08,0.01024339690303966
5.831305113526219e-08,0.01183087047277653
5.95353313081437e-08,0.01341579788891711
6.078323128297236e-08,0.01499818323524449
6.2057288067765e-08,0.0165780305889921
6.335804992658255e-08,0.01815534402085384
6.46860766154632e-08,0.01973012759499448
6.604193962330306e-08,0.02130238536906059
6.742622241778349e-08,0.02287212139419026
6.883952069645497e-08,0.0244393397150241
7.028244264308353e-08,0.02600404436971582
7.175560918936921e-08,0.02756623938994163
7.32596542821523e-08,0.02912592880091214
7.479522515621828e-08,0.03068311662138135
7.636298261282242e-08,0.03223780686365763
7.796360130405237e-08,0.03379000353361428
7.959777002314978e-08,0.03533971063069907
8.126619200091946e-08,0.03688693214794581
8.296958520834915e-08,0.03843167207198328
8.470868266557402e-08,0.03997393438304586
8.648423275731727e-08,0.04151372305498491
8.829699955494083e-08,0.04305104205527721
9.014776314524918e-08,0.04458589534503687
9.20373199661823e-08,0.04611828687902408
9.396648314954691e-08,0.04764822060565621
9.593608287093146e-08,0.04917570046701814
9.794696670695386e-08,0.05070073039887135
1e-07,0.0522233143306654
1.020960662306048e-07,0.05374345618554688
1.042360673976401e-07,0.05526115988037028
1.064209244064725e-07,0.05677642932570781
1.086515774652537e-07,0.05828926842585946
1.109289864895223e-07,0.05979968107886324
1.132541315152813e-07,0.06130767117650482
1.156280131207375e-07,0.06281324260432797
1.180516528568806e-07,0.06431639924164467
1.205260936870841e-07,0.06581714496154423
1.230524004359261e-07,0.06731548363090478
1.256316602474121e-07,0.06881141911040156
1.28264983052806e-07,0.07030495525451774
1.309535020482668e-07,0.071796095911555
1.336983741824945e-07,0.07328484492364185
1.365007806546014e-07,0.07477120612674504
1.393619274224144e-07,0.07625518335067838
1.422830457214352e-07,0.07773678041911292
1.452653925946781e-07,0.0792160011495876
1.483102514336103e-07,0.08069284935351773
1.514189325304352e-07,0.08216732883620592
1.545927736419479e-07,0.08363944339685103
1.578331405652117e-07,0.08510919682855844
1.61141427725302e-07,0.08657659291835029
1.645190587753661e-07,0.08804163544717403
1.679674872092653e-07,0.08950432818991338
1.714881969870541e-07,0.09096467491539706
1.750827031735723e-07,0.09242267938640902
1.787525525904236e-07,0.09387834535969852
1.824993244816151e-07,0.09533167658598873
1.86324631193156e-07,0.09678267680998764
1.902301188668946e-07,0.0982313497703966
1.942174681489024e-07,0.09967769919992053
1.982883949127071e-07,0.1011217288252778
2.024446509976802e-07,0.1025634423672089
2.066880249629082e-07,0.1040028435404874
2.110203428568597e-07,0.105439936053928
2.154434690031882e-07,0.106874723610397
2.199593068030075e-07,0.1083072099068221
2.245697995539772e-07,0.1097373986342007
2.292769312865649e-07,0.1111652934776112
2.340827276178294e-07,0.1125908981162205
2.389892566231048e-07,0.114014216223295
2.43998629725955e-07,0.1154352514662097
2.491130026067786e-07,0.1168540075064568
2.543345761304648e-07,0.1182704879996568
2.596655972934872e-07,0.1196846965955661
2.651083601908536e-07,0.1210966369380875
2.706652070033241e-07,0.1225063126652794
2.763385290053167e-07,0.1239137274093651
2.82130767593947e-07,0.1253188847967424
2.880444153396298e-07,0.1267217884479921
2.940820170587061e-07,0.1281224419778885
3.002461709085549e-07,0.1295208489954078
3.065395295056524e-07,0.130917013103738
3.12964801067075e-07,0.132310937900288
3.195247505759214e-07,0.1337026269766965
3.262222009711673e-07,0.1350920839188418
3.330600343624589e-07,0.1364793123068504
3.400411932703703e-07,0.1378643157151072
3.471686818926559e-07,0.1392470977122638
3.544455673970435e-07,0.1406276618612482
3.618749812411284e-07,0.1420060117192736
3.694601205199302e-07,0.1433821508378478
3.772042493416994e-07,0.1447560827627824
3.851107002325569e-07,0.1461278110342021
3.93182875570577e-07,0.1474973391865534
4.014242490499326e-07,0.1488646707486134
4.098383671757261e-07,0.1502298092435
4.184288507901585e-07,0.1515927581886805
4.271993966306776e-07,0.1529535210959797
4.361537789208006e-07,0.1543121014715908
4.45295850994266e-07,0.1556685028160826
4.5462954695324e-07,0.1570227286244095
4.641588833612782e-07,0.1583747823859206
4.738879609717651e-07,0.1597246675843683
4.838209664925957e-07,0.1610723876979174
4.939621743878326e-07,0.1624179461991541
5.043159487171359e-07,0.1637613465550944
5.148867450137498e-07,0.1651025922271945
5.25679112201842e-07,0.1664416866713578
5.366976945540476e-07,0.1677786333379457
5.479472336900293e-07,0.1691134356717848
5.594325706169378e-07,0.1704460971121767
5.711586478126435e-07,0.1717766210929069
5.831305113526218e-07,0.1731050110422533
5.95353313081437e-07,0.1744312703829953
6.078323128297237e-07,0.1757554025324224
6.205728806776501e-07,0.1770774109023429
6.335804992658255e-07,0.1783972988990932
6.468607661546321e-07,0.1797150699235461
6.604193962330305e-07,0.18103072737112
6.742622241778349e-07,0.1823442746317872
6.883952069645496e-07,0.1836557150900823
7.028244264308353e-07,0.1849650521251123
7.175560918936921e-07,0.1862722891105638
7.32596542821523e-07,0.187577429414713
7.479522515621828e-07,0.188880476400433
7.636298261282241e-07,0.1901814334252034
7.796360130405236e-07,0.1914803038411191
7.959777002314978e-07,0.192777090994898
8.126619200091945e-07,0.1940717982278907
8.296958520834915e-07,0.1953644288760881
8.470868266557403e-07,0.1966549862701308
8.648423275731727e-07,0.1979434737353175
8.829699955494083e-07,0.1992298945916131
9.014776314524917e-07,0.2005142521536579
9.20373199661823e-07,0.2017965497307757
9.396648314954691e-07,0.2030767906269821
9.593608287093148e-07,0.2043549781409945
9.794696670695385e-07,0.2056311155662379
1e-06,0.2069052061908564
1.020960662306047e-06,0.2081772532977194
1.042360673976401e-06,0.2094472601644312
1.064209244064725e-06,0.2107152300633389
1.086515774652537e-06,0.2119811662615414
1.109289864895223e-06,0.2132450720208973
1.132541315152813e-06,0.2145069505980336
1.156280131207375e-06,0.2157668052443537
1.180516528568805e-06,0.2170246392060464
1.205260936870841e-06,0.2182804557240937
1.230524004359262e-06,0.2195342580342798
1.256316602474121e-06,0.2207860493671985
1.28264983052806e-06,0.2220358329482621
1.309535020482668e-06,0.2232836119977101
1.336983741824945e-06,0.2245293897306163
1.365007806546014e-06,0.2257731693568987
1.393619274224143e-06,0.2270149540813264
1.422830457214352e-06,0.2282547471035282
1.452653925946781e-06,0.2294925516180015
1.483102514336103e-06,0.2307283708141196
1.514189325304352e-06,0.2319622078761406
1.545927736419479e-06,0.2331940659832155
1.57833140565212e-06,0.2344239483093958
1.61141427725302e-06,0.2356518580236423
1.645190587753661e-06,0.2368777982898332
1.679674872092653e-06,0.2381017722667724
1.714881969870541e-06,0.239323783108197
1.750827031735727e-06,0.2405438339627858
1.787525525904235e-06,0.2417619279741674
1.82499324481615e-06,0.2429780682809286
1.86324631193156e-06,0.2441922580166221
1.902301188668946e-06,0.2454045003097749
1.942174681489028e-06,0.2466147982838954
1.982883949127071e-06,0.247823155057483
2.024446509976802e-06,0.249029573744035
2.066880249629082e-06,0.250234057452055
2.110203428568597e-06,0.2514366092850607
2.154434690031886e-06,0.2526372323415925
2.199593068030075e-06,0.2538359297152203
2.245697995539772e-06,0.255032704494553
2.292769312865649e-06,0.2562275597632453
2.340827276178294e-06,0.2574204986000059
2.389892566231052e-06,0.2586115240786059
2.43998629725955e-06,0.2598006392678859
2.491130026067786e-06,0.2609878472317647
2.543345761304648e-06,0.2621731510292471
2.596655972934872e-06,0.2633565537144309
2.651083601908542e-06,0.2645380583365161
2.706652070033241e-06,0.2657176679398114
2.763385290053167e-06,0.2668953855637434
2.821307675939471e-06,0.2680712142428634
2.880444153396298e-06,0.2692451570068557
2.940820170587067e-06,0.270417216880545
3.002461709085549e-06,0.2715873968839047
3.065395295056524e-06,0.2727557000320643
3.129648010670751e-06,0.2739221293353179
3.195247505759214e-06,0.2750866877991307
3.262222009711673e-06,0.2762493784241477
3.330600343624589e-06,0.2774102042062008
3.400411932703702e-06,0.2785691681363175
3.47168681892656e-06,0.2797262732007277
3.544455673970436e-06,0.2808815223808717
3.618749812411284e-06,0.2820349186534078
3.694601205199302e-06,0.2831864649902197
3.772042493416993e-06,0.2843361643584251
3.851107002325569e-06,0.2854840197203825
3.93182875570577e-06,0.286630034033699
4.014242490499326e-06,0.2877742102512381
4.098383671757261e-06,0.2889165513211267
4.184288507901576e-06,0.2900570601867639
4.271993966306777e-06,0.2911957397868278
4.361537789208005e-06,0.2923325930552825
4.45295850994266e-06,0.2934676229213868
4.5462954695324e-06,0.2946008323097014
4.641588833612773e-06,0.2957322241400957
4.738879609717651e-06,0.2968618013277565
4.838209664925957e-06,0.2979895667831949
4.939621743878326e-06,0.2991155234122532
5.043159487171359e-06,0.3002396741161136
5.148867450137487e-06,0.301362021791305
5.25679112201842e-06,0.3024825693297105
5.366976945540476e-06,0.3036013196185747
5.479472336900293e-06,0.3047182755405116
5.594325706169378e-06,0.3058334399735114
5.711586478126423e-06,0.306946815790949
5.831305113526219e-06,0.3080584058615899
5.95353313081437e-06,0.3091682130495991
6.078323128297237e-06,0.3102762402145469
6.205728806776501e-06,0.3113824902114178
6.335804992658241e-06,0.3124869658906171
6.468607661546321e-06,0.3135896700979781
6.604193962330305e-06,0.3146906056747698
6.742622241778349e-06,0.315789775457704
6.883952069645496e-06,0.3168871822789427
7.028244264308338e-06,0.3179828289661055
7.175560918936921e-06,0.3190767183422768
7.32596542821523e-06,0.3201688532260129
7.479522515621829e-06,0.3212592364313492
7.636298261282242e-06,0.3223478707678081
7.796360130405221e-06,0.3234347590404056
7.959777002314978e-06,0.3245199040496589
8.126619200091945e-06,0.3256033085915931
8.296958520834915e-06,0.326684975457749
8.470868266557402e-06,0.3277649074351897
8.648423275731709e-06,0.3288431073065088
8.829699955494083e-06,0.3299195778498363
9.014776314524917e-06,0.3309943218388465
9.20373199661823e-06,0.332067342042765
9.396648314954691e-06,0.3331386412263759
9.593608287093147e-06,0.3342082221500289
9.794696670695386e-06,0.335276087569646
1e-05,0.3363422402367295
1.020960662306048e-05,0.3374066828983684
1.042360673976401e-05,0.3384694182972451
1.064209244064725e-05,0.3395304491716439
1.086515774652537e-05,0.3405897782554563
1.109289864895223e-05,0.3416474082781896
1.132541315152813e-05,0.3427033419649729
1.156280131207375e-05,0.3437575820365643
1.180516528568806e-05,0.3448101312093584
1.205260936870841e-05,0.3458609921953929
1.230524004359262e-05,0.3469101677023555
1.256316602474121e-05,0.3479576604335911
1.28264983052806e-05,0.3490034730881086
1.309535020482668e-05,0.3500476083605883
1.336983741824945e-05,0.3510900689413881
1.365007806546014e-05,0.352130857516551
1.393619274224143e-05,0.353169976767812
1.422830457214352e-05,0.3542074293726044
1.452653925946781e-05,0.3552432180040677
1.483102514336103e-05,0.3562773453310535
1.514189325304352e-05,0.3573098140181331
1.545927736419479e-05,0.3583406267256041
1.578331405652116e-05,0.3593697861094968
1.61141427725302e-05,0.3603972948215821
1.645190587753661e-05,0.3614231555093774
1.679674872092653e-05,0.3624473708161539
1.714881969870541e-05,0.3634699433809429
1.750827031735727e-05,0.3644908758385432
1.787525525904236e-05,0.3655101708195277
1.82499324481615e-05,0.36652783095025
1.86324631193156e-05,0.3675438588528513
1.902301188668946e-05,0.3685582571452674
1.942174681489028e-05,0.3695710284412346
1.982883949127071e-05,0.3705821753502972
2.024446509976802e-05,0.3715917004778148
2.066880249629082e-05,0.3725996064249673
2.110203428568597e-05,0.3736058957887629
2.154434690031887e-05,0.3746105711620445
2.199593068030075e-05,0.3756136351334964
2.245697995539772e-05,0.3766150902876507
2.292769312865649e-05,0.3776149392048944
2.340827276178294e-05,0.3786131844614755
2.389892566231053e-05,0.3796098286295103
2.43998629725955e-05,0.3806048742769893
2.491130026067786e-05,0.3815983239677844
2.543345761304648e-05,0.3825901802616556
2.596655972934872e-05,0.3835804457142566
2.651083601908542e-05,0.3845691228771427
2.706652070033241e-05,0.3855562142977764
2.763385290053167e-05,0.3865417225195344
2.821307675939471e-05,0.3875256500817144
2.880444153396298e-05,0.3885079995195407
2.940820170587067e-05,0.3894887733641718
3.002461709085549e-05,0.3904679741427061
3.065395295056524e-05,0.3914456043781892
3.12964801067075e-05,0.3924216665896199
3.195247505759214e-05,0.3933961632919565
3.262222009711673e-05,0.3943690969961237
3.330600343624589e-05,0.3953404702090189
3.400411932703703e-05,0.3963102854335188
3.471686818926559e-05,0.3972785451684857
3.544455673970435e-05,0.3982452519087738
3.618749812411284e-05,0.3992104081452359
3.694601205199302e-05,0.4001740163647297
3.772042493416993e-05,0.4011360790501243
3.851107002325569e-05,0.4020965986803063
3.93182875570577e-05,0.4030555777301869
4.014242490499326e-05,0.4040130186707072
4.098383671757261e-05,0.4049689239688452
4.184288507901576e-05,0.4059232960876226
4.271993966306776e-05,0.4068761374861104
4.361537789208006e-05,0.4078274506194353
4.45295850994266e-05,0.4087772379387863
4.5462954695324e-05,0.409725501891421
4.641588833612772e-05,0.4106722449206719
4.738879609717651e-05,0.4116174694659526
4.838209664925957e-05,0.412561177962764
4.939621743878326e-05,0.4135033728427008
5.043159487171359e-05,0.4144440565334575
5.148867450137487e-05,0.415383231458835
5.256791122018419e-05,0.4163209000387468
5.366976945540476e-05,0.4172570646892245
5.479472336900293e-05,0.4181917278224254
5.594325706169377e-05,0.4191248918466373
5.711586478126424e-05,0.4200565591662856
5.831305113526218e-05,0.4209867321819393
5.95353313081437e-05,0.421915413290317
6.078323128297237e-05,0.4228426048842933
6.2057288067765e-05,0.4237683093529045
6.335804992658241e-05,0.4246925290813558
6.468607661546321e-05,0.4256152664510262
6.604193962330305e-05,0.4265365238394754
6.742622241778349e-05,0.4274563036204496
6.883952069645496e-05,0.4283746081638879
7.028244264308338e-05,0.4292914398359282
7.175560918936922e-05,0.4302068009989135
7.32596542821523e-05,0.4311206940113974
7.479522515621829e-05,0.4320331212281511
7.636298261282242e-05,0.4329440850001683
7.79636013040522e-05,0.4338535876746729
7.959777002314978e-05,0.4347616315951234
8.126619200091945e-05,0.4356682191012197
8.296958520834916e-05,0.4365733525289092
8.470868266557403e-05,0.4374770342103925
8.648423275731709e-05,0.4383792664741297
8.829699955494083e-05,0.4392800516448464
9.014776314524917e-05,0.4401793920435393
9.203731996618231e-05,0.4410772899874825
9.39664831495469e-05,0.4419737477902335
9.593608287093147e-05,0.4428687677616392
9.794696670695385e-05,0.4437623522078413
0.0001,0.4446545034312833
0.0001020960662306048,0.4455452237307154
0.0001042360673976401,0.4464345154012006
0.0001064209244064725,0.4473223807341214
0.0001086515774652537,0.4482088220171848
0.0001109289864895223,0.4490938415344287
0.0001132541315152813,0.4499774415662273
0.0001156280131207375,0.4508596243892978
0.0001180516528568806,0.4517403922767055
0.0001205260936870841,0.4526197474978696
0.0001230524004359262,0.4534976923185702
0.0001256316602474122,0.4543742290009525
0.000128264983052806,0.4552493598035336
0.0001309535020482668,0.4561230869812088
0.0001336983741824945,0.4569954127852558
0.0001365007806546014,0.4578663394633423
0.0001393619274224143,0.4587358692595305
0.0001422830457214352,0.4596040044142832
0.0001452653925946781,0.4604707471644702
0.0001483102514336103,0.4613360997433733
0.0001514189325304352,0.4622000643806924
0.0001545927736419478,0.4630626433025512
0.0001578331405652116,0.4639238387315026
0.000161141427725302,0.4647836528865352
0.0001645190587753661,0.4656420879830784
0.0001679674872092653,0.4664991462330083
0.0001714881969870541,0.4673548298446529
0.0001750827031735723,0.4682091410227991
0.0001787525525904235,0.4690620819686968
0.0001824993244816151,0.4699136548800656
0.000186324631193156,0.4707638619511004
0.0001902301188668946,0.4716127053724765
0.0001942174681489025,0.4724601873313554
0.0001982883949127071,0.4733063100113912
0.0002024446509976802,0.4741510755927351
0.0002066880249629082,0.4749944862520418
0.0002110203428568597,0.4758365441624748
0.0002154434690031882,0.476677251493712
0.0002199593068030075,0.4775166104119515
0.0002245697995539772,0.4783546230799168
0.0002292769312865649,0.4791912916568629
0.0002340827276178294,0.4800266182985814
0.0002389892566231048,0.4808606051574059
0.000243998629725955,0.4816932543822187
0.0002491130026067791,0.4825245681184545
0.0002543345761304648,0.4833545485081076
0.0002596655972934873,0.4841831976897366
0.0002651083601908536,0.48501051779847
0.0002706652070033241,0.4858365109660119
0.0002763385290053172,0.486661179320647
0.0002821307675939471,0.4874845249872467
0.0002880444153396298,0.4883065500872745
0.000294082017058706,0.489127256738791
0.0003002461709085549,0.4899466470564596
0.000306539529505653,0.4907647231515522
0.000312964801067075,0.491581487131954
0.0003195247505759214,0.4923969411021701
0.0003262222009711667,0.4932110871633296
0.0003330600343624589,0.4940239274131917
0.000340041193270371,0.4948354639461511
0.000347168681892656,0.4956456988532429
0.0003544455673970436,0.4964546342221493
0.0003618749812411277,0.497262272137203
0.0003694601205199302,0.4980686146793942
0.0003772042493417001,0.4988736639263756
0.0003851107002325569,0.4996774219524668
0.000393182875570577,0.5004798908286612
0.0004014242490499318,0.5012810726226298
0.0004098383671757261,0.502080969398728
0.0004184288507901585,0.5028795832179997
0.0004271993966306776,0.5036769161381831
0.0004361537789208006,0.5044729702137161
0.0004452958509942651,0.5052677474957412
0.0004546295469532399,0.5060612500321119
0.0004641588833612782,0.506853479867396
0.0004738879609717651,0.5076444390428829
0.0004838209664925957,0.5084341295965876
0.0004939621743878316,0.5092225535632562
0.0005043159487171359,0.5100097129743716
0.0005148867450137498,0.5107956098581581
0.0005256791122018419,0.5115802462395871
0.0005366976945540476,0.5123636241403822
0.0005479472336900282,0.513145745579024
0.0005594325706169377,0.5139266125707561
0.0005711586478126435,0.5147062271275896
0.0005831305113526219,0.5154845912583086
0.000595353313081437,0.5162617069684752
0.0006078323128297224,0.5170375762604347
0.0006205728806776501,0.5178122011333214
0.0006335804992658254,0.5185855835830625
0.0006468607661546321,0.5193577256023841
0.0006604193962330305,0.5201286291808165
0.0006742622241778335,0.5208982963046985
0.0006883952069645496,0.5216667289571835
0.0007028244264308353,0.5224339291182436
0.0007175560918936921,0.5231998987646755
0.000732596542821523,0.5239646398701057
0.0007479522515621828,0.5247281544049942
0.0007636298261282241,0.5254904443366414
0.0007796360130405237,0.5262515116291921
0.0007959777002314978,0.5270113582436409
0.0008126619200091946,0.5277699861378369
0.0008296958520834915,0.5285273972664892
0.0008470868266557402,0.5292835935811716
0.0008648423275731727,0.530038577030328
0.0008829699955494083,0.530792349559277
0.0009014776314524918,0.531544913110217
0.000920373199661823,0.5322962696222318
0.000939664831495469,0.5330464210312942
0.0009593608287093146,0.5337953692702728
0.0009794696670695387,0.5345431162689356
0.001,0.5352896639539555
0.001020960662306047,0.5360350142489153
0.001042360673976401,0.5367791690743123
0.001064209244064725,0.537522130347564
0.001086515774652537,0.5382638999830121
0.001109289864895223,0.5390044798919279
0.001132541315152813,0.5397438719825175
0.001156280131207375,0.5404820781599262
0.001180516528568806,0.5412191003262437
0.001205260936870841,0.541954940380509
0.001230524004359262,0.5426896002187149
0.001256316602474122,0.5434230817338139
0.00128264983052806,0.5441553868157214
0.001309535020482668,0.5448865173513227
0.001336983741824945,0.5456164752244754
0.001365007806546014,0.546345262316017
0.001393619274224143,0.5470728805037673
0.001422830457214352,0.5477993316625347
0.001452653925946781,0.5485246176641203
0.001483102514336103,0.5492487403773232
0.001514189325304352,0.5499717016679453
0.001545927736419478,0.5506935033987955
0.001578331405652117,0.5514141474296953
0.00161141427725302,0.5521336356174832
0.001645190587753661,0.5528519698160193
0.001679674872092653,0.5535691518761904
0.001714881969870541,0.5542851836459146
0.001750827031735723,0.5550000669701464
0.001787525525904235,0.5557138036908809
0.00182499324481615,0.5564263956471585
0.00186324631193156,0.5571378446750709
0.001902301188668946,0.5578481526077639
0.001942174681489024,0.5585573212754437
0.001982883949127072,0.5592653525053808
0.002024446509976802,0.559972248121915
0.002066880249629082,0.5606780099464601
0.002110203428568597,0.5613826397975084
0.002154434690031882,0.5620861394906356
0.002199593068030075,0.5627885108385052
0.002245697995539772,0.5634897556508737
0.002292769312865649,0.5641898757345947
0.002340827276178294,0.5648888728936239
0.002389892566231048,0.5655867489290234
0.00243998629725955,0.566283505638967
0.002491130026067791,0.5669791448187439
0.002543345761304648,0.567673668260764
0.002596655972934872,0.5683670777545629
0.002651083601908536,0.5690593750868048
0.002706652070033241,0.5697505620412895
0.002763385290053173,0.5704406403989548
0.002821307675939471,0.5711296119378828
0.002880444153396298,0.5718174784333032
0.002940820170587061,0.5725042416575985
0.003002461709085549,0.5731899033803087
0.00306539529505653,0.5738744653681354
0.00312964801067075,0.5745579293849467
0.003195247505759214,0.5752402971917815
0.003262222009711667,0.5759215705468543
0.003330600343624588,0.5766017512055597
0.00340041193270371,0.5772808409204765
0.003471686818926559,0.5779588414413727
0.003544455673970436,0.5786357545152099
0.003618749812411277,0.5793115818861475
0.003694601205199302,0.5799863252955479
0.003772042493417001,0.5806599864819801
0.003851107002325569,0.5813325671812248
0.003931828755705771,0.5820040691262787
0.004014242490499318,0.5826744940473586
0.004098383671757262,0.5833438436719067
0.004184288507901585,0.5840121197245942
0.004271993966306777,0.5846793239273262
0.004361537789208006,0.5853454579992463
0.004452958509942651,0.5860105236567401
0.0045462954695324,0.5866745226134411
0.004641588833612782,0.5873374565802336
0.004738879609717651,0.5879993272652579
0.004838209664925958,0.5886601363739155
0.004939621743878316,0.5893198856088712
0.005043159487171359,0.5899785766700598
0.005148867450137497,0.5906362112546897
0.005256791122018419,0.5912927910572463
0.005366976945540477,0.5919483177694981
0.005479472336900281,0.5926027930804996
0.005594325706169377,0.5932562186765964
0.005711586478126435,0.5939085962414294
0.005831305113526219,0.594559927455939
0.00595353313081437,0.5952102139983698
0.006078323128297224,0.5958594575442743
0.0062057288067765,0.5965076597665178
0.006335804992658254,0.5971548223352825
0.006468607661546321,0.5978009469180715
0.006604193962330305,0.5984460351797138
0.006742622241778335,0.5990900887823679
0.006883952069645496,0.5997331093855265
0.007028244264308352,0.6003750986460206
0.007175560918936921,0.6010160582180235
0.00732596542821523,0.601655989753056
0.007479522515621813,0.6022948948999896
0.007636298261282242,0.6029327753050511
0.007796360130405237,0.6035696326118269
0.007959777002314978,0.6042054684612678
0.008126619200091946,0.604840284491692
0.008296958520834915,0.6054740823387904
0.008470868266557402,0.6061068636356302
0.008648423275731726,0.6067386300126594
0.008829699955494083,0.6073693830977107
0.009014776314524917,0.6079991245160066
0.00920373199661823,0.6086278558901621
0.009396648314954691,0.6092555788401899
0.009593608287093146,0.6098822949835049
0.009794696670695385,0.610508005934927
0.01,0.6111327133066866
0.01020960662306048,0.6117564187084282
0.01042360673976401,0.6123791237472145
0.01064209244064725,0.6130008300275305
0.01086515774652537,0.6136215391512878
0.01109289864895223,0.6142412527178291
0.01132541315152813,0.6148599723239314
0.01156280131207375,0.6154776995638109
0.01180516528568806,0.6160944360291266
0.01205260936870841,0.6167101833089849
0.01230524004359262,0.6173249429899432
0.01256316602474121,0.6179387166560145
0.0128264983052806,0.6185515058886708
0.01309535020482668,0.6191633122668481
0.01336983741824945,0.6197741373669493
0.01365007806546014,0.6203839827628495
0.01393619274224144,0.620992850025899
0.01422830457214352,0.621600740724928
0.01452653925946781,0.6222076564262505
0.01483102514336103,0.6228135986936683
0.01514189325304352,0.6234185690884749
0.01545927736419479,0.6240225691694598
0.01578331405652117,0.6246256004929118
0.0161141427725302,0.6252276646126247
0.01645190587753661,0.6258287630798988
0.01679674872092653,0.6264288974435472
0.01714881969870541,0.6270280692498986
0.01750827031735723,0.6276262800428016
0.01787525525904235,0.6282235313636284
0.0182499324481615,0.6288198247512792
0.0186324631193156,0.6294151617421857
0.01902301188668946,0.6300095438703159
0.01942174681489025,0.6306029726671766
0.01982883949127071,0.6311954496618188
0.02024446509976802,0.6317869763808411
0.02066880249629082,0.6323775543483934
0.02110203428568597,0.6329671850861808
0.02154434690031882,0.633555870113468
0.02199593068030075,0.634143610947083
0.02245697995539772,0.6347304091014208
0.02292769312865649,0.6353162660884475
0.02340827276178294,0.6359011834177041
0.02389892566231048,0.6364851625963106
0.0243998629725955,0.6370682051289696
0.02491130026067786,0.6376503125179702
0.02543345761304648,0.6382314862631924
0.02596655972934872,0.6388117278621099
0.02651083601908536,0.6393910388097952
0.02706652070033241,0.6399694205989225
0.02763385290053173,0.640546874719772
0.02821307675939471,0.6411234026602335
0.02880444153396298,0.6416990059058107
0.02940820170587061,0.6422736859396243
0.03002461709085549,0.6428474442424165
0.0306539529505653,0.6434202822925544
0.03129648010670751,0.643992201566034
0.03195247505759213,0.6445632035364839
0.03262222009711666,0.6451332896751691
0.03330600343624589,0.6457024614509952
0.0340041193270371,0.6462707203305111
0.03471686818926559,0.6468380677779142
0.03544455673970436,0.6474045052550532
0.03618749812411277,0.6479700342214318
0.03694601205199302,0.6485346561342136
0.03772042493417001,0.6490983724482242
0.03851107002325569,0.6496611846159561
0.0393182875570577,0.6502230940875727
0.04014242490499318,0.6507841023109106
0.04098383671757262,0.6513442107314846
0.04184288507901585,0.6519034207924913
0.04271993966306777,0.652461733934812
0.04361537789208006,0.6530191515970175
0.04452958509942651,0.6535756752153707
0.04546295469532399,0.6541313062238316
0.04641588833612782,0.6546860460540598
0.04738879609717651,0.6552398961354184
0.04838209664925957,0.6557928578949788
0.04939621743878315,0.6563449327575224
0.05043159487171359,0.6568961221455463
0.05148867450137497,0.6574464274792656
0.05256791122018419,0.6579958501766177
0.05366976945540476,0.6585443916532658
0.05479472336900281,0.6590920533226023
0.05594325706169378,0.6596388365957528
0.05711586478126435,0.6601847428815797
0.05831305113526219,0.6607297735866852
0.0595353313081437,0.6612739301154162
0.06078323128297224,0.6618172138698666
0.062057288067765,0.6623596262498819
0.06335804992658255,0.6629011686530619
0.0646860766154632,0.6634418424747652
0.06604193962330306,0.6639816491081122
0.06742622241778336,0.6645205899439888
0.06883952069645496,0.6650586663710503
0.07028244264308353,0.6655958797757244
0.07175560918936921,0.6661322315422153
0.0732596542821523,0.6666677230525073
0.07479522515621813,0.6672023556863675
0.07636298261282241,0.6677361308213509
0.07796360130405237,0.668269049832802
0.07959777002314977,0.6688011140938601
0.08126619200091946,0.6693323249754619
0.08296958520834916,0.6698626838463453
0.08470868266557402,0.6703921920730527
0.08648423275731726,0.6709208510199349
0.08829699955494083,0.6714486620491544
0.09014776314524918,0.6719756265206889
0.09203731996618231,0.6725017457923346
0.09396648314954691,0.6730270212197103
0.09593608287093147,0.6735514541562603
0.09794696670695385,0.6740750459532581
0.1,0.67459779795981
0.1020960662306048,0.6751197115228584
0.1042360673976401,0.6756407879871853
0.1064209244064725,0.6761610286954159
0.1086515774652537,0.6766804349880218
0.1109289864895223,0.6771990082033248
0.1132541315152813,0.6777167496775001
0.1156280131207375,0.6782336607445797
0.1180516528568806,0.6787497427364559
0.1205260936870841,0.6792649969828852
0.1230524004359262,0.6797794248114908
0.1256316602474122,0.6802930275477668
0.128264983052806,0.6808058065150809
0.1309535020482668,0.6813177630346792
0.1336983741824945,0.6818288984256875
0.1365007806546014,0.6823392140051168
0.1393619274224144,0.682848711087865
0.1422830457214352,0.6833573909867217
0.1452653925946781,0.6838652550123703
0.1483102514336103,0.6843723044733925
0.1514189325304352,0.6848785406762707
0.1545927736419478,0.6853839649253923
0.1578331405652116,0.6858885785230522
0.161141427725302,0.6863923827694567
0.1645190587753661,0.6868953789627267
0.1679674872092653,0.6873975683989011
0.1714881969870541,0.6878989523719401
0.1750827031735723,0.6883995321737282
0.1787525525904236,0.6888993090940783
0.182499324481615,0.689398284420734
0.186324631193156,0.6898964594393742
0.1902301188668946,0.6903938354336152
0.1942174681489025,0.6908904136850145
0.1982883949127071,0.6913861954730742
0.2024446509976802,0.6918811820752444
0.2066880249629082,0.692375374766926
0.2110203428568597,0.6928687748214745
0.2154434690031882,0.6933613835102028
0.2199593068030075,0.6938532021023851
0.2245697995539772,0.6943442318652595
0.2292769312865649,0.6948344740640318
0.2340827276178294,0.6953239299618782
0.2389892566231048,0.6958126008199492
0.243998629725955,0.6963004878973724
0.2491130026067786,0.6967875924512561
0.2543345761304648,0.697273915736692
0.2596655972934873,0.6977594590067588
0.2651083601908536,0.6982442235125257
0.2706652070033241,0.698728210503055
0.2763385290053172,0.6992114212254056
0.2821307675939471,0.6996938569246364
0.2880444153396298,0.7001755188438094
0.2940820170587061,0.7006564082239926
0.3002461709085549,0.7011365263042637
0.306539529505653,0.7016158743217129
0.312964801067075,0.7020944535114462
0.3195247505759213,0.7025722651065888
0.3262222009711667,0.7030493103382878
0.3330600343624588,0.7035255904357158
0.340041193270371,0.7040011066260743
0.3471686818926559,0.7044758601345956
0.3544455673970436,0.7049498521845478
0.3618749812411277,0.7054230839972363
0.3694601205199303,0.705895556792008
0.3772042493417002,0.7063672717862541
0.3851107002325569,0.706838230195413
0.393182875570577,0.707308433232974
0.4014242490499318,0.7077778821104794
0.4098383671757261,0.7082465780375293
0.4184288507901585,0.7087145222217828
0.4271993966306777,0.7091817158689626
0.4361537789208006,0.7096481601828573
0.4452958509942651,0.7101138563653246
0.4546295469532399,0.7105788056162952
0.4641588833612782,0.7110430091337744
0.4738879609717651,0.7115064681138463
0.4838209664925957,0.711969183750677
0.4939621743878316,0.7124311572365167
0.5043159487171359,0.7128923897617037
0.5148867450137498,0.7133528825146669
0.5256791122018419,0.7138126366819293
0.5366976945540476,0.7142716534481106
0.5479472336900282,0.7147299339959305
0.5594325706169377,0.7151874795062122
0.5711586478126435,0.7156442911578843
0.5831305113526218,0.7161003701279849
0.595353313081437,0.716555717591664
0.6078323128297224,0.7170103347221872
0.62057288067765,0.7174642226909379
0.6335804992658254,0.7179173826674208
0.6468607661546321,0.7183698158192648
0.6604193962330305,0.7188215233122265
0.6742622241778335,0.7192725063101919
0.6883952069645496,0.7197227659751809
0.7028244264308353,0.7201723034673494
0.7175560918936921,0.7206211199449924
0.732596542821523,0.7210692165645476
0.7479522515621814,0.721516594480597
0.7636298261282242,0.7219632548458719
0.7796360130405237,0.7224091988112538
0.7959777002314977,0.7228544275257784
0.8126619200091946,0.7232989421366391
0.8296958520834898,0.7237427437891888
0.8470868266557402,0.7241858336269433
0.8648423275731727,0.7246282127915846
0.8829699955494082,0.7250698824229634
0.9014776314524917,0.7255108436591023
0.9203731996618231,0.7259510976361985
0.9396648314954691,0.7263906454886266
0.9593608287093147,0.7268294883489426
0.9794696670695385,0.7272676273478851
1,0.7277050636143794
1.020960662306048,0.7281417982755405
1.042360673976403,0.728577832456675
1.064209244064722,0.7290131672812847
1.086515774652537,0.7294478038710703
1.109289864895223,0.7298817433459321
1.132541315152813,0.7303149868239752
1.156280131207378,0.7307475354215107
1.180516528568803,0.7311793902530597
1.205260936870841,0.7316105524313554
1.230524004359262,0.7320410230673464
1.256316602474121,0.7324708032701996
1.282649830528062,0.7328998941473028
1.309535020482665,0.7333282968042676
1.336983741824945,0.7337560123449322
1.365007806546014,0.7341830418713646
1.393619274224144,0.734609386483865
1.422830457214355,0.735035047280969
1.452653925946778,0.7354600253594499
1.483102514336103,0.7358843218143225
1.514189325304352,0.7363079377388448
1.545927736419479,0.7367308742245213
1.57833140565212,0.7371531323611062
1.611414277253017,0.7375747132366056
1.645190587753661,0.7379956179372806
1.679674872092653,0.7384158475476499
1.714881969870541,0.7388354031504929
1.750827031735727,0.7392542858268523
1.787525525904232,0.7396724966560366
1.824993244816151,0.7400900367156241
1.86324631193156,0.7405069070814638
1.902301188668946,0.7409231088276795
1.942174681489028,0.7413386430266724
1.982883949127067,0.7417535107491231
2.024446509976802,0.7421677130639956
2.066880249629082,0.7425812510385391
2.110203428568596,0.742994125738291
2.154434690031886,0.7434063382270797
2.19959306803007,0.7438178895670272
2.245697995539772,0.7442287808185524
2.292769312865649,0.7446390130403728
2.340827276178294,0.7450485872895084
2.389892566231053,0.7454575046212832
2.439986297259545,0.7458657660893293
2.491130026067786,0.7462733727455882
2.543345761304648,0.7466803256403147
2.596655972934872,0.7470866258220786
2.651083601908542,0.7474922743377684
2.706652070033236,0.7478972722325932
2.763385290053167,0.7483016205500856
2.821307675939471,0.748705320332105
2.880444153396298,0.749108372618839
2.940820170587067,0.7495107784488073
3.002461709085543,0.7499125388588639
3.065395295056524,0.7503136548841998
3.12964801067075,0.7507141275583455
3.195247505759214,0.7511139579131738
3.262222009711673,0.7515131469789028
3.330600343624582,0.7519116957840977
3.400411932703703,0.7523096053556745
3.47168681892656,0.7527068767189018
3.544455673970436,0.753103510897404
3.618749812411284,0.7534995089131635
3.694601205199295,0.7538948717865235
3.772042493416994,0.7542896005361911
3.851107002325569,0.7546836961792389
3.93182875570577,0.7550771597311086
4.014242490499326,0.7554699922056132
4.098383671757253,0.7558621946149393
4.184288507901576,0.7562537679696507
4.271993966306777,0.7566447132786898
4.361537789208006,0.7570350315493808
4.45295850994266,0.7574247237874325
4.54629546953239,0.7578137909969406
4.641588833612772,0.75820223418039
4.738879609717651,0.7585900543386583
4.838209664925957,0.7589772524710172
4.939621743878326,0.7593638295751359
5.043159487171349,0.7597497866470836
5.148867450137487,0.7601351246813317
5.256791122018419,0.7605198446707566
5.366976945540476,0.7609039476066422
5.479472336900293,0.7612874344786825
5.594325706169389,0.7616703062749842
5.711586478126423,0.762052563982069
5.831305113526219,0.7624342085848766
5.95353313081437,0.7628152410667668
6.078323128297236,0.763195662409522
6.205728806776513,0.7635754735933501
6.335804992658241,0.7639546755968869
6.46860766154632,0.7643332693971985
6.604193962330306,0.7647112559697837
6.742622241778349,0.7650886362885772
6.883952069645511,0.7654654113259509
7.028244264308339,0.7658415820527176
7.175560918936921,0.766217149438133
7.32596542821523,0.7665921144498979
7.479522515621829,0.7669664780541615
7.636298261282257,0.7673402412155228
7.796360130405221,0.767713404897034
7.959777002314977,0.7680859700602027
8.126619200091946,0.7684579376649944
8.296958520834915,0.7688293086698345
8.470868266557419,0.7692000840316116
8.648423275731709,0.7695702647056791
8.829699955494084,0.7699398516458588
9.014776314524918,0.770308845804442
9.203731996618231,0.7706772481321931
9.39664831495471,0.771045059578351
9.593608287093128,0.7714122810906328
9.794696670695386,0.7717789136152349
10,0.7721449580968366
