#Pareto aproximation (linear regression) vs Original set
#ParetoLr(x), ParetoLr(CDF) 
1e-08,0
1.020960662306048e-08,0
1.042360673976401e-08,0
1.064209244064725e-08,0
1.086515774652537e-08,0
1.109289864895223e-08,0
1.132541315152813e-08,0
1.156280131207375e-08,0
1.180516528568806e-08,0
1.205260936870841e-08,0
1.230524004359262e-08,0
1.256316602474122e-08,0
1.28264983052806e-08,0
1.309535020482668e-08,0
1.336983741824945e-08,0
1.365007806546014e-08,0
1.393619274224144e-08,0
1.422830457214352e-08,0
1.452653925946781e-08,0
1.483102514336103e-08,0
1.514189325304352e-08,0
1.545927736419478e-08,0
1.578331405652117e-08,0
1.61141427725302e-08,0
1.645190587753661e-08,0
1.679674872092653e-08,0
1.714881969870541e-08,0
1.750827031735723e-08,0
1.787525525904235e-08,0
1.824993244816151e-08,0
1.86324631193156e-08,0
1.902301188668946e-08,0
1.942174681489025e-08,0
1.982883949127072e-08,0
2.024446509976802e-08,0
2.066880249629082e-08,0
2.110203428568597e-08,0
2.154434690031882e-08,0
2.199593068030075e-08,0
2.245697995539776e-08,0
2.292769312865649e-08,0
2.340827276178294e-08,0
2.389892566231048e-08,0
2.43998629725955e-08,0
2.491130026067791e-08,0
2.543345761304648e-08,0
2.596655972934873e-08,0
2.651083601908536e-08,0
2.706652070033241e-08,0
2.763385290053173e-08,0
2.821307675939471e-08,0
2.880444153396298e-08,0
2.940820170587061e-08,0
3.002461709085549e-08,0
3.06539529505653e-08,0
3.12964801067075e-08,0
3.195247505759214e-08,0
3.262222009711667e-08,0
3.330600343624589e-08,0
3.40041193270371e-08,0
3.471686818926559e-08,0
3.544455673970436e-08,0
3.618749812411276e-08,0
3.694601205199302e-08,0
3.772042493417001e-08,0
3.851107002325569e-08,0
3.93182875570577e-08,0
4.014242490499318e-08,0
4.098383671757262e-08,0
4.184288507901584e-08,0
4.271993966306777e-08,0
4.361537789208006e-08,0
4.45295850994266e-08,0
4.546295469532399e-08,0
4.641588833612782e-08,0
4.738879609717651e-08,0
4.838209664925958e-08,0
4.939621743878326e-08,0
5.043159487171359e-08,0.00347902475858386
5.148867450137498e-08,0.01182600556144409
5.256791122018419e-08,0.02010307103863107
5.366976945540476e-08,0.02831080680941178
5.479472336900293e-08,0.03644979358783229
5.594325706169378e-08,0.04452060722380735
5.711586478126435e-08,0.05252381874386525
5.831305113526219e-08,0.06045999439154348
5.95353313081437e-08,0.06832969566745795
6.078323128297236e-08,0.07613347936902504
6.2057288067765e-08,0.08387189762985792
6.335804992658255e-08,0.09154549795883438
6.46860766154632e-08,0.09915482327882752
6.604193962330306e-08,0.1067004119651261
6.742622241778349e-08,0.1141827978835195
6.883952069645497e-08,0.1216025104280725
7.028244264308353e-08,0.1289600745585828
7.175560918936921e-08,0.1362560108377185
7.32596542821523e-08,0.1434908354678542
7.479522515621828e-08,0.1506650603275886
7.636298261282242e-08,0.1577791930079628
7.796360130405237e-08,0.1648337368483762
7.959777002314978e-08,0.1718291909721928
8.126619200091946e-08,0.1787660503220622
8.296958520834915e-08,0.1856448056949315
8.470868266557402e-08,0.1924659437767732
8.648423275731727e-08,0.1992299471770209
8.829699955494083e-08,0.2059372944627104
9.014776314524918e-08,0.2125884601923441
9.20373199661823e-08,0.2191839149494634
9.396648314954691e-08,0.2257241253759441
9.593608287093146e-08,0.2322095542050153
9.794696670695386e-08,0.2386406602939936
1e-07,0.2450178986567534
1.020960662306048e-07,0.2513417204959159
1.042360673976401e-07,0.257612573234774
1.064209244064725e-07,0.2638309005489512
1.086515774652537e-07,0.2699971423977869
1.109289864895223e-07,0.2761117350554705
1.132541315152813e-07,0.2821751111419035
1.156280131207375e-07,0.288187699653311
1.180516528568806e-07,0.2941499259925954
1.205260936870841e-07,0.3000622119994296
1.230524004359261e-07,0.3059249759801094
1.256316602474121e-07,0.3117386327371438
1.28264983052806e-07,0.3175035935986059
1.309535020482668e-07,0.3232202664472364
1.336983741824945e-07,0.3288890557492988
1.365007806546014e-07,0.3345103625831995
1.393619274224144e-07,0.3400845846678623
1.422830457214352e-07,0.3456121163908689
1.452653925946781e-07,0.351093348836364
1.483102514336103e-07,0.3565286698127222
1.514189325304352e-07,0.3619184638799902
1.545927736419479e-07,0.3672631123770908
1.578331405652117e-07,0.3725629934488063
1.61141427725302e-07,0.3778184820725335
1.645190587753661e-07,0.3830299500848113
1.679674872092653e-07,0.3881977662076321
1.714881969870541e-07,0.3933222960745271
1.750827031735723e-07,0.3984039022564361
1.787525525904236e-07,0.4034429442873624
1.824993244816151e-07,0.4084397786898067
1.86324631193156e-07,0.4133947589999961
1.902301188668946e-07,0.4183082357928934
1.942174681489024e-07,0.4231805567070036
1.982883949127071e-07,0.4280120664689699
2.024446509976802e-07,0.4328031069179621
2.066880249629082e-07,0.437554017029865
2.110203428568597e-07,0.4422651329412588
2.154434690031882e-07,0.4469367879732031
2.199593068030075e-07,0.4515693126548211
2.245697995539772e-07,0.456163034746682
2.292769312865649e-07,0.4607182792639943
2.340827276178294e-07,0.4652353684995986
2.389892566231048e-07,0.4697146220467713
2.43998629725955e-07,0.4741563568218378
2.491130026067786e-07,0.4785608870865926
2.543345761304648e-07,0.4829285244705366
2.596655972934872e-07,0.4872595779929226
2.651083601908536e-07,0.4915543540846213
2.706652070033241e-07,0.495813156609802
2.763385290053167e-07,0.5000362868874287
2.82130767593947e-07,0.5042240437125838
2.880444153396298e-07,0.5083767233776035
2.940820170587061e-07,0.5124946196930442
3.002461709085549e-07,0.5165780240084701
3.065395295056524e-07,0.5206272252330646
3.12964801067075e-07,0.5246425098560743
3.195247505759214e-07,0.5286241619670757
3.262222009711673e-07,0.5325724632760771
3.330600343624589e-07,0.5364876931334488
3.400411932703703e-07,0.5403701285496898
3.471686818926559e-07,0.5442200442150247
3.544455673970435e-07,0.5480377125188394
3.618749812411284e-07,0.5518234035689531
3.694601205199302e-07,0.555577385210729
3.772042493416994e-07,0.5592999230460254
3.851107002325569e-07,0.5629912804519873
3.93182875570577e-07,0.5666517185996802
4.014242490499326e-07,0.5702814964725691
4.098383671757261e-07,0.5738808708848417
4.184288507901585e-07,0.5774500964995801
4.271993966306776e-07,0.5809894258467758
4.361537789208006e-07,0.5844991093412002
4.45295850994266e-07,0.5879793953001184
4.5462954695324e-07,0.5914305299608609
4.641588833612782e-07,0.5948527574982444
4.738879609717651e-07,0.598246320041847
4.838209664925957e-07,0.6016114576931411
4.939621743878326e-07,0.6049484085424789
5.043159487171359e-07,0.6082574086859391
5.148867450137498e-07,0.6115386922420318
5.25679112201842e-07,0.614792491368261
5.366976945540476e-07,0.6180190362775517
5.479472336900293e-07,0.6212185552545375
5.594325706169378e-07,0.6243912746717117
5.711586478126435e-07,0.6275374190054448
5.831305113526218e-07,0.6306572108518651
5.95353313081437e-07,0.6337508709426098
6.078323128297237e-07,0.6368186181604401
6.205728806776501e-07,0.6398606695547284
6.335804992658255e-07,0.6428772403568166
6.468607661546321e-07,0.6458685439952409
6.604193962330305e-07,0.6488347921108357
6.742622241778349e-07,0.6517761945717053
6.883952069645496e-07,0.654692959488073
7.028244264308353e-07,0.6575852932270063
7.175560918936921e-07,0.6604534004270164
7.32596542821523e-07,0.6632974840125381
7.479522515621828e-07,0.6661177452082858
7.636298261282241e-07,0.6689143835534914
7.796360130405236e-07,0.6716875969160228
7.959777002314978e-07,0.6744375815063809
8.126619200091945e-07,0.6771645318915853
8.296958520834915e-07,0.6798686410089378
8.470868266557403e-07,0.6825501001796737
8.648423275731727e-07,0.6852090991224991
8.829699955494083e-07,0.6878458259670119
9.014776314524917e-07,0.6904604672670156
9.20373199661823e-07,0.6930532080137144
9.396648314954691e-07,0.6956242316488046
9.593608287093148e-07,0.6981737200774529
9.794696670695385e-07,0.7007018536811651
1e-06,0.703208811330551
1.020960662306047e-06,0.7056947703979775
1.042360673976401e-06,0.7081599067701185
1.064209244064725e-06,0.7106043948604015
1.086515774652537e-06,0.713028407621344
1.109289864895223e-06,0.7154321165567938
1.132541315152813e-06,0.7178156917340605
1.156280131207375e-06,0.7201793017959494
1.180516528568805e-06,0.7225231139726939
1.205260936870841e-06,0.7248472940937858
1.230524004359262e-06,0.7271520065997095
1.256316602474121e-06,0.7294374145535756
1.28264983052806e-06,0.7317036796526581
1.309535020482668e-06,0.7339509622398357
1.336983741824945e-06,0.7361794213149347
1.365007806546014e-06,0.7383892145459807
1.393619274224143e-06,0.7405804982803514
1.422830457214352e-06,0.7427534275558408
1.452653925946781e-06,0.7449081561116274
1.483102514336103e-06,0.7470448363991511
1.514189325304352e-06,0.749163619592901
1.545927736419479e-06,0.7512646556011091
1.57833140565212e-06,0.7533480930763589
1.61141427725302e-06,0.7554140794261008
1.645190587753661e-06,0.7574627608230834
1.679674872092653e-06,0.7594942822156944
1.714881969870541e-06,0.7615087873382156
1.750827031735727e-06,0.7635064187209936
1.787525525904235e-06,0.7654873177005229
1.82499324481615e-06,0.7674516244294471
1.86324631193156e-06,0.7693994778864739
1.902301188668946e-06,0.7713310158862083
1.942174681489028e-06,0.7732463750889034
1.982883949127071e-06,0.7751456910101294
2.024446509976802e-06,0.777029098030362
2.066880249629082e-06,0.7788967294044895
2.110203428568597e-06,0.7807487172712408
2.154434690031886e-06,0.7825851926625351
2.199593068030075e-06,0.7844062855127519
2.245697995539772e-06,0.786212124667925
2.292769312865649e-06,0.7880028378948581
2.340827276178294e-06,0.7897785518901644
2.389892566231052e-06,0.791539392289231
2.43998629725955e-06,0.7932854836751073
2.491130026067786e-06,0.7950169495873208
2.543345761304648e-06,0.7967339125306165
2.596655972934872e-06,0.7984364939836245
2.651083601908542e-06,0.8001248144074553
2.706652070033241e-06,0.8017989932542224
2.763385290053167e-06,0.8034591489754942
2.821307675939471e-06,0.8051053990306744
2.880444153396298e-06,0.8067378598953119
2.940820170587067e-06,0.8083566470693427
3.002461709085549e-06,0.8099618750852612
3.065395295056524e-06,0.8115536575162234
3.129648010670751e-06,0.8131321069840836
3.195247505759214e-06,0.8146973351673609
3.262222009711673e-06,0.8162494528091417
3.330600343624589e-06,0.8177885697249151
3.400411932703702e-06,0.8193147948103421
3.47168681892656e-06,0.8208282360489609
3.544455673970436e-06,0.8223290005198257
3.618749812411284e-06,0.8238171944050842
3.694601205199302e-06,0.8252929229974888
3.772042493416993e-06,0.8267562907078476
3.851107002325569e-06,0.8282074010724113
3.93182875570577e-06,0.8296463567601976
4.014242490499326e-06,0.8310732595802566
4.098383671757261e-06,0.8324882104888731
4.184288507901576e-06,0.83389130959671
4.271993966306777e-06,0.8352826561758913
4.361537789208005e-06,0.8366623486670252
4.45295850994266e-06,0.8380304846861695
4.5462954695324e-06,0.839387161031738
4.641588833612773e-06,0.8407324736913497
4.738879609717651e-06,0.8420665178486192
4.838209664925957e-06,0.8433893878898917
4.939621743878326e-06,0.8447011774109207
5.043159487171359e-06,0.8460019792234903
5.148867450137487e-06,0.8472918853619822
5.25679112201842e-06,0.8485709870898869
5.366976945540476e-06,0.8498393749062603
5.479472336900293e-06,0.8510971385521277
5.594325706169378e-06,0.8523443670168322
5.711586478126423e-06,0.8535811485443319
5.831305113526219e-06,0.8548075706394426
5.95353313081437e-06,0.8560237200740288
6.078323128297237e-06,0.8572296828931437
6.205728806776501e-06,0.8584255444211165
6.335804992658241e-06,0.8596113892675894
6.468607661546321e-06,0.8607873013335043
6.604193962330305e-06,0.8619533638170381
6.742622241778349e-06,0.8631096592194901
6.883952069645496e-06,0.8642562693511183
7.028244264308338e-06,0.8653932753369283
7.175560918936921e-06,0.866520757622413
7.32596542821523e-06,0.8676387959792434
7.479522515621829e-06,0.8687474695109141
7.636298261282242e-06,0.8698468566583384
7.796360130405221e-06,0.8709370352053996
7.959777002314978e-06,0.8720180822844534
8.126619200091945e-06,0.873090074381786
8.296958520834915e-06,0.8741530873430245
8.470868266557402e-06,0.8752071963785041
8.648423275731709e-06,0.8762524760685891
8.829699955494083e-06,0.87728900036895
9.014776314524917e-06,0.8783168426157948
9.20373199661823e-06,0.8793360755310592
9.396648314954691e-06,0.8803467712275506
9.593608287093147e-06,0.8813490012140512
9.794696670695386e-06,0.8823428364003768
1e-05,0.8833283471023941
1.020960662306048e-05,0.8843056030469951
1.042360673976401e-05,0.8852746733770313
1.064209244064725e-05,0.8862356266562051
1.086515774652537e-05,0.8871885308739211
1.109289864895223e-05,0.8881334534500964
1.132541315152813e-05,0.8890704612399305
1.156280131207375e-05,0.8899996205386357
1.180516528568806e-05,0.8909209970861278
1.205260936870841e-05,0.8918346560716766
1.230524004359262e-05,0.892740662138519
1.256316602474121e-05,0.8936390793884322
1.28264983052806e-05,0.8945299713862691
1.309535020482668e-05,0.8954134011644559
1.336983741824945e-05,0.896289431227451
1.365007806546014e-05,0.8971581235561683
1.393619274224143e-05,0.898019539612362
1.422830457214352e-05,0.8988737403429751
1.452653925946781e-05,0.8997207861844514
1.483102514336103e-05,0.9005607370670121
1.514189325304352e-05,0.9013936524188952
1.545927736419479e-05,0.9022195911705611
1.578331405652116e-05,0.9030386117588606
1.61141427725302e-05,0.9038507721311713
1.645190587753661e-05,0.9046561297494958
1.679674872092653e-05,0.9054547415945285
1.714881969870541e-05,0.9062466641696864
1.750827031735727e-05,0.9070319535051067
1.787525525904236e-05,0.9078106651616116
1.82499324481615e-05,0.9085828542346394
1.86324631193156e-05,0.909348575358142
1.902301188668946e-05,0.9101078827084506
1.942174681489028e-05,0.910860830008109
1.982883949127071e-05,0.9116074705296745
2.024446509976802e-05,0.9123478570994867
2.066880249629082e-05,0.913082042101406
2.110203428568597e-05,0.9138100774805183
2.154434690031887e-05,0.9145320147468121
2.199593068030075e-05,0.9152479049788211
2.245697995539772e-05,0.9159577988272396
2.292769312865649e-05,0.9166617465185054
2.340827276178294e-05,0.9173597978583534
2.389892566231053e-05,0.9180520022353398
2.43998629725955e-05,0.918738408624336
2.491130026067786e-05,0.9194190655899941
2.543345761304648e-05,0.9200940212901828
2.596655972934872e-05,0.9207633234793946
2.651083601908542e-05,0.9214270195121246
2.706652070033241e-05,0.9220851563462207
2.763385290053167e-05,0.9227377805462065
2.821307675939471e-05,0.9233849382865751
2.880444153396298e-05,0.9240266753550567
2.940820170587067e-05,0.924663037155858
3.002461709085549e-05,0.925294068712874
3.065395295056524e-05,0.9259198146728749
3.12964801067075e-05,0.9265403193086634
3.195247505759214e-05,0.9271556265222083
3.262222009711673e-05,0.9277657798477499
3.330600343624589e-05,0.9283708224548805
3.400411932703703e-05,0.9289707971515986
3.471686818926559e-05,0.9295657463873379
3.544455673970435e-05,0.9301557122559703
3.618749812411284e-05,0.9307407364987842
3.694601205199302e-05,0.9313208605074382
3.772042493416993e-05,0.9318961253268891
3.851107002325569e-05,0.9324665716582964
3.93182875570577e-05,0.9330322398619014
4.014242490499326e-05,0.9335931699598834
4.098383671757261e-05,0.9341494016391908
4.184288507901576e-05,0.9347009742543496
4.271993966306776e-05,0.9352479268302474
4.361537789208006e-05,0.9357902980648943
4.45295850994266e-05,0.9363281263321617
4.5462954695324e-05,0.9368614496844964
4.641588833612772e-05,0.9373903058556132
4.738879609717651e-05,0.9379147322631654
4.838209664925957e-05,0.9384347660113905
4.939621743878326e-05,0.9389504438937372
5.043159487171359e-05,0.9394618023954673
5.148867450137487e-05,0.9399688776962378
5.256791122018419e-05,0.9404717056726608
5.366976945540476e-05,0.940970321900841
5.479472336900293e-05,0.9414647616588936
5.594325706169377e-05,0.94195505992944
5.711586478126424e-05,0.9424412514020828
5.831305113526218e-05,0.9429233704758605
5.95353313081437e-05,0.943401451261681
6.078323128297237e-05,0.9438755275847348
6.2057288067765e-05,0.9443456329868889
6.335804992658241e-05,0.9448118007290592
6.468607661546321e-05,0.9452740637935646
6.604193962330305e-05,0.9457324548864595
6.742622241778349e-05,0.9461870064398489
6.883952069645496e-05,0.9466377506141822
7.028244264308338e-05,0.9470847193005292
7.175560918936922e-05,0.947527944122836
7.32596542821523e-05,0.947967456440163
7.479522515621829e-05,0.948403287348903
7.636298261282242e-05,0.9488354676849817
7.79636013040522e-05,0.9492640280260396
7.959777002314978e-05,0.9496889986935948
8.126619200091945e-05,0.9501104097551888
8.296958520834916e-05,0.9505282910265139
8.470868266557403e-05,0.9509426720735222
8.648423275731709e-05,0.9513535822145183
8.829699955494083e-05,0.9517610505222325
9.014776314524917e-05,0.9521651058258788
9.203731996618231e-05,0.952565776713194
9.39664831495469e-05,0.9529630915324607
9.593608287093147e-05,0.9533570783945128
9.794696670695385e-05,0.9537477651747243
0.0001,0.9541351795149818
0.0001020960662306048,0.9545193488256402
0.0001042360673976401,0.9549003002874615
0.0001064209244064725,0.9552780608535391
0.0001086515774652537,0.9556526572512032
0.0001109289864895223,0.9560241159839131
0.0001132541315152813,0.9563924633331319
0.0001156280131207375,0.9567577253601858
0.0001180516528568806,0.9571199279081082
0.0001205260936870841,0.9574790966034681
0.0001230524004359262,0.9578352568581834
0.0001256316602474122,0.9581884338713185
0.000128264983052806,0.9585386526308675
0.0001309535020482668,0.9588859379155219
0.0001336983741824945,0.9592303142964241
0.0001365007806546014,0.9595718061389054
0.0001393619274224143,0.95991043760421
0.0001422830457214352,0.960246232651205
0.0001452653925946781,0.9605792150380749
0.0001483102514336103,0.9609094083240026
0.0001514189325304352,0.9612368358708366
0.0001545927736419478,0.9615615208447439
0.0001578331405652116,0.9618834862178484
0.000161141427725302,0.9622027547698569
0.0001645190587753661,0.9625193490896711
0.0001679674872092653,0.9628332915769844
0.0001714881969870541,0.9631446044438683
0.0001750827031735723,0.9634533097163432
0.0001787525525904235,0.9637594292359367
0.0001824993244816151,0.9640629846612292
0.000186324631193156,0.9643639974693863
0.0001902301188668946,0.9646624889576779
0.0001942174681489025,0.964958480244986
0.0001982883949127071,0.9652519922732975
0.0002024446509976802,0.9655430458091874
0.0002066880249629082,0.9658316614452868
0.0002110203428568597,0.9661178596017408
0.0002154434690031882,0.9664016605276526
0.0002199593068030075,0.9666830843025167
0.0002245697995539772,0.966962150837639
0.0002292769312865649,0.9672388798775463
0.0002340827276178294,0.9675132910013825
0.0002389892566231048,0.9677854036242942
0.000243998629725955,0.9680552369988048
0.0002491130026067791,0.9683228102161756
0.0002543345761304648,0.9685881422077577
0.0002596655972934873,0.9688512517463307
0.0002651083601908536,0.969112157447431
0.0002706652070033241,0.9693708777706691
0.0002763385290053172,0.9696274310210357
0.0002821307675939471,0.9698818353501965
0.0002880444153396298,0.9701341087577766
0.000294082017058706,0.9703842690926343
0.0003002461709085549,0.9706323340541235
0.000306539529505653,0.9708783211933463
0.000312964801067075,0.9711222479143943
0.0003195247505759214,0.9713641314755806
0.0003262222009711667,0.9716039889906607
0.0003330600343624589,0.9718418374300428
0.000340041193270371,0.9720776936219893
0.000347168681892656,0.9723115742538068
0.0003544455673970436,0.972543495873027
0.0003618749812411277,0.9727734748885775
0.0003694601205199302,0.9730015275719428
0.0003772042493417001,0.9732276700583155
0.0003851107002325569,0.9734519183477375
0.000393182875570577,0.9736742883062328
0.0004014242490499318,0.9738947956669296
0.0004098383671757261,0.9741134560311735
0.0004184288507901585,0.974330284869631
0.0004271993966306776,0.9745452975233849
0.0004361537789208006,0.9747585092050189
0.0004452958509942651,0.9749699349996944
0.0004546295469532399,0.9751795898662178
0.0004641588833612782,0.9753874886380982
0.0004738879609717651,0.975593646024598
0.0004838209664925957,0.9757980766117726
0.0004939621743878316,0.9760007948635032
0.0005043159487171359,0.9762018151225196
0.0005148867450137498,0.9764011516114149
0.0005256791122018419,0.9765988184336526
0.0005366976945540476,0.9767948295745633
0.0005479472336900282,0.9769891989023352
0.0005594325706169377,0.9771819401689945
0.0005711586478126435,0.9773730670113792
0.0005831305113526219,0.9775625929521029
0.000595353313081437,0.9777505314005127
0.0006078323128297224,0.9779368956536373
0.0006205728806776501,0.9781216988971274
0.0006335804992658254,0.9783049542061897
0.0006468607661546321,0.9784866745465108
0.0006604193962330305,0.9786668727751758
0.0006742622241778335,0.9788455616415767
0.0006883952069645496,0.9790227537883153
0.0007028244264308353,0.9791984617520973
0.0007175560918936921,0.9793726979646197
0.000732596542821523,0.9795454747534499
0.0007479522515621828,0.979716804342898
0.0007636298261282241,0.979886698854882
0.0007796360130405237,0.9800551703097852
0.0007959777002314978,0.9802222306273065
0.0008126619200091946,0.9803878916273043
0.0008296958520834915,0.9805521650306323
0.0008470868266557402,0.9807150624599684
0.0008648423275731727,0.9808765954406385
0.0008829699955494083,0.9810367754014303
0.0009014776314524918,0.9811956136754026
0.000920373199661823,0.9813531215006874
0.000939664831495469,0.9815093100212846
0.0009593608287093146,0.9816641902878506
0.0009794696670695387,0.9818177732584801
0.001,0.9819700697994816
0.001020960662306047,0.9821210906861461
0.001042360673976401,0.9822708466035091
0.001064209244064725,0.9824193481471074
0.001086515774652537,0.9825666058237281
0.001109289864895223,0.9827126300521521
0.001132541315152813,0.9828574311638917
0.001156280131207375,0.9830010194039204
0.001180516528568806,0.9831434049313994
0.001205260936870841,0.9832845978203952
0.001230524004359262,0.9834246080605925
0.001256316602474122,0.9835634455580016
0.00128264983052806,0.9837011201356584
0.001309535020482668,0.9838376415343202
0.001336983741824945,0.9839730194131544
0.001365007806546014,0.984107263350422
0.001393619274224143,0.9842403828441555
0.001422830457214352,0.9843723873128305
0.001452653925946781,0.9845032860960325
0.001483102514336103,0.9846330884551173
0.001514189325304352,0.9847618035738667
0.001545927736419478,0.9848894405591376
0.001578331405652117,0.9850160084415074
0.00161141427725302,0.9851415161759117
0.001645190587753661,0.9852659726422789
0.001679674872092653,0.9853893866461576
0.001714881969870541,0.9855117669193405
0.001750827031735723,0.9856331221204815
0.001787525525904235,0.9857534608357086
0.00182499324481615,0.9858727915792312
0.00186324631193156,0.9859911227939431
0.001902301188668946,0.9861084628520189
0.001942174681489024,0.986224820055507
0.001982883949127072,0.9863402026369171
0.002024446509976802,0.986454618759802
0.002066880249629082,0.9865680765193359
0.002110203428568597,0.9866805839428865
0.002154434690031882,0.9867921489905837
0.002199593068030075,0.986902779555882
0.002245697995539772,0.9870124834661198
0.002292769312865649,0.9871212684830722
0.002340827276178294,0.9872291423035012
0.002389892566231048,0.9873361125596998
0.00243998629725955,0.9874421868200315
0.002491130026067791,0.9875473725894667
0.002543345761304648,0.9876516773101132
0.002596655972934872,0.9877551083617425
0.002651083601908536,0.9878576730623129
0.002706652070033241,0.9879593786684857
0.002763385290053173,0.9880602323761403
0.002821307675939471,0.9881602413208821
0.002880444153396298,0.988259412578548
0.002940820170587061,0.9883577531657066
0.003002461709085549,0.9884552700401552
0.00306539529505653,0.9885519701014115
0.00312964801067075,0.9886478601912021
0.003195247505759214,0.9887429470939464
0.003262222009711667,0.9888372375372366
0.003330600343624588,0.9889307381923141
0.00340041193270371,0.989023455674541
0.003471686818926559,0.989115396543868
0.003544455673970436,0.9892065673052994
0.003618749812411277,0.9892969744093524
0.003694601205199302,0.989386624252514
0.003772042493417001,0.9894755231776935
0.003851107002325569,0.9895636774746712
0.003931828755705771,0.9896510933805435
0.004014242490499318,0.9897377770801637
0.004098383671757262,0.9898237347065808
0.004184288507901585,0.9899089723414719
0.004271993966306777,0.9899934960155736
0.004361537789208006,0.9900773117091084
0.004452958509942651,0.9901604253522073
0.0045462954695324,0.9902428428253303
0.004641588833612782,0.9903245699596817
0.004738879609717651,0.9904056125376227
0.004838209664925958,0.9904859762930813
0.004939621743878316,0.990565666911957
0.005043159487171359,0.9906446900325236
0.005148867450137497,0.9907230512458282
0.005256791122018419,0.9908007560960863
0.005366976945540477,0.9908778100810746
0.005479472336900281,0.9909542186525198
0.005594325706169377,0.9910299872164839
0.005711586478126435,0.9911051211337477
0.005831305113526219,0.991179625720189
0.00595353313081437,0.9912535062471591
0.006078323128297224,0.9913267679418561
0.0062057288067765,0.9913994159876943
0.006335804992658254,0.9914714555246712
0.006468607661546321,0.9915428916497308
0.006604193962330305,0.9916137294171248
0.006742622241778335,0.9916839738387697
0.006883952069645496,0.9917536298846016
0.007028244264308352,0.9918227024829278
0.007175560918936921,0.9918911965207756
0.00732596542821523,0.9919591168442378
0.007479522515621813,0.9920264682588158
0.007636298261282242,0.9920932555297597
0.007796360130405237,0.9921594833824049
0.007959777002314978,0.9922251565025073
0.008126619200091946,0.992290279536574
0.008296958520834915,0.9923548570921925
0.008470868266557402,0.9924188937383566
0.008648423275731726,0.9924823940057895
0.008829699955494083,0.9925453623872648
0.009014776314524917,0.9926078033379239
0.00920373199661823,0.9926697212755913
0.009396648314954691,0.9927311205810876
0.009593608287093146,0.9927920055985386
0.009794696670695385,0.9928523806356838
0.01,0.99291224996418
0.01020960662306048,0.9929716178199044
0.01042360673976401,0.9930304884032538
0.01064209244064725,0.9930888658794422
0.01086515774652537,0.993146754378795
0.01109289864895223,0.9932041579970415
0.01132541315152813,0.993261080795605
0.01156280131207375,0.9933175268018896
0.01180516528568806,0.9933735000095651
0.01205260936870841,0.9934290043788504
0.01230524004359262,0.9934840438367927
0.01256316602474121,0.993538622277546
0.0128264983052806,0.993592743562646
0.01309535020482668,0.9936464115212845
0.01336983741824945,0.9936996299505788
0.01365007806546014,0.9937524026158412
0.01393619274224144,0.9938047332508456
0.01422830457214352,0.9938566255580911
0.01452653925946781,0.9939080832090642
0.01483102514336103,0.9939591098444989
0.01514189325304352,0.9940097090746334
0.01545927736419479,0.9940598844794667
0.01578331405652117,0.9941096396090109
0.0161141427725302,0.9941589779835429
0.01645190587753661,0.9942079030938534
0.01679674872092653,0.9942564184014938
0.01714881969870541,0.994304527339021
0.01750827031735723,0.9943522333102404
0.01787525525904235,0.9943995396904468
0.0182499324481615,0.9944464498266632
0.0186324631193156,0.9944929670378773
0.01902301188668946,0.9945390946152766
0.01942174681489025,0.9945848358224815
0.01982883949127071,0.9946301938957756
0.02024446509976802,0.994675172044335
0.02066880249629082,0.9947197734504557
0.02110203428568597,0.9947640012697779
0.02154434690031882,0.9948078586315102
0.02199593068030075,0.9948513486386503
0.02245697995539772,0.994894474368205
0.02292769312865649,0.9949372388714075
0.02340827276178294,0.9949796451739337
0.02389892566231048,0.995021696276116
0.0243998629725955,0.9950633951531558
0.02491130026067786,0.9951047447553334
0.02543345761304648,0.9951457480082176
0.02596655972934872,0.9951864078128724
0.02651083601908536,0.9952267270460616
0.02706652070033241,0.9952667085604535
0.02763385290053173,0.9953063551848215
0.02821307675939471,0.9953456697242452
0.02880444153396298,0.9953846549603086
0.02940820170587061,0.9954233136512965
0.03002461709085549,0.9954616485323904
0.0306539529505653,0.995499662315861
0.03129648010670751,0.9955373576912612
0.03195247505759213,0.9955747373256156
0.03262222009711666,0.9956118038636097
0.03330600343624589,0.9956485599277767
0.0340041193270371,0.9956850081186829
0.03471686818926559,0.9957211510151123
0.03544455673970436,0.9957569911742484
0.03618749812411277,0.9957925311318557
0.03694601205199302,0.9958277734024588
0.03772042493417001,0.99586272047952
0.03851107002325569,0.9958973748356164
0.0393182875570577,0.9959317389226142
0.04014242490499318,0.9959658151718429
0.04098383671757262,0.9959996059942666
0.04184288507901585,0.9960331137806547
0.04271993966306777,0.9960663409017517
0.04361537789208006,0.9960992897084441
0.04452958509942651,0.996131962531927
0.04546295469532399,0.9961643616838696
0.04641588833612782,0.9961964894565777
0.04738879609717651,0.9962283481231569
0.04838209664925957,0.9962599399376728
0.04939621743878315,0.9962912671353108
0.05043159487171359,0.9963223319325339
0.05148867450137497,0.9963531365272401
0.05256791122018419,0.996383683098917
0.05366976945540476,0.996413973808797
0.05479472336900281,0.9964440108000097
0.05594325706169378,0.9964737961977332
0.05711586478126435,0.9965033321093455
0.05831305113526219,0.9965326206245724
0.0595353313081437,0.9965616638156362
0.06078323128297224,0.9965904637374017
0.062057288067765,0.9966190224275222
0.06335804992658255,0.9966473419065834
0.0646860766154632,0.9966754241782461
0.06604193962330306,0.9967032712293883
0.06742622241778336,0.9967308850302457
0.06883952069645496,0.996758267534551
0.07028244264308353,0.9967854206796722
0.07175560918936921,0.9968123463867499
0.0732596542821523,0.9968390465608326
0.07479522515621813,0.9968655230910121
0.07636298261282241,0.9968917778505568
0.07796360130405237,0.9969178126970448
0.07959777002314977,0.9969436294724944
0.08126619200091946,0.996969230003495
0.08296958520834916,0.9969946161013367
0.08470868266557402,0.9970197895621374
0.08648423275731726,0.997044752166971
0.08829699955494083,0.9970695056819926
0.09014776314524918,0.9970940518585639
0.09203731996618231,0.997118392433377
0.09396648314954691,0.9971425291285771
0.09593608287093147,0.9971664636518849
0.09794696670695385,0.9971901976967164
0.1,0.9972137329423038
0.1020960662306048,0.9972370710538138
0.1042360673976401,0.9972602136824653
0.1064209244064725,0.9972831624656466
0.1086515774652537,0.9973059190270308
0.1109289864895223,0.9973284849766911
0.1132541315152813,0.9973508619112145
0.1156280131207375,0.9973730514138146
0.1180516528568806,0.9973950550544441
0.1205260936870841,0.9974168743899055
0.1230524004359262,0.9974385109639611
0.1256316602474122,0.9974599663074428
0.128264983052806,0.99748124193836
0.1309535020482668,0.9975023393620067
0.1336983741824945,0.997523260071069
0.1365007806546014,0.9975440055457293
0.1393619274224144,0.9975645772537727
0.1422830457214352,0.9975849766506892
0.1452653925946781,0.9976052051797779
0.1483102514336103,0.9976252642722484
0.1514189325304352,0.9976451553473225
0.1545927736419478,0.9976648798123342
0.1578331405652116,0.9976844390628298
0.161141427725302,0.997703834482666
0.1645190587753661,0.9977230674441084
0.1679674872092653,0.9977421393079283
0.1714881969870541,0.9977610514234988
0.1750827031735723,0.9977798051288909
0.1787525525904236,0.9977984017509672
0.182499324481615,0.997816842605477
0.186324631193156,0.997835128997148
0.1902301188668946,0.99785326221978
0.1942174681489025,0.9978712435563353
0.1982883949127071,0.9978890742790303
0.2024446509976802,0.9979067556494249
0.2066880249629082,0.997924288918512
0.2110203428568597,0.9979416753268064
0.2154434690031882,0.9979589161044319
0.2199593068030075,0.9979760124712085
0.2245697995539772,0.9979929656367391
0.2292769312865649,0.9980097768004949
0.2340827276178294,0.9980264471518998
0.2389892566231048,0.9980429778704153
0.243998629725955,0.9980593701256235
0.2491130026067786,0.9980756250773097
0.2543345761304648,0.9980917438755451
0.2596655972934873,0.9981077276607674
0.2651083601908536,0.9981235775638619
0.2706652070033241,0.998139294706242
0.2763385290053172,0.9981548801999272
0.2821307675939471,0.998170335147623
0.2880444153396298,0.9981856606427987
0.2940820170587061,0.998200857769764
0.3002461709085549,0.998215927603747
0.306539529505653,0.9982308712109689
0.312964801067075,0.9982456896487205
0.3195247505759213,0.9982603839654366
0.3262222009711667,0.9982749552007699
0.3330600343624588,0.9982894043856652
0.340041193270371,0.9983037325424317
0.3471686818926559,0.9983179406848156
0.3544455673970436,0.9983320298180721
0.3618749812411277,0.9983460009390361
0.3694601205199303,0.998359855036193
0.3772042493417002,0.9983735930897483
0.3851107002325569,0.9983872160716972
0.393182875570577,0.9984007249458937
0.4014242490499318,0.9984141206681182
0.4098383671757261,0.9984274041861451
0.4184288507901585,0.9984405764398107
0.4271993966306777,0.9984536383610786
0.4361537789208006,0.9984665908741064
0.4452958509942651,0.998479434895311
0.4546295469532399,0.9984921713334328
0.4641588833612782,0.998504801089601
0.4738879609717651,0.9985173250573967
0.4838209664925957,0.998529744122916
0.4939621743878316,0.998542059164833
0.5043159487171359,0.9985542710544622
0.5148867450137498,0.9985663806558196
0.5256791122018419,0.9985783888256844
0.5366976945540476,0.9985902964136589
0.5479472336900282,0.9986021042622294
0.5594325706169377,0.9986138132068251
0.5711586478126435,0.9986254240758777
0.5831305113526218,0.9986369376908801
0.595353313081437,0.998648354866444
0.6078323128297224,0.9986596764103576
0.62057288067765,0.9986709031236435
0.6335804992658254,0.9986820358006143
0.6468607661546321,0.9986930752289299
0.6604193962330305,0.9987040221896522
0.6742622241778335,0.998714877457301
0.6883952069645496,0.9987256417999086
0.7028244264308353,0.9987363159790744
0.7175560918936921,0.9987469007500182
0.732596542821523,0.998757396861634
0.7479522515621814,0.9987678050565433
0.7636298261282242,0.998778126071147
0.7796360130405237,0.9987883606356781
0.7959777002314977,0.9987985094742527
0.8126619200091946,0.998808573304922
0.8296958520834898,0.9988185528397225
0.8470868266557402,0.9988284487847267
0.8648423275731727,0.9988382618400926
0.8829699955494082,0.9988479927001143
0.9014776314524917,0.9988576420532697
0.9203731996618231,0.9988672105822703
0.9396648314954691,0.9988766989641091
0.9593608287093147,0.9988861078701085
0.9794696670695385,0.9988954379659677
1,0.9989046899118099
1.020960662306048,0.9989138643622294
1.042360673976403,0.9989229619663371
1.064209244064722,0.9989319833678071
1.086515774652537,0.9989409292049219
1.109289864895223,0.998949800110618
1.132541315152813,0.9989585967125296
1.156280131207378,0.9989673196330345
1.180516528568803,0.9989759694892972
1.205260936870841,0.9989845468933125
1.230524004359262,0.9989930524519494
1.256316602474121,0.9990014867669932
1.282649830528062,0.9990098504351893
1.309535020482665,0.999018144048284
1.336983741824945,0.9990263681930674
1.365007806546014,0.9990345234514146
1.393619274224144,0.9990426104003268
1.422830457214355,0.999050629611972
1.452653925946778,0.9990585816537259
1.483102514336103,0.9990664670882115
1.514189325304352,0.9990742864733394
1.545927736419479,0.9990820403623473
1.57833140565212,0.9990897293038383
1.611414277253017,0.9990973538418211
1.645190587753661,0.9991049145157469
1.679674872092653,0.9991124118605491
1.714881969870541,0.9991198464066799
1.750827031735727,0.999127218680149
1.787525525904232,0.9991345292025593
1.824993244816151,0.9991417784911454
1.86324631193156,0.9991489670588093
1.902301188668946,0.9991560954141567
1.942174681489028,0.9991631640615335
1.982883949127067,0.9991701735010606
2.024446509976802,0.9991771242286704
2.066880249629082,0.999184016736141
2.110203428568596,0.9991908515111313
2.154434690031886,0.9991976290372157
2.19959306803007,0.9992043497939177
2.245697995539772,0.9992110142567449
2.292769312865649,0.9992176228972214
2.340827276178294,0.999224176182922
2.389892566231053,0.9992306745775053
2.439986297259545,0.9992371185407456
2.491130026067786,0.9992435085285667
2.543345761304648,0.9992498449930732
2.596655972934872,0.9992561283825829
2.651083601908542,0.9992623591416583
2.706652070033236,0.9992685377111385
2.763385290053167,0.9992746645281698
2.821307675939471,0.999280740026237
2.880444153396298,0.9992867646351939
2.940820170587067,0.9992927387812941
3.002461709085543,0.9992986628872205
3.065395295056524,0.9993045373721156
3.12964801067075,0.9993103626516112
3.195247505759214,0.9993161391378578
3.262222009711673,0.9993218672395535
3.330600343624582,0.9993275473619734
3.400411932703703,0.9993331799069973
3.47168681892656,0.9993387652731397
3.544455673970436,0.9993443038555765
3.618749812411284,0.9993497960461735
3.694601205199295,0.9993552422335147
3.772042493416994,0.9993606428029287
3.851107002325569,0.9993659981365169
3.93182875570577,0.9993713086131802
4.014242490499326,0.9993765746086455
4.098383671757253,0.9993817964954929
4.184288507901576,0.9993869746431812
4.271993966306777,0.9993921094180752
4.361537789208006,0.9993972011834706
4.45295850994266,0.9994022502996203
4.54629546953239,0.9994072571237594
4.641588833612772,0.999412222010131
4.738879609717651,0.999417145310011
4.838209664925957,0.9994220273717328
4.939621743878326,0.9994268685407123
5.043159487171349,0.999431669159472
5.148867450137487,0.9994364295676655
5.256791122018419,0.9994411501021014
5.366976945540476,0.9994458310967672
5.479472336900293,0.9994504728828528
5.594325706169389,0.9994550757887739
5.711586478126423,0.9994596401401956
5.831305113526219,0.9994641662600551
5.95353313081437,0.9994686544685846
6.078323128297236,0.9994731050833339
6.205728806776513,0.9994775184191931
6.335804992658241,0.9994818947884149
6.46860766154632,0.9994862345006361
6.604193962330306,0.9994905378629003
6.742622241778349,0.9994948051796791
6.883952069645511,0.9994990367528941
7.028244264308339,0.9995032328819374
7.175560918936921,0.9995073938636939
7.32596542821523,0.9995115199925616
7.479522515621829,0.9995156115604723
7.636298261282257,0.9995196688569129
7.796360130405221,0.9995236921689454
7.959777002314977,0.9995276817812274
8.126619200091946,0.9995316379760321
8.296958520834915,0.9995355610332681
8.470868266557419,0.9995394512305
8.648423275731709,0.9995433088429672
8.829699955494084,0.9995471341436033
9.014776314524918,0.9995509274030565
9.203731996618231,0.9995546888897074
9.39664831495471,0.9995584188696891
9.593608287093128,0.9995621176069051
9.794696670695386,0.9995657853630485
10,0.9995694223976208
