#Weibull - Cost J(iterations) convergence
#iterations, J(iterations)
1,0.7812903873049732
2,0.6651818751458466
3,0.5889803640905515
4,0.5388089805846981
5,0.5056168164619699
6,0.48350059929568
7,0.4686100367333972
8,0.4584338500679542
9,0.451334104458476
10,0.4462424854858821
11,0.4424622018424946
12,0.43953878047445
13,0.4371757953960151
14,0.4351799035584165
15,0.4334249956364695
16,0.4318288141234452
17,0.4303377029688752
18,0.4289166608463958
19,0.4275428536041672
20,0.4262013828953006
21,0.4248825263548519
22,0.4235799375625051
23,0.4222894720055497
24,0.421008421337546
25,0.419735013939381
26,0.4184680891705234
27,0.417206884906111
28,0.4159508989623657
29,0.4146997987141387
30,0.4134533621447697
31,0.4122114393970239
32,0.4109739276954299
33,0.4097407549898338
34,0.40851186928719
35,0.4072872316933862
36,0.4060668118748538
37,0.4048505850984477
38,0.4036385303007035
39,0.4024306288284975
40,0.4012268636176087
41,0.4000272186568962
42,0.3988316786387631
43,0.3976402287311189
44,0.3964528544285945
45,0.3952695414554399
46,0.3940902757021358
47,0.3929150431839945
48,0.3917438300141002
49,0.3905766223856057
50,0.3894134065601288
51,0.3882541688601294
52,0.387098895663882
53,0.3859475734021415
54,0.3848001885559123
55,0.3836567276549408
56,0.3825171772766765
57,0.381381524045539
58,0.3802497546323862
59,0.3791218557541154
60,0.3779978141733457
61,0.3768776166981598
62,0.3757612501818825
63,0.3746487015228792
64,0.3735399576643768
65,0.3724350055942882
66,0.3713338323450503
67,0.3702364249934627
68,0.3691427706605298
69,0.3680528565113079
70,0.3669666697547512
71,0.36588419764356
72,0.3648054274740328
73,0.3637303465859123
74,0.3626589423622401
75,0.3615912022292067
76,0.3605271136560034
77,0.3594666641546766
78,0.3584098412799799
79,0.3573566326292286
80,0.3563070258421539
81,0.3552610086007577
82,0.3542185686291681
83,0.3531796936934963
84,0.352144371601691
85,0.3511125902033966
86,0.3500843373898117
87,0.3490596010935441
88,0.3480383692884719
89,0.3470206299896005
90,0.3460063712529236
91,0.3449955811752815
92,0.3439882478942224
93,0.3429843595878625
94,0.3419839044747482
95,0.3409868708137166
96,0.3399932469037588
97,0.3390030210838818
98,0.3380161817329721
99,0.3370327172696592
100,0.3360526161521801
101,0.3350758668782428
102,0.334102457984892
103,0.3331323780483747
104,0.332165615684006
105,0.3312021595460359
106,0.3302419983275141
107,0.3292851207601608
108,0.3283315156142314
109,0.327381171698386
110,0.3264340778595584
111,0.3254902229828237
112,0.3245495959912701
113,0.323612185845867
114,0.3226779815453364
115,0.3217469721260232
116,0.3208191466617669
117,0.3198944942637735
118,0.3189730040804881
119,0.3180546652974656
120,0.3171394671372467
121,0.3162273988592285
122,0.3153184497595409
123,0.3144126091709194
124,0.3135098664625804
125,0.3126102110400971
126,0.3117136323452736
127,0.3108201198560222
128,0.3099296630862404
129,0.3090422515856863
130,0.3081578749398566
131,0.3072765227698654
132,0.3063981847323205
133,0.3055228505192034
134,0.3046505098577483
135,0.3037811525103213
136,0.3029147682742992
137,0.3020513469819512
138,0.3011908785003194
139,0.3003333527310995
140,0.2994787596105214
141,0.2986270891092337
142,0.2977783312321825
143,0.2969324760184976
144,0.2960895135413731
145,0.2952494339079512
146,0.2944122272592082
147,0.293577883769836
148,0.2927463936481278
149,0.2919177471358643
150,0.2910919345081983
151,0.29026894607354
152,0.289448772173444
153,0.2886314031824956
154,0.2878168295081982
155,0.287005041590861
156,0.2861960299034857
157,0.2853897849516554
158,0.2845862972734233
159,0.2837855574392017
160,0.2829875560516507
161,0.2821922837455684
162,0.2813997311877809
163,0.280609889077033
164,0.2798227481438787
165,0.2790382991505723
166,0.2782565328909608
167,0.2774774401903745
168,0.2767010119055209
169,0.2759272389243758
170,0.2751561121660782
171,0.2743876225808217
172,0.2736217611497499
173,0.2728585188848497
174,0.2720978868288459
175,0.2713398560550969
176,0.2705844176674884
177,0.2698315628003308
178,0.2690812826182533
179,0.2683335683161019
180,0.2675884111188347
181,0.2668458022814205
182,0.266105733088734
183,0.2653681948554553
184,0.2646331789259676
185,0.2639006766742547
186,0.2631706795038014
187,0.2624431788474911
188,0.2617181661675059
189,0.2609956329552261
190,0.2602755707311316
191,0.2595579710447001
192,0.2588428254743099
193,0.2581301256271404
194,0.2574198631390732
195,0.2567120296745946
196,0.2560066169266975
197,0.2553036166167835
198,0.2546030204945669
199,0.2539048203379766
200,0.2532090079530598
201,0.2525155751738868
202,0.2518245138624545
203,0.2511358159085905
204,0.2504494732298583
205,0.2497654777714632
206,0.2490838215061563
207,0.2484044964341413
208,0.2477274945829807
209,0.2470528080075013
210,0.2463804287897022
211,0.2457103490386608
212,0.2450425608904407
213,0.2443770565079992
214,0.2437138280810963
215,0.2430528678262008
216,0.2423941679864015
217,0.2417377208313148
218,0.241083518656994
219,0.2404315537858389
220,0.2397818185665061
221,0.2391343053738196
222,0.2384890066086799
223,0.2378459146979756
224,0.237205022094495
225,0.2365663212768369
226,0.2359298047493227
227,0.2352954650419077
228,0.2346632947100948
229,0.2340332863348455
230,0.233405432522494
231,0.23277972590466
232,0.2321561591381623
233,0.231534724904933
234,0.2309154159119303
235,0.2302982248910548
236,0.2296831445990628
237,0.2290701678174818
238,0.2284592873525253
239,0.2278504960350099
240,0.2272437867202689
241,0.2266391522880702
242,0.2260365856425319
243,0.2254360797120399
244,0.2248376274491631
245,0.224241221830573
246,0.2236468558569596
247,0.2230545225529499
248,0.2224642149670261
249,0.2218759261714437
250,0.2212896492621504
251,0.220705377358705
252,0.2201231036041967
253,0.2195428211651648
254,0.218964523231518
255,0.2183882030164551
256,0.2178138537563848
257,0.2172414687108469
258,0.2166710411624329
259,0.2161025644167063
260,0.2155360318021256
261,0.2149714366699658
262,0.2144087723942384
263,0.2138480323716163
264,0.2132892100213549
265,0.2127322987852143
266,0.2121772921273841
267,0.2116241835344052
268,0.2110729665150935
269,0.2105236346004649
270,0.2099761813436578
271,0.2094306003198587
272,0.208886885126226
273,0.2083450293818151
274,0.2078050267275041
275,0.207266870825918
276,0.2067305553613551
277,0.206196074039713
278,0.2056634205884143
279,0.2051325887563331
280,0.2046035723137219
281,0.2040763650521379
282,0.203550960784371
283,0.2030273533443707
284,0.2025055365871732
285,0.2019855043888303
286,0.2014672506463368
287,0.2009507692775595
288,0.2004360542211653
289,0.1999230994365498
290,0.1994118989037678
291,0.1989024466234604
292,0.1983947366167872
293,0.1978887629253541
294,0.1973845196111438
295,0.196882000756447
296,0.1963812004637921
297,0.1958821128558763
298,0.1953847320754965
299,0.1948890522854806
300,0.1943950676686191
301,0.1939027724275968
302,0.1934121607849244
303,0.1929232269828713
304,0.192435965283398
305,0.1919503699680879
306,0.191466435338081
307,0.1909841557140071
308,0.1905035254359183
309,0.1900245388632237
310,0.1895471903746222
311,0.1890714743680375
312,0.1885973852605509
313,0.1881249174883379
314,0.1876540655066005
315,0.1871848237895043
316,0.186717186830112
317,0.1862511491403199
318,0.1857867052507927
319,0.1853238497108999
320,0.1848625770886516
321,0.1844028819706345
322,0.1839447589619488
323,0.1834882026861446
324,0.1830332077851592
325,0.1825797689192532
326,0.1821278807669494
327,0.1816775380249689
328,0.1812287354081697
329,0.1807814676494847
330,0.1803357294998588
331,0.179891515728189
332,0.1794488211212616
333,0.1790076404836918
334,0.1785679686378627
335,0.1781298004238632
336,0.1776931306994302
337,0.1772579543398852
338,0.1768242662380765
339,0.1763920613043176
340,0.1759613344663288
341,0.1755320806691767
342,0.1751042948752153
343,0.1746779720640272
344,0.1742531072323636
345,0.1738296953940869
346,0.1734077315801115
347,0.1729872108383448
348,0.1725681282336312
349,0.1721504788476914
350,0.1717342577790672
351,0.1713194601430622
352,0.1709060810716856
353,0.1704941157135941
354,0.1700835592340361
355,0.1696744068147939
356,0.1692666536541276
357,0.1688602949667193
358,0.1684553259836156
359,0.168051741952173
360,0.1676495381360011
361,0.1672487098149082
362,0.1668492522848442
363,0.1664511608578469
364,0.1660544308619866
365,0.1656590576413106
366,0.1652650365557897
367,0.1648723629812624
368,0.1644810323093821
369,0.1640910399475616
370,0.1637023813189201
371,0.1633150518622297
372,0.1629290470318607
373,0.1625443622977295
374,0.1621609931452445
375,0.1617789350752538
376,0.1613981836039926
377,0.161018734263029
378,0.1606405825992133
379,0.1602637241746254
380,0.1598881545665219
381,0.1595138693672848
382,0.1591408641843702
383,0.1587691346402554
384,0.1583986763723892
385,0.1580294850331393
386,0.157661556289742
387,0.1572948858242514
388,0.1569294693334884
389,0.15656530252899
390,0.1562023811369599
391,0.1558407008982172
392,0.1554802575681474
393,0.1551210469166518
394,0.1547630647280982
395,0.1544063068012718
396,0.154050768949325
397,0.1536964469997292
398,0.1533433367942252
399,0.1529914341887746
400,0.1526407350535113
401,0.1522912352726928
402,0.1519429307446521
403,0.1515958173817495
404,0.1512498911103242
405,0.1509051478706479
406,0.1505615836168748
407,0.1502191943169965
408,0.1498779759527932
409,0.149537924519787
410,0.149199036027195
411,0.1488613064978828
412,0.1485247319683161
413,0.1481893084885171
414,0.1478550321220152
415,0.1475218989458028
416,0.1471899050502883
417,0.1468590465392509
418,0.1465293195297939
419,0.1462007201523001
420,0.1458732445503858
421,0.1455468888808558
422,0.1452216493136581
423,0.1448975220318395
424,0.1445745032314999
425,0.1442525891217482
426,0.143931775924658
427,0.143612059875223
428,0.1432934372213125
429,0.142975904223628
430,0.1426594571556589
431,0.1423440923036389
432,0.1420298059665025
433,0.1417165944558412
434,0.1414044540958608
435,0.1410933812233375
436,0.1407833721875757
437,0.1404744233503648
438,0.1401665310859364
439,0.1398596917809216
440,0.1395539018343092
441,0.1392491576574031
442,0.1389454556737799
443,0.1386427923192476
444,0.1383411640418027
445,0.1380405673015898
446,0.1377409985708592
447,0.1374424543339257
448,0.1371449310871274
449,0.1368484253387847
450,0.136552933609159
451,0.1362584524304122
452,0.1359649783465655
453,0.1356725079134597
454,0.1353810376987138
455,0.1350905642816858
456,0.1348010842534308
457,0.1345125942166635
458,0.1342250907857161
459,0.1339385705864996
460,0.1336530302564643
461,0.1333684664445596
462,0.1330848758111955
463,0.1328022550282029
464,0.1325206007787948
465,0.1322399097575273
466,0.1319601786702606
467,0.1316814042341205
468,0.1314035831774601
469,0.1311267122398209
470,0.1308507881718952
471,0.1305758077354873
472,0.1303017677034759
473,0.1300286648597762
474,0.1297564959993017
475,0.1294852579279275
476,0.1292149474624518
477,0.1289455614305596
478,0.128677096670784
479,0.1284095500324708
480,0.1281429183757405
481,0.1278771985714514
482,0.1276123875011633
483,0.1273484820571009
484,0.1270854791421169
485,0.126823375669656
486,0.1265621685637188
487,0.1263018547588251
488,0.1260424311999788
489,0.1257838948426311
490,0.1255262426526455
491,0.1252694716062621
492,0.1250135786900615
493,0.1247585609009302
494,0.1245044152460249
495,0.1242511387427376
496,0.1239987284186606
497,0.1237471813115511
498,0.1234964944692974
499,0.1232466649498834
500,0.1229976898213544
501,0.1227495661617827
502,0.1225022910592335
503,0.1222558616117302
504,0.1220102749272208
505,0.1217655281235439
506,0.1215216183283945
507,0.1212785426792911
508,0.121036298323541
509,0.1207948824182078
510,0.1205542921300775
511,0.1203145246356255
512,0.120075577120983
513,0.119837446781905
514,0.1196001308237361
515,0.1193636264613787
516,0.1191279309192597
517,0.1188930414312984
518,0.1186589552408737
519,0.1184256696007917
520,0.118193181773254
521,0.1179614890298248
522,0.1177305886513995
523,0.1175004779281724
524,0.1172711541596051
525,0.117042614654395
526,0.116814856730443
527,0.116587877714823
528,0.1163616749437494
529,0.1161362457625475
530,0.11591158752562
531,0.1156876975964183
532,0.1154645733474101
533,0.1152422121600491
534,0.1150206114247439
535,0.114799768540828
536,0.1145796809165287
537,0.1143603459689369
538,0.1141417611239768
539,0.1139239238163757
540,0.1137068314896337
541,0.1134904815959943
542,0.1132748715964136
543,0.1130599989605311
544,0.11284586116664
545,0.1126324557016573
546,0.1124197800610946
547,0.1122078317490284
548,0.1119966082780714
549,0.1117861071693425
550,0.1115763259524382
551,0.1113672621654037
552,0.1111589133547036
553,0.1109512770751936
554,0.1107443508900913
555,0.1105381323709479
556,0.1103326190976198
557,0.1101278086582397
558,0.109923698649189
559,0.1097202866750691
560,0.1095175703486733
561,0.1093155472909589
562,0.1091142151310195
563,0.1089135715060568
564,0.108713614061353
565,0.1085143404502431
566,0.1083157483340877
567,0.1081178353822452
568,0.1079205992720445
569,0.1077240376887577
570,0.1075281483255733
571,0.1073329288835687
572,0.1071383770716833
573,0.1069444906066918
574,0.1067512672131772
575,0.1065587046235043
576,0.1063668005777928
577,0.1061755528238913
578,0.1059849591173502
579,0.1057950172213957
580,0.1056057249069037
581,0.1054170799523733
582,0.1052290801439011
583,0.1050417232751549
584,0.1048550071473479
585,0.1046689295692129
586,0.1044834883569767
587,0.1042986813343342
588,0.1041145063324235
589,0.1039309611897994
590,0.103748043752409
591,0.1035657518735657
592,0.1033840834139247
593,0.1032030362414574
594,0.1030226082314265
595,0.102842797266361
596,0.1026636012360316
597,0.1024850180374256
598,0.1023070455747226
599,0.1021296817592693
600,0.1019529245095559
601,0.1017767717511907
602,0.1016012214168764
603,0.1014262714463856
604,0.1012519197865367
605,0.1010781643911697
606,0.1009050032211224
607,0.1007324342442061
608,0.1005604554351822
609,0.100389064775738
610,0.1002182602544634
611,0.100048039866827
612,0.09987840161515264
613,0.0997093435085961
614,0.09954086356312179
615,0.09937295980147889
616,0.09920563025317894
617,0.09903887295447236
618,0.09887268594832498
619,0.09870706728439599
620,0.09854201501901433
621,0.09837752721515584
622,0.09821360194242119
623,0.09805023727701262
624,0.09788743130171165
625,0.09772518210585616
626,0.09756348778531888
627,0.09740234644248391
628,0.09724175618622531
629,0.09708171513188441
630,0.096922221401248
631,0.09676327312252617
632,0.09660486843033031
633,0.09644700546565112
634,0.09628968237583718
635,0.09613289731457256
636,0.09597664844185605
637,0.09582093392397856
638,0.09566575193350237
639,0.0955111006492394
640,0.09535697825622973
641,0.09520338294572038
642,0.09505031291514432
643,0.09489776636809898
644,0.09474574151432534
645,0.09459423656968681
646,0.09444324975614833
647,0.09429277930175571
648,0.09414282344061456
649,0.09399338041286966
650,0.09384444846468418
651,0.09369602584821951
652,0.09354811082161425
653,0.09340070164896414
654,0.09325379660030138
655,0.09310739395157445
656,0.09296149198462815
657,0.09281608898718299
658,0.09267118325281526
659,0.09252677308093726
660,0.09238285677677692
661,0.09223943265135816
662,0.09209649902148112
663,0.09195405420970214
664,0.09181209654431446
665,0.09167062435932812
666,0.09152963599445087
667,0.09138912979506848
668,0.0912491041122252
669,0.09110955730260466
670,0.09097048772851041
671,0.09083189375784677
672,0.09069377376409948
673,0.09055612612631721
674,0.09041894922909165
675,0.09028224146253926
676,0.09014600122228218
677,0.0900102269094292
678,0.0898749169305573
679,0.08974006969769255
680,0.08960568362829205
681,0.08947175714522476
682,0.08933828867675349
683,0.08920527665651608
684,0.08907271952350722
685,0.08894061572206007
686,0.08880896370182786
687,0.08867776191776616
688,0.08854700883011413
689,0.08841670290437702
690,0.08828684261130755
691,0.08815742642688865
692,0.08802845283231503
693,0.08789992031397556
694,0.08777182736343569
695,0.08764417247741922
696,0.08751695415779133
697,0.08739017091154051
698,0.08726382125076124
699,0.08713790369263635
700,0.08701241675941992
701,0.08688735897841975
702,0.08676272888197996
703,0.08663852500746412
704,0.08651474589723748
705,0.08639139009865074
706,0.08626845616402214
707,0.08614594265062099
708,0.08602384812065064
709,0.08590217114123144
710,0.08578091028438402
711,0.08566006412701255
712,0.08553963125088829
713,0.08541961024263242
714,0.08529999969369979
715,0.0851807982003624
716,0.0850620043636927
717,0.08494361678954752
718,0.08482563408855137
719,0.08470805487608039
720,0.08459087777224583
721,0.08447410140187825
722,0.08435772439451092
723,0.08424174538436412
724,0.08412616301032881
725,0.08401097591595091
726,0.08389618274941522
727,0.08378178216352973
728,0.08366777281570953
729,0.08355415336796108
730,0.08344092248686713
731,0.08332807884357007
732,0.0832156211137572
733,0.08310354797764458
734,0.08299185811996188
735,0.08288055022993678
736,0.08276962300127992
737,0.08265907513216909
738,0.08254890532523422
739,0.08243911228754211
740,0.0823296947305813
741,0.08222065137024687
742,0.08211198092682531
743,0.08200368212497977
744,0.08189575369373495
745,0.0817881943664619
746,0.08168100288086361
747,0.0815741779789599
748,0.08146771840707283
749,0.08136162291581185
750,0.08125589026005914
751,0.08115051919895534
752,0.08104550849588434
753,0.08094085691845922
754,0.08083656323850777
755,0.08073262623205818
756,0.08062904467932401
757,0.08052581736469079
758,0.08042294307670118
759,0.08032042060804087
760,0.0802182487555245
761,0.08011642632008142
762,0.08001495210674175
763,0.07991382492462216
764,0.07981304358691216
765,0.07971260691085992
766,0.0796125137177585
767,0.07951276283293211
768,0.07941335308572227
769,0.0793142833094737
770,0.07921555234152146
771,0.07911715902317625
772,0.07901910219971189
773,0.07892138072035085
774,0.07882399343825132
775,0.07872693921049362
776,0.07863021689806655
777,0.07853382536585436
778,0.0784377634826233
779,0.07834203012100821
780,0.07824662415749942
781,0.07815154447242953
782,0.07805678994996045
783,0.07796235947806995
784,0.0778682519485389
785,0.07777446625693804
786,0.07768100130261532
787,0.07758785598868274
788,0.07749502922200339
789,0.07740251991317909
790,0.077310326976537
791,0.07721844933011725
792,0.07712688589566022
793,0.07703563559859379
794,0.07694469736802077
795,0.07685407013670635
796,0.07676375284106543
797,0.07667374442115037
798,0.07658404382063844
799,0.07649464998681946
800,0.07640556187058332
801,0.0763167784264077
802,0.07622829861234609
803,0.07614012139001512
804,0.07605224572458262
805,0.07596467058475558
806,0.07587739494276759
807,0.07579041777436746
808,0.07570373805880658
809,0.07561735477882733
810,0.07553126692065096
811,0.0754454734739657
812,0.07535997343191496
813,0.07527476579108562
814,0.07518984955149587
815,0.07510522371658404
816,0.07502088729319631
817,0.07493683929157548
818,0.07485307872534924
819,0.07476960461151851
820,0.07468641597044599
821,0.07460351182584468
822,0.07452089120476633
823,0.07443855313759003
824,0.07435649665801097
825,0.07427472080302888
826,0.07419322461293708
827,0.07411200713131069
828,0.07403106740499583
829,0.07395040448409845
830,0.07387001742197276
831,0.0737899052752107
832,0.07371006710363032
833,0.07363050197026511
834,0.07355120894135282
835,0.07347218708632465
836,0.07339343547779432
837,0.07331495319154679
838,0.07323673930652812
839,0.07315879290483411
840,0.07308111307169968
841,0.07300369889548812
842,0.07292654946768054
843,0.07284966388286504
844,0.07277304123872605
845,0.07269668063603393
846,0.0726205811786344
847,0.0725447419734376
848,0.07246916213040822
849,0.07239384076255478
850,0.07231877698591915
851,0.07224396991956625
852,0.07216941868557358
853,0.0720951224090213
854,0.07202108021798144
855,0.07194729124350824
856,0.07187375461962735
857,0.07180046948332611
858,0.07172743497454319
859,0.07165465023615869
860,0.0715821144139839
861,0.07150982665675135
862,0.07143778611610488
863,0.07136599194658948
864,0.07129444330564165
865,0.07122313935357923
866,0.07115207925359188
867,0.07108126217173091
868,0.07101068727689966
869,0.07094035374084372
870,0.07087026073814137
871,0.07080040744619365
872,0.07073079304521471
873,0.07066141671822235
874,0.07059227765102843
875,0.07052337503222919
876,0.07045470805319586
877,0.07038627590806493
878,0.07031807779372902
879,0.07025011290982716
880,0.07018238045873575
881,0.07011487964555867
882,0.07004760967811857
883,0.06998056976694696
884,0.06991375912527564
885,0.06984717696902656
886,0.06978082251680368
887,0.06971469498988281
888,0.06964879361220311
889,0.06958311761035793
890,0.06951766621358532
891,0.0694524386537594
892,0.06938743416538115
893,0.06932265198556947
894,0.0692580913540523
895,0.06919375151315765
896,0.06912963170780453
897,0.06906573118549439
898,0.06900204919630214
899,0.06893858499286723
900,0.06887533783038523
901,0.06881230696659858
902,0.06874949166178851
903,0.06868689117876559
904,0.06862450478286189
905,0.06856233174192178
906,0.06850037132629345
907,0.06843862280882063
908,0.06837708546483373
909,0.06831575857214134
910,0.06825464141102212
911,0.06819373326421602
912,0.06813303341691578
913,0.06807254115675891
914,0.06801225577381893
915,0.06795217656059754
916,0.06789230281201561
917,0.06783263382540572
918,0.06777316890050308
919,0.06771390733943811
920,0.06765484844672756
921,0.06759599152926699
922,0.06753733589632206
923,0.0674788808595206
924,0.06742062573284489
925,0.06736256983262305
926,0.06730471247752148
927,0.06724705298853659
928,0.06718959068898682
929,0.06713232490450502
930,0.06707525496303003
931,0.06701838019479926
932,0.06696169993234062
933,0.06690521351046463
934,0.06684892026625669
935,0.06679281953906935
936,0.06673691067051456
937,0.06668119300445575
938,0.06662566588700039
939,0.06657032866649208
940,0.06651518069350311
941,0.06646022132082668
942,0.06640544990346946
943,0.0663508657986438
944,0.06629646836576047
945,0.06624225696642087
946,0.06618823096440968
947,0.06613438972568746
948,0.06608073261838286
949,0.06602725901278586
950,0.0659739682813396
951,0.06592085979863382
952,0.06586793294139648
953,0.06581518708848767
954,0.0657626216208915
955,0.06571023592170891
956,0.06565802937615071
957,0.06560600137153035
958,0.0655541512972562
959,0.06550247854482513
960,0.06545098250781506
961,0.06539966258187765
962,0.06534851816473131
963,0.06529754865615441
964,0.06524675345797781
965,0.06519613197407811
966,0.06514568361037071
967,0.06509540777480258
968,0.06504530387734546
969,0.06499537132998894
970,0.06494560954673362
971,0.06489601794358407
972,0.06484659593854213
973,0.06479734295159989
974,0.06474825840473306
975,0.06469934172189425
976,0.06465059232900598
977,0.06460200965395407
978,0.0645535931265809
979,0.06450534217867875
980,0.06445725624398319
981,0.06440933475816618
982,0.06436157715882969
983,0.06431398288549911
984,0.06426655137961659
985,0.06421928208453435
986,0.06417217444550845
987,0.06412522790969206
988,0.06407844192612898
989,0.06403181594574722
990,0.06398534942135264
991,0.06393904180762243
992,0.06389289256109869
993,0.06384690114018204
994,0.0638010670051254
995,0.06375538961802762
996,0.06370986844282689
997,0.06366450294529501
998,0.06361929259303042
999,0.0635742368554526
1000,0.06352933520379549
1001,0.06348458711110121
1002,0.06343999205221419
1003,0.06339554950377478
1004,0.06335125894421316
1005,0.06330711985374328
1006,0.06326313171435652
1007,0.06321929400981606
1008,0.06317560622565037
1009,0.06313206784914739
1010,0.06308867836934856
1011,0.06304543727704266
1012,0.06300234406475996
1013,0.06295939822676618
1014,0.0629165992590567
1015,0.06287394665935039
1016,0.062831439927084
1017,0.06278907856340608
1018,0.06274686207117132
1019,0.06270478995493443
1020,0.0626628617209445
1021,0.06262107687713939
1022,0.06257943493313953
1023,0.06253793540024258
1024,0.06249657779141734
1025,0.06245536162129835
1026,0.06241428640618001
1027,0.06237335166401094
1028,0.0623325569143882
1029,0.06229190167855201
1030,0.06225138547937975
1031,0.06221100784138053
1032,0.06217076829068956
1033,0.0621306663550627
1034,0.06209070156387078
1035,0.06205087344809417
1036,0.06201118154031719
1037,0.06197162537472262
1038,0.0619322044870865
1039,0.06189291841477229
1040,0.06185376669672563
1041,0.0618147488734689
1042,0.06177586448709599
1043,0.06173711308126657
1044,0.06169849420120119
1045,0.06166000739367548
1046,0.06162165220701516
1047,0.06158342819109055
1048,0.06154533489731154
1049,0.06150737187862194
1050,0.06146953868949459
1051,0.06143183488592588
1052,0.06139426002543074
1053,0.06135681366703732
1054,0.06131949537128183
1055,0.06128230470020343
1056,0.06124524121733897
1057,0.06120830448771811
1058,0.06117149407785799
1059,0.06113480955575817
1060,0.06109825049089567
1061,0.06106181645421978
1062,0.0610255070181472
1063,0.06098932175655695
1064,0.0609532602447851
1065,0.06091732205962026
1066,0.06088150677929824
1067,0.06084581398349746
1068,0.06081024325333347
1069,0.06077479417135461
1070,0.06073946632153681
1071,0.06070425928927864
1072,0.06066917266139672
1073,0.06063420602612068
1074,0.06059935897308823
1075,0.06056463109334067
1076,0.06053002197931778
1077,0.06049553122485306
1078,0.06046115842516935
1079,0.06042690317687352
1080,0.06039276507795205
1081,0.06035874372776648
1082,0.06032483872704809
1083,0.06029104967789397
1084,0.06025737618376185
1085,0.06022381784946559
1086,0.06019037428117065
1087,0.06015704508638915
1088,0.06012382987397571
1089,0.0600907282541225
1090,0.06005773983835483
1091,0.06002486423952649
1092,0.05999210107181541
1093,0.05995944995071881
1094,0.05992691049304902
1095,0.05989448231692877
1096,0.05986216504178671
1097,0.05982995828835311
1098,0.05979786167865526
1099,0.05976587483601321
1100,0.05973399738503486
1101,0.05970222895161221
1102,0.05967056916291664
1103,0.05963901764739451
1104,0.05960757403476289
1105,0.05957623795600506
1106,0.05954500904336647
1107,0.05951388693035017
1108,0.05948287125171263
1109,0.05945196164345929
1110,0.05942115774284055
1111,0.05939045918834746
1112,0.05935986561970693
1113,0.05932937667787869
1114,0.05929899200504971
1115,0.05926871124463093
1116,0.05923853404125279
1117,0.05920846004076108
1118,0.05917848889021264
1119,0.05914862023787135
1120,0.05911885373320405
1121,0.05908918902687637
1122,0.05905962577074862
1123,0.05903016361787176
1124,0.05900080222248318
1125,0.05897154124000271
1126,0.0589423803270288
1127,0.05891331914133406
1128,0.05888435734186172
1129,0.05885549458872127
1130,0.05882673054318446
1131,0.05879806486768165
1132,0.0587694972257977
1133,0.05874102728226772
1134,0.05871265470297359
1135,0.05868437915493978
1136,0.0586562003063295
1137,0.05862811782644085
1138,0.05860013138570275
1139,0.05857224065567145
1140,0.05854444530902632
1141,0.05851674501956602
1142,0.05848913946220505
1143,0.05846162831296938
1144,0.05843421124899315
1145,0.05840688794851449
1146,0.05837965809087217
1147,0.05835252135650138
1148,0.05832547742693017
1149,0.05829852598477591
1150,0.05827166671374131
1151,0.05824489929861068
1152,0.05821822342524637
1153,0.0581916387805852
1154,0.05816514505263459
1155,0.05813874193046872
1156,0.05811242910422525
1157,0.05808620626510168
1158,0.05806007310535138
1159,0.05803402931828026
1160,0.05800807459824305
1161,0.05798220864063985
1162,0.05795643114191237
1163,0.05793074179954041
1164,0.05790514031203865
1165,0.05787962637895232
1166,0.05785419970085474
1167,0.05782885997934272
1168,0.05780360691703389
1169,0.05777844021756287
1170,0.05775335958557781
1171,0.0577283647267367
1172,0.05770345534770443
1173,0.05767863115614907
1174,0.05765389186073824
1175,0.057629237171136
1176,0.05760466679799929
1177,0.05758018045297465
1178,0.05755577784869468
1179,0.05753145869877479
1180,0.05750722271780979
1181,0.05748306962137045
1182,0.05745899912600042
1183,0.05743501094921263
1184,0.05741110480948611
1185,0.05738728042626275
1186,0.05736353751994372
1187,0.05733987581188663
1188,0.05731629502440186
1189,0.05729279488074941
1190,0.05726937510513583
1191,0.05724603542271097
1192,0.05722277555956422
1193,0.05719959524272222
1194,0.05717649420014473
1195,0.0571534721607221
1196,0.05713052885427179
1197,0.0571076640115353
1198,0.05708487736417488
1199,0.05706216864477042
1200,0.05703953758681658
1201,0.05701698392471924
1202,0.05699450739379268
1203,0.05697210773025621
1204,0.05694978467123162
1205,0.05692753795473923
1206,0.05690536731969566
1207,0.05688327250591031
1208,0.0568612532540824
1209,0.05683930930579785
1210,0.05681744040352645
1211,0.05679564629061865
1212,0.05677392671130268
1213,0.05675228141068126
1214,0.05673071013472926
1215,0.05670921263028986
1216,0.0566877886450723
1217,0.05666643792764838
1218,0.05664516022744993
1219,0.05662395529476578
1220,0.05660282288073848
1221,0.05658176273736187
1222,0.05656077461747777
1223,0.05653985827477352
1224,0.05651901346377852
1225,0.05649823993986187
1226,0.05647753745922916
1227,0.05645690577891972
1228,0.05643634465680392
1229,0.05641585385158002
1230,0.0563954331227717
1231,0.05637508223072481
1232,0.05635480093660503
1233,0.05633458900239459
1234,0.05631444619088993
1235,0.05629437226569862
1236,0.0562743669912366
1237,0.05625443013272551
1238,0.05623456145619002
1239,0.05621476072845485
1240,0.05619502771714222
1241,0.05617536219066894
1242,0.05615576391824409
1243,0.05613623266986557
1244,0.05611676821631843
1245,0.05609737032917109
1246,0.05607803878077357
1247,0.0560587733442541
1248,0.05603957379351708
1249,0.05602043990324004
1250,0.05600137144887102
1251,0.0559823682066259
1252,0.05596342995348623
1253,0.05594455646719591
1254,0.05592574752625922
1255,0.05590700290993762
1256,0.05588832239824776
1257,0.05586970577195842
1258,0.05585115281258827
1259,0.05583266330240293
1260,0.05581423702441303
1261,0.0557958737623709
1262,0.05577757330076864
1263,0.05575933542483538
1264,0.05574115992053439
1265,0.05572304657456146
1266,0.05570499517434149
1267,0.05568700550802656
1268,0.05566907736449303
1269,0.05565121053333946
1270,0.05563340480488394
1271,0.05561565997016157
1272,0.05559797582092213
1273,0.05558035214962773
1274,0.05556278874944994
1275,0.05554528541426789
1276,0.05552784193866559
1277,0.05551045811792948
1278,0.05549313374804624
1279,0.05547586862570009
1280,0.05545866254827058
1281,0.05544151531383032
1282,0.05542442672114246
1283,0.05540739656965823
1284,0.05539042465951489
1285,0.05537351079153317
1286,0.05535665476721474
1287,0.05533985638874053
1288,0.0553231154589677
1289,0.05530643178142761
1290,0.05528980516032372
1291,0.05527323540052889
1292,0.05525672230758333
1293,0.05524026568769241
1294,0.05522386534772419
1295,0.05520752109520718
1296,0.05519123273832812
1297,0.05517500008592988
1298,0.05515882294750872
1299,0.05514270113321284
1300,0.05512663445383941
1301,0.05511062272083277
1302,0.0550946657462822
1303,0.05507876334291929
1304,0.0550629153241163
1305,0.05504712150388383
1306,0.05503138169686835
1307,0.05501569571835034
1308,0.05500006338424194
1309,0.05498448451108477
1310,0.05496895891604816
1311,0.05495348641692627
1312,0.05493806683213676
1313,0.05492269998071809
1314,0.05490738568232766
1315,0.05489212375723954
1316,0.05487691402634261
1317,0.05486175631113808
1318,0.05484665043373769
1319,0.05483159621686162
1320,0.05481659348383631
1321,0.05480164205859229
1322,0.05478674176566226
1323,0.05477189243017925
1324,0.05475709387787385
1325,0.05474234593507309
1326,0.05472764842869755
1327,0.0547130011862601
1328,0.05469840403586326
1329,0.05468385680619739
1330,0.05466935932653898
1331,0.0546549114267481
1332,0.05464051293726665
1333,0.05462616368911685
1334,0.05461186351389808
1335,0.05459761224378637
1336,0.05458340971153114
1337,0.05456925575045409
1338,0.05455515019444702
1339,0.05454109287796932
1340,0.05452708363604711
1341,0.05451312230427027
1342,0.05449920871879112
1343,0.0544853427163224
1344,0.05447152413413506
1345,0.05445775281005672
1346,0.05444402858246962
1347,0.0544303512903087
1348,0.05441672077305961
1349,0.05440313687075707
1350,0.05438959942398285
1351,0.0543761082738639
1352,0.05436266326207044
1353,0.05434926423081427
1354,0.05433591102284668
1355,0.05432260348145685
1356,0.05430934145046988
1357,0.05429612477424488
1358,0.05428295329767334
1359,0.05426982686617715
1360,0.05425674532570676
1361,0.05424370852273974
1362,0.05423071630427831
1363,0.05421776851784826
1364,0.05420486501149653
1365,0.05419200563379006
1366,0.05417919023381336
1367,0.05416641866116715
1368,0.05415369076596663
1369,0.05414100639883948
1370,0.05412836541092418
1371,0.05411576765386835
1372,0.05410321297982704
1373,0.0540907012414607
1374,0.05407823229193403
1375,0.05406580598491348
1376,0.05405342217456618
1377,0.0540410807155579
1378,0.05402878146305148
1379,0.05401652427270521
1380,0.05400430900067071
1381,0.05399213550359189
1382,0.05398000363860272
1383,0.05396791326332566
1384,0.05395586423587045
1385,0.05394385641483171
1386,0.05393188965928779
1387,0.05391996382879907
1388,0.05390807878340605
1389,0.05389623438362801
1390,0.05388443049046118
1391,0.05387266696537715
1392,0.0538609436703213
1393,0.05384926046771113
1394,0.05383761722043466
1395,0.05382601379184887
1396,0.05381445004577794
1397,0.05380292584651176
1398,0.05379144105880452
1399,0.05377999554787272
1400,0.05376858917939384
1401,0.05375722181950489
1402,0.05374589333480041
1403,0.05373460359233152
1404,0.05372335245960366
1405,0.05371213980457563
1406,0.05370096549565762
1407,0.05368982940171004
1408,0.05367873139204163
1409,0.05366767133640812
1410,0.05365664910501074
1411,0.05364566456849451
1412,0.05363471759794673
1413,0.0536238080648959
1414,0.05361293584130963
1415,0.05360210079959345
1416,0.05359130281258925
1417,0.05358054175357372
1418,0.05356981749625701
1419,0.0535591299147813
1420,0.05354847888371883
1421,0.05353786427807106
1422,0.05352728597326696
1423,0.05351674384516138
1424,0.05350623777003367
1425,0.05349576762458667
1426,0.05348533328594432
1427,0.05347493463165139
1428,0.05346457153967082
1429,0.05345424388838346
1430,0.05344395155658573
1431,0.05343369442348873
1432,0.05342347236871646
1433,0.05341328527230481
1434,0.05340313301469971
1435,0.05339301547675619
1436,0.05338293253973667
1437,0.0533728840853095
1438,0.05336286999554784
1439,0.05335289015292809
1440,0.05334294444032865
1441,0.05333303274102852
1442,0.05332315493870558
1443,0.05331331091743568
1444,0.05330350056169135
1445,0.05329372375633987
1446,0.05328398038664238
1447,0.05327427033825243
1448,0.0532645934972148
1449,0.05325494974996363
1450,0.05324533898332159
1451,0.0532357610844985
1452,0.05322621594108992
1453,0.05321670344107578
1454,0.05320722347281893
1455,0.05319777592506422
1456,0.05318836068693691
1457,0.05317897764794147
1458,0.05316962669796021
1459,0.05316030772725203
1460,0.05315102062645122
1461,0.05314176528656594
1462,0.05313254159897721
1463,0.05312334945543754
1464,0.05311418874806943
1465,0.05310505936936457
1466,0.05309596121218215
1467,0.05308689416974787
1468,0.05307785813565256
1469,0.05306885300385081
1470,0.05305987866866011
1471,0.05305093502475926
1472,0.05304202196718712
1473,0.05303313939134179
1474,0.05302428719297898
1475,0.05301546526821065
1476,0.0530066735135045
1477,0.05299791182568199
1478,0.05298918010191743
1479,0.05298047823973691
1480,0.05297180613701695
1481,0.05296316369198336
1482,0.05295455080320983
1483,0.05294596736961711
1484,0.05293741329047155
1485,0.05292888846538402
1486,0.05292039279430862
1487,0.05291192617754182
1488,0.05290348851572071
1489,0.05289507970982257
1490,0.05288669966116302
1491,0.05287834827139539
1492,0.05287002544250921
1493,0.05286173107682941
1494,0.05285346507701453
1495,0.05284522734605644
1496,0.05283701778727855
1497,0.05282883630433501
1498,0.05282068280120935
1499,0.05281255718221351
1500,0.05280445935198656
