#Weibull aproximation vs Original set
#W(x), W(CDF) 
1e-08,4.965515955790423e-05
1.020960662306048e-08,5.032055570319827e-05
1.042360673976401e-08,5.099486815751675e-05
1.064209244064725e-08,5.167821639306958e-05
1.086515774652537e-08,5.237072148300825e-05
1.109289864895223e-08,5.307250612252012e-05
1.132541315152813e-08,5.378369465081079e-05
1.156280131207375e-08,5.450441307264242e-05
1.180516528568806e-08,5.523478908131541e-05
1.205260936870841e-08,5.597495208065073e-05
1.230524004359262e-08,5.672503320830469e-05
1.256316602474122e-08,5.74851653588615e-05
1.28264983052806e-08,5.825548320737006e-05
1.309535020482668e-08,5.903612323321372e-05
1.336983741824945e-08,5.982722374420213e-05
1.365007806546014e-08,6.062892490132921e-05
1.393619274224144e-08,6.144136874308703e-05
1.422830457214352e-08,6.226469921100097e-05
1.452653925946781e-08,6.309906217527583e-05
1.483102514336103e-08,6.394460546010894e-05
1.514189325304352e-08,6.480147887022447e-05
1.545927736419478e-08,6.566983421729677e-05
1.578331405652117e-08,6.654982534692877e-05
1.61141427725302e-08,6.744160816574141e-05
1.645190587753661e-08,6.834534066901821e-05
1.679674872092653e-08,6.926118296890493e-05
1.714881969870541e-08,7.018929732216517e-05
1.750827031735723e-08,7.112984815982326e-05
1.787525525904235e-08,7.208300211547503e-05
1.824993244816151e-08,7.304892805504171e-05
1.86324631193156e-08,7.402779710674601e-05
1.902301188668946e-08,7.501978269142118e-05
1.942174681489025e-08,7.602506055326419e-05
1.982883949127072e-08,7.704380879058892e-05
2.024446509976802e-08,7.807620788791159e-05
2.066880249629082e-08,7.912244074737007e-05
2.110203428568597e-08,8.018269272136447e-05
2.154434690031882e-08,8.125715164564173e-05
2.199593068030075e-08,8.234600787182522e-05
2.245697995539776e-08,8.344945430194262e-05
2.292769312865649e-08,8.456768642184365e-05
2.340827276178294e-08,8.570090233650518e-05
2.389892566231048e-08,8.684930280433711e-05
2.43998629725955e-08,8.801309127348667e-05
2.491130026067791e-08,8.919247391714347e-05
2.543345761304648e-08,9.038765967084306e-05
2.596655972934873e-08,9.159886026843811e-05
2.651083601908536e-08,9.282629028051215e-05
2.706652070033241e-08,9.407016715179406e-05
2.763385290053173e-08,9.533071124001591e-05
2.821307675939471e-08,9.660814585465971e-05
2.880444153396298e-08,9.790269729637036e-05
2.940820170587061e-08,9.921459489736772e-05
3.002461709085549e-08,0.0001005440710619698
3.06539529505653e-08,0.000101891361307449
3.12964801067075e-08,0.0001032567043057764
3.195247505759214e-08,0.0001046403419263653
3.262222009711667e-08,0.0001060425192782599
3.330600343624589e-08,0.0001074634847535449
3.40041193270371e-08,0.0001089034900719765
3.471686818926559e-08,0.0001103627903247251
3.544455673970436e-08,0.0001118416440197834
3.618749812411276e-08,0.0001133403131282629
3.694601205199302e-08,0.0001148590631296909
3.772042493417001e-08,0.000116398163059972
3.851107002325569e-08,0.0001179578855584618
3.93182875570577e-08,0.0001195385069163724
4.014242490499318e-08,0.0001211403071257333
4.098383671757262e-08,0.0001227635699287966
4.184288507901584e-08,0.0001244085828681074
4.271993966306777e-08,0.0001260756373377969
4.361537789208006e-08,0.0001277650286349852
4.45295850994266e-08,0.0001294770560117398
4.546295469532399e-08,0.0001312120227284774
4.641588833612782e-08,0.0001329702361070328
4.738879609717651e-08,0.0001347520075857256
4.838209664925958e-08,0.0001365576527740942
4.939621743878326e-08,0.0001383874915085181
5.043159487171359e-08,0.0001402418479093948
5.148867450137498e-08,0.0001421210504378712
5.256791122018419e-08,0.0001440254319542422
5.366976945540476e-08,0.0001459553297767924
5.479472336900293e-08,0.0001479110857417476
5.594325706169378e-08,0.0001498930462631165
5.711586478126435e-08,0.0001519015623944187
5.831305113526219e-08,0.0001539369898908571
5.95353313081437e-08,0.0001559996892719351
6.078323128297236e-08,0.0001580900258854046
6.2057288067765e-08,0.0001602083699717705
6.335804992658255e-08,0.0001623550967300158
6.46860766154632e-08,0.0001645305863836599
6.604193962330306e-08,0.00016673522424826
6.742622241778349e-08,0.0001689694007992459
6.883952069645497e-08,0.0001712335117413089
7.028244264308353e-08,0.0001735279580783455
7.175560918936921e-08,0.0001758531461840684
7.32596542821523e-08,0.0001782094878742813
7.479522515621828e-08,0.0001805974004790434
7.636298261282242e-08,0.00018301730691761
7.796360130405237e-08,0.0001854696357718177
7.959777002314978e-08,0.0001879548213630233
8.126619200091946e-08,0.0001904733038283757
8.296958520834915e-08,0.0001930255291984206
8.470868266557402e-08,0.0001956119494763708
8.648423275731727e-08,0.0001982330227181528
8.829699955494083e-08,0.000200889213112676
9.014776314524918e-08,0.0002035809910646558
9.20373199661823e-08,0.0002063088332773244
9.396648314954691e-08,0.0002090732228366976
9.593608287093146e-08,0.0002118746492973944
9.794696670695386e-08,0.0002147136087685686
1e-07,0.0002175906040020603
1.020960662306048e-07,0.000220506144481103
1.042360673976401e-07,0.0002234607465102512
1.064209244064725e-07,0.0002264549333068633
1.086515774652537e-07,0.0002294892350934719
1.109289864895223e-07,0.0002325641891913754
1.132541315152813e-07,0.0002356803401156737
1.156280131207375e-07,0.0002388382396715238
1.180516528568806e-07,0.00024203844705184
1.205260936870841e-07,0.0002452815289354371
1.230524004359261e-07,0.0002485680595880613
1.256316602474121e-07,0.0002518986209630869
1.28264983052806e-07,0.0002552738028048784
1.309535020482668e-07,0.0002586942027524852
1.336983741824945e-07,0.0002621604264458899
1.365007806546014e-07,0.0002656730876321456
1.393619274224144e-07,0.000269232808274622
1.422830457214352e-07,0.0002728402186622514
1.452653925946781e-07,0.0002764959575212167
1.483102514336103e-07,0.0002802006721276395
1.514189325304352e-07,0.000283955018421933
1.545927736419479e-07,0.0002877596611245981
1.578331405652117e-07,0.0002916152738535738
1.61141427725302e-07,0.0002955225392434757
1.645190587753661e-07,0.0002994821490657218
1.679674872092653e-07,0.000303494804351101
1.714881969870541e-07,0.0003075612155131191
1.750827031735723e-07,0.000311682102473898
1.787525525904236e-07,0.0003158581947909633
1.824993244816151e-07,0.0003200902317860299
1.86324631193156e-07,0.0003243789626757865
1.902301188668946e-07,0.0003287251467037899
1.942174681489024e-07,0.0003331295532746914
1.982883949127071e-07,0.0003375929620903495
2.024446509976802e-07,0.0003421161632868319
2.066880249629082e-07,0.0003466999575740815
2.110203428568597e-07,0.0003513451563776915
2.154434690031882e-07,0.0003560525819812366
2.199593068030075e-07,0.0003608230676721558
2.245697995539772e-07,0.0003656574578884131
2.292769312865649e-07,0.0003705566083676004
2.340827276178294e-07,0.0003755213862979279
2.389892566231048e-07,0.0003805526704707685
2.43998629725955e-07,0.0003856513514366444
2.491130026067786e-07,0.0003908183316614355
2.543345761304648e-07,0.0003960545256858072
2.596655972934872e-07,0.000401360860286748
2.651083601908536e-07,0.0004067382746409942
2.706652070033241e-07,0.0004121877204901203
2.763385290053167e-07,0.0004177101623090707
2.82130767593947e-07,0.0004233065774760236
2.880444153396298e-07,0.0004289779564443652
2.940820170587061e-07,0.0004347253029176601
3.002461709085549e-07,0.0004405496340267323
3.065395295056524e-07,0.0004464519805085221
3.12964801067075e-07,0.0004524333868880515
3.195247505759214e-07,0.0004584949116627213
3.262222009711673e-07,0.0004646376274881625
3.330600343624589e-07,0.0004708626213684175
3.400411932703703e-07,0.0004771709948462322
3.471686818926559e-07,0.0004835638641982332
3.544455673970435e-07,0.0004900423606306603
3.618749812411284e-07,0.0004966076304796507
3.694601205199302e-07,0.0005032608354121892
3.772042493416994e-07,0.0005100031526314996
3.851107002325569e-07,0.0005168357750842123
3.93182875570577e-07,0.0005237599116700853
4.014242490499326e-07,0.0005307767874555003
4.098383671757261e-07,0.0005378876438885127
4.184288507901585e-07,0.000545093739018343
4.271993966306776e-07,0.0005523963477159777
4.361537789208006e-07,0.0005597967618989896
4.45295850994266e-07,0.0005672962907592449
4.5462954695324e-07,0.0005748962609927188
4.641588833612782e-07,0.000582598017033753
4.738879609717651e-07,0.0005904029212909778
4.838209664925957e-07,0.0005983123543872315
4.939621743878326e-07,0.0006063277154030322
5.043159487171359e-07,0.0006144504221218261
5.148867450137498e-07,0.0006226819112801207
5.25679112201842e-07,0.0006310236388198387
5.366976945540476e-07,0.0006394770801447791
5.479472336900293e-07,0.0006480437303795217
5.594325706169378e-07,0.0006567251046327716
5.711586478126435e-07,0.0006655227382638129
5.831305113526218e-07,0.000674438187152071
5.95353313081437e-07,0.0006834730279708934
6.078323128297237e-07,0.0006926288584648832
6.205728806776501e-07,0.00070190729773012
6.335804992658255e-07,0.0007113099864993755
6.468607661546321e-07,0.000720838587429995
6.604193962330305e-07,0.0007304947853961075
6.742622241778349e-07,0.0007402802877846115
6.883952069645496e-07,0.0007501968247952684
7.028244264308353e-07,0.000760246149744348
7.175560918936921e-07,0.0007704300393727159
7.32596542821523e-07,0.0007807502941578059
7.479522515621828e-07,0.0007912087386295896
7.636298261282241e-07,0.0008018072216909866
7.796360130405236e-07,0.0008125476169422718
7.959777002314978e-07,0.0008234318230103677
8.126619200091945e-07,0.0008344617638814666
8.296958520834915e-07,0.0008456393892386505
8.470868266557403e-07,0.0008569666748045046
8.648423275731727e-07,0.000868445622686953
8.829699955494083e-07,0.0008800782617310876
9.014776314524917e-07,0.0008918666478744397
9.20373199661823e-07,0.0009038128645075805
9.396648314954691e-07,0.0009159190228397174
9.593608287093148e-07,0.0009281872622682874
9.794696670695385e-07,0.0009406197507543235
1e-06,0.0009532186852020397
1.020960662306047e-06,0.0009659862918440787
1.042360673976401e-06,0.0009789248266312001
1.064209244064725e-06,0.0009920365756276306
1.086515774652537e-06,0.001005323855411411
1.109289864895223e-06,0.001018789013479959
1.132541315152813e-06,0.001032434428661189
1.156280131207375e-06,0.001046262511529839
1.180516528568805e-06,0.00106027570482925
1.205260936870841e-06,0.001074476483899023
1.230524004359262e-06,0.001088867357108225
1.256316602474121e-06,0.001103450866293598
1.28264983052806e-06,0.001118229587204755
1.309535020482668e-06,0.001133206129954267
1.336983741824945e-06,0.001148383139474185
1.365007806546014e-06,0.001163763295978226
1.393619274224143e-06,0.001179349315430067
1.422830457214352e-06,0.001195143950018518
1.452653925946781e-06,0.001211149988637805
1.483102514336103e-06,0.001227370257374738
1.514189325304352e-06,0.001243807620002646
1.545927736419479e-06,0.00126046497848098
1.57833140565212e-06,0.001277345273462127
1.61141427725302e-06,0.001294451484804782
1.645190587753661e-06,0.001311786632093637
1.679674872092653e-06,0.001329353775166298
1.714881969870541e-06,0.001347156014647077
1.750827031735727e-06,0.001365196492487786
1.787525525904235e-06,0.001383478392515292
1.82499324481615e-06,0.001402004940986634
1.86324631193156e-06,0.001420779407151462
1.902301188668946e-06,0.001439805103821135
1.942174681489028e-06,0.001459085387946368
1.982883949127071e-06,0.001478623661201661
2.024446509976802e-06,0.001498423370577484
2.066880249629082e-06,0.001518488008980245
2.110203428568597e-06,0.001538821115840472
2.154434690031886e-06,0.001559426277728315
2.199593068030075e-06,0.00158030712897772
2.245697995539772e-06,0.001601467352318031
2.292769312865649e-06,0.0016229106795147
2.340827276178294e-06,0.001644640892017657
2.389892566231052e-06,0.001666661821618343
2.43998629725955e-06,0.001688977351115617
2.491130026067786e-06,0.001711591414989999
2.543345761304648e-06,0.001734508000086565
2.596655972934872e-06,0.001757731146307173
2.651083601908542e-06,0.0017812649473119
2.706652070033241e-06,0.001805113551228366
2.763385290053167e-06,0.001829281161371821
2.821307675939471e-06,0.001853772036973567
2.880444153396298e-06,0.001878590493919474
2.940820170587067e-06,0.001903740905497497
3.002461709085549e-06,0.001929227703155734
3.065395295056524e-06,0.001955055377269144
3.129648010670751e-06,0.001981228477917374
3.195247505759214e-06,0.002007751615672126
3.262222009711673e-06,0.002034629462394744
3.330600343624589e-06,0.002061866752044228
3.400411932703702e-06,0.00208946828149581
3.47168681892656e-06,0.00211743891136984
3.544455673970436e-06,0.002145783566871451
3.618749812411284e-06,0.002174507238641765
3.694601205199302e-06,0.002203614983619095
3.772042493416993e-06,0.00223311192591169
3.851107002325569e-06,0.00226300325768225
3.93182875570577e-06,0.002293294240042987
4.014242490499326e-06,0.0023239902039629
4.098383671757261e-06,0.002355096551186486
4.184288507901576e-06,0.002386618755164327
4.271993966306777e-06,0.002418562361995558
4.361537789208005e-06,0.002450932991382881
4.45295850994266e-06,0.002483736337599352
4.5462954695324e-06,0.002516978170467699
4.641588833612773e-06,0.002550664336352759
4.738879609717651e-06,0.002584800759166006
4.838209664925957e-06,0.002619393441383178
4.939621743878326e-06,0.002654448465075454
5.043159487171359e-06,0.002689971992952733
5.148867450137487e-06,0.002725970269421674
5.25679112201842e-06,0.002762449621656282
5.366976945540476e-06,0.00279941646068238
5.479472336900293e-06,0.002836877282476391
5.594325706169378e-06,0.002874838669077895
5.711586478126423e-06,0.002913307289715839
5.831305113526219e-06,0.002952289901950289
5.95353313081437e-06,0.002991793352828065
6.078323128297237e-06,0.003031824580052467
6.205728806776501e-06,0.003072390613169773
6.335804992658241e-06,0.003113498574768392
6.468607661546321e-06,0.003155155681695665
6.604193962330305e-06,0.003197369246288329
6.742622241778349e-06,0.003240146677619626
6.883952069645496e-06,0.003283495482761967
7.028244264308338e-06,0.003327423268065233
7.175560918936921e-06,0.003371937740451858
7.32596542821523e-06,0.003417046708728444
7.479522515621829e-06,0.003462758084912698
7.636298261282242e-06,0.003509079885578914
7.796360130405221e-06,0.003556020233219215
7.959777002314978e-06,0.003603587357622229
8.126619200091945e-06,0.003651789597269861
8.296958520834915e-06,0.003700635400750163
8.470868266557402e-06,0.003750133328189631
8.648423275731709e-06,0.003800292052702714
8.829699955494083e-06,0.003851120361859306
9.014776314524917e-06,0.003902627159171224
9.20373199661823e-06,0.003954821465597003
9.396648314954691e-06,0.004007712421065679
9.593608287093147e-06,0.004061309286019443
9.794696670695386e-06,0.004115621442976058
1e-05,0.004170658398110261
1.020960662306048e-05,0.004226429782854813
1.042360673976401e-05,0.004282945355522649
1.064209244064725e-05,0.004340215002947567
1.086515774652537e-05,0.004398248742146782
1.109289864895223e-05,0.004457056722002917
1.132541315152813e-05,0.004516649224968083
1.156280131207375e-05,0.004577036668788281
1.180516528568806e-05,0.004638229608249334
1.205260936870841e-05,0.004700238736944362
1.230524004359262e-05,0.004763074889063357
1.256316602474121e-05,0.004826749041204836
1.28264983052806e-05,0.004891272314209272
1.309535020482668e-05,0.004956655975015933
1.336983741824945e-05,0.005022911438541944
1.365007806546014e-05,0.005090050269584534
1.393619274224143e-05,0.005158084184747058
1.422830457214352e-05,0.005227025054387657
1.452653925946781e-05,0.005296884904593235
1.483102514336103e-05,0.005367675919175641
1.514189325304352e-05,0.005439410441694048
1.545927736419479e-05,0.005512100977500878
1.578331405652116e-05,0.005585760195813028
1.61141427725302e-05,0.005660400931807752
1.645190587753661e-05,0.005736036188744853
1.679674872092653e-05,0.005812679140113741
1.714881969870541e-05,0.00589034313180703
1.750827031735727e-05,0.005969041684319998
1.787525525904236e-05,0.006048788494976587
1.82499324481615e-05,0.006129597440182821
1.86324631193156e-05,0.006211482577706096
1.902301188668946e-05,0.006294458148983106
1.942174681489028e-05,0.006378538581454651
1.982883949127071e-05,0.006463738490928406
2.024446509976802e-05,0.006550072683970343
2.066880249629082e-05,0.00663755616032391
2.110203428568597e-05,0.006726204115358736
2.154434690031887e-05,0.006816031942548095
2.199593068030075e-05,0.006907055235975346
2.245697995539772e-05,0.0069992897928709
2.292769312865649e-05,0.007092751616178172
2.340827276178294e-05,0.007187456917150392
2.389892566231053e-05,0.007283422117977834
2.43998629725955e-05,0.00738066385444569
2.491130026067786e-05,0.007479198978622925
2.543345761304648e-05,0.007579044561583537
2.596655972934872e-05,0.007680217896158026
2.651083601908542e-05,0.007782736499718057
2.706652070033241e-05,0.007886618116992872
2.763385290053167e-05,0.007991880722918787
2.821307675939471e-05,0.008098542525521002
2.880444153396298e-05,0.008206621968829153
2.940820170587067e-05,0.008316137735825957
3.002461709085549e-05,0.008427108751430379
3.065395295056524e-05,0.008539554185513887
3.12964801067075e-05,0.008653493455952344
3.195247505759214e-05,0.008768946231711539
3.262222009711673e-05,0.008885932435968802
3.330600343624589e-05,0.009004472249268591
3.400411932703703e-05,0.009124586112715605
3.471686818926559e-05,0.009246294731201865
3.544455673970435e-05,0.009369619076671776
3.618749812411284e-05,0.009494580391422369
3.694601205199302e-05,0.009621200191441193
3.772042493416993e-05,0.009749500269781386
3.851107002325569e-05,0.009879502699973841
3.93182875570577e-05,0.01001122983947689
4.014242490499326e-05,0.01014470433316517
4.098383671757261e-05,0.01027994911685537
4.184288507901576e-05,0.01041698742087183
4.271993966306776e-05,0.01055584277365018
4.361537789208006e-05,0.01069653900538092
4.45295850994266e-05,0.01083910025169199
4.5462954695324e-05,0.01098355095737114
4.641588833612772e-05,0.0111299158801289
4.738879609717651e-05,0.01127822009440127
4.838209664925957e-05,0.01142848899519355
4.939621743878326e-05,0.01158074830196454
5.043159487171359e-05,0.01173502406255245
5.148867450137487e-05,0.01189134265714176
5.256791122018419e-05,0.01204973080227256
5.366976945540476e-05,0.01221021555489077
5.479472336900293e-05,0.01237282431644116
5.594325706169377e-05,0.01253758483700329
5.711586478126424e-05,0.01270452521946919
5.831305113526218e-05,0.01287367392376493
5.95353313081437e-05,0.0130450597711147
6.078323128297237e-05,0.01321871194834823
6.2057288067765e-05,0.01339466001225298
6.335804992658241e-05,0.01357293389396885
6.468607661546321e-05,0.01375356390342752
6.604193962330305e-05,0.01393658073383619
6.742622241778349e-05,0.01412201546620573
6.883952069645496e-05,0.01430989957392326
7.028244264308338e-05,0.01450026492737011
7.175560918936922e-05,0.01469314379858377
7.32596542821523e-05,0.01488856886596657
7.479522515621829e-05,0.01508657321903817
7.636298261282242e-05,0.01528719036323445
7.79636013040522e-05,0.01549045422475204
7.959777002314978e-05,0.01569639915543797
8.126619200091945e-05,0.01590505993772584
8.296958520834916e-05,0.01611647178961784
8.470868266557403e-05,0.01633067036971225
8.648423275731709e-05,0.01654769178227833
8.829699955494083e-05,0.01676757258237616
9.014776314524917e-05,0.01699034978102343
9.203731996618231e-05,0.0172160608504085
9.39664831495469e-05,0.01744474372914984
9.593608287093147e-05,0.01767643682760167
9.794696670695385e-05,0.01791117903320616
0.0001,0.01814900971589195
0.0001020960662306048,0.01838996873351906
0.0001042360673976401,0.01863409643736957
0.0001064209244064725,0.01888143367768591
0.0001086515774652537,0.01913202180925311
0.0001109289864895223,0.01938590269702956
0.0001132541315152813,0.01964311872182167
0.0001156280131207375,0.01990371278600522
0.0001180516528568806,0.02016772831929281
0.0001205260936870841,0.02043520928454523
0.0001230524004359262,0.02070620018362979
0.0001256316602474122,0.02098074606332223
0.000128264983052806,0.02125889252125457
0.0001309535020482668,0.02154068571190637
0.0001336983741824945,0.02182617235264095
0.0001365007806546014,0.02211539972978549
0.0001393619274224143,0.02240841570475338
0.0001422830457214352,0.02270526872021161
0.0001452653925946781,0.02300600780628947
0.0001483102514336103,0.02331068258682967
0.0001514189325304352,0.02361934328568205
0.0001545927736419478,0.02393204073303756
0.0001578331405652116,0.02424882637180392
0.000161141427725302,0.02456975226402069
0.0001645190587753661,0.02489487109731414
0.0001679674872092653,0.0252242361913918
0.0001714881969870541,0.02555790150457415
0.0001750827031735723,0.02589592164036436
0.0001787525525904235,0.02623835185405532
0.0001824993244816151,0.02658524805937179
0.000186324631193156,0.02693666683514817
0.0001902301188668946,0.02729266543204112
0.0001942174681489025,0.02765330177927405
0.0001982883949127071,0.02801863449141595
0.0002024446509976802,0.0283887228751899
0.0002066880249629082,0.02876362693631307
0.0002110203428568597,0.02914340738636545
0.0002154434690031882,0.02952812564968654
0.0002199593068030075,0.02991784387029917
0.0002245697995539772,0.03031262491885867
0.0002292769312865649,0.03071253239962701
0.0002340827276178294,0.03111763065746842
0.0002389892566231048,0.03152798478486751
0.000243998629725955,0.03194366062896736
0.0002491130026067791,0.03236472479862551
0.0002543345761304648,0.03279124467148675
0.0002596655972934873,0.03322328840107136
0.0002651083601908536,0.03366092492387618
0.0002706652070033241,0.03410422396648749
0.0002763385290053172,0.03455325605270365
0.0002821307675939471,0.03500809251066428
0.0002880444153396298,0.0354688054799871
0.000294082017058706,0.03593546791890534
0.0003002461709085549,0.0364081536114097
0.000306539529505653,0.03688693717438618
0.000312964801067075,0.03737189406475261
0.0003195247505759214,0.03786310058658893
0.0003262222009711667,0.03836063389825817
0.0003330600343624589,0.03886457201951754
0.000340041193270371,0.03937499383861565
0.000347168681892656,0.03989197911937215
0.0003544455673970436,0.04041560850824
0.0003618749812411277,0.04094596354134317
0.0003694601205199302,0.04148312665149012
0.0003772042493417001,0.04202718117515847
0.0003851107002325569,0.04257821135944706
0.000393182875570577,0.04313630236899302
0.0004014242490499318,0.04370154029284989
0.0004098383671757261,0.04427401215132298
0.0004184288507901585,0.04485380590275823
0.0004271993966306776,0.04544101045028059
0.0004361537789208006,0.04603571564847941
0.0004452958509942651,0.04663801231003362
0.0004546295469532399,0.0472479922122756
0.0004641588833612782,0.04786574810368716
0.0004738879609717651,0.04849137371032475
0.0004838209664925957,0.04912496374216802
0.0004939621743878316,0.04976661389938708
0.0005043159487171359,0.05041642087852483
0.0005148867450137498,0.05107448237858681
0.0005256791122018419,0.05174089710703611
0.0005366976945540476,0.0524157647856861
0.0005479472336900282,0.05309918615648579
0.0005594325706169377,0.05379126298719283
0.0005711586478126435,0.05449209807692701
0.0005831305113526219,0.05520179526159963
0.000595353313081437,0.05592045941921209
0.0006078323128297224,0.05664819647501607
0.0006205728806776501,0.05738511340653119
0.0006335804992658254,0.05813131824841078
0.0006468607661546321,0.05888692009715091
0.0006604193962330305,0.05965202911563516
0.0006742622241778335,0.06042675653750629
0.0006883952069645496,0.06121121467135948
0.0007028244264308353,0.06200551690474831
0.0007175560918936921,0.06280977770799523
0.000732596542821523,0.06362411263780066
0.0007479522515621828,0.0644486383406383
0.0007636298261282241,0.06528347255593259
0.0007796360130405237,0.06612873411900699
0.0007959777002314978,0.06698454296379452
0.0008126619200091946,0.0678510201253022
0.0008296958520834915,0.06872828774181816
0.0008470868266557402,0.06961646905685503
0.0008648423275731727,0.07051568842081646
0.0008829699955494083,0.0714260712923771
0.0009014776314524918,0.07234774423956936
0.000920373199661823,0.07328083494056048
0.000939664831495469,0.07422547218411368
0.0009593608287093146,0.07518178586972146
0.0009794696670695387,0.07614990700739643
0.001,0.07712996771711345
0.001020960662306047,0.07812210122788621
0.001042360673976401,0.079126441876469
0.001064209244064725,0.08014312510567079
0.001086515774652537,0.08117228746226679
0.001109289864895223,0.08221406659449904
0.001132541315152813,0.08326860124914681
0.001156280131207375,0.08433603126815836
0.001180516528568806,0.08541649758482794
0.001205260936870841,0.08651014221950282
0.001230524004359262,0.08761710827480873
0.001256316602474122,0.08873753993037647
0.00128264983052806,0.08987158243705529
0.001309535020482668,0.09101938211059935
0.001336983741824945,0.0921810863248077
0.001365007806546014,0.09335684350410711
0.001393619274224143,0.09454680311555563
0.001422830457214352,0.09575111566025518
0.001452653925946781,0.09696993266415377
0.001483102514336103,0.09820340666821947
0.001514189325304352,0.09945169121797126
0.001545927736419478,0.1007149408523454
0.001578331405652117,0.101993311091882
0.00161141427725302,0.1032869584262115
0.001645190587753661,0.1045960403008227
0.001679674872092653,0.1059207151030936
0.001714881969870541,0.1072611421475639
0.001750827031735723,0.1086174816604311
0.001787525525904235,0.1099898947632494
0.00182499324481615,0.1113785434558098
0.00186324631193156,0.1127835905981824
0.001902301188668946,0.1142051998918976
0.001942174681489024,0.115643535860246
0.001982883949127072,0.1170987638276764
0.002024446509976802,0.1185710498982648
0.002066880249629082,0.1200605609332396
0.002110203428568597,0.1215674645275316
0.002154434690031882,0.1230919289853332
0.002199593068030075,0.1246341232946386
0.002245697995539772,0.1261942171007426
0.002292769312865649,0.1277723806786754
0.002340827276178294,0.129368784904546
0.002389892566231048,0.130983601225773
0.00243998629725955,0.1326170016301763
0.002491130026067791,0.1342691586139027
0.002543345761304648,0.1359402451481637
0.002596655972934872,0.1376304346447584
0.002651083601908536,0.1393399009203526
0.002706652070033241,0.1410688181594935
0.002763385290053173,0.1428173608763278
0.002821307675939471,0.1445857038750025
0.002880444153396298,0.1463740222087162
0.002940820170587061,0.148182491137397
0.003002461709085549,0.1500112860839804
0.00306539529505653,0.1518605825892565
0.00312964801067075,0.1537305562652631
0.003195247505759214,0.1556213827471958
0.003262222009711667,0.1575332376438047
0.003330600343624588,0.1594662964862553
0.00340041193270371,0.1614207346754206
0.003471686818926559,0.16339672742758
0.003544455673970436,0.1653944497184973
0.003618749812411277,0.1674140762258453
0.003694601205199302,0.1694557812699573
0.003772042493417001,0.1715197387528699
0.003851107002325569,0.173606122095634
0.003931828755705771,0.1757151041738665
0.004014242490499318,0.1778468572515123
0.004098383671757262,0.1800015529127933
0.004184288507901585,0.1821793619923149
0.004271993966306777,0.1843804545033034
0.004361537789208006,0.1866049995639516
0.004452958509942651,0.1888531653218393
0.0045462954695324,0.1911251188764119
0.004641588833612782,0.1934210261994848
0.004738879609717651,0.1957410520537513
0.004838209664925958,0.1980853599092733
0.004939621743878316,0.2004541118579233
0.005043159487171359,0.2028474685257632
0.005148867450137497,0.2052655889833301
0.005256791122018419,0.2077086306538137
0.005366976945540477,0.2101767492191002
0.005479472336900281,0.2126700985236628
0.005594325706169377,0.2151888304762838
0.005711586478126435,0.217733094949583
0.005831305113526219,0.2203030396773425
0.00595353313081437,0.2228988101496076
0.006078323128297224,0.2255205495055475
0.0062057288067765,0.228168398424068
0.006335804992658254,0.2308424950121561
0.006468607661546321,0.233542974690952
0.006604193962330305,0.2362699700795352
0.006742622241778335,0.2390236108764164
0.006883952069645496,0.2418040237387327
0.007028244264308352,0.2446113321591344
0.007175560918936921,0.2474456563403683
0.00732596542821523,0.2503071130675509
0.007479522515621813,0.2531958155781332
0.007636298261282242,0.2561118734295627
0.007796360130405237,0.2590553923646438
0.007959777002314978,0.2620264741746081
0.008126619200091946,0.2650252165599013
0.008296958520834915,0.2680517129886987
0.008470868266557402,0.271106052553167
0.008648423275731726,0.2741883198234882
0.008829699955494083,0.2772985946996633
0.009014776314524917,0.280436952261125
0.00920373199661823,0.2836034626141786
0.009396648314954691,0.2867981907373063
0.009593608287093146,0.2900211963243658
0.009794696670695385,0.2932725336257148
0.01,0.2965522512873101
0.01020960662306048,0.2998603921878138
0.01042360673976401,0.3031969932737634
0.01064209244064725,0.30656208539285
0.01086515774652537,0.3099556931253613
0.01109289864895223,0.3133778346138509
0.01132541315152813,0.3168285213910922
0.01156280131207375,0.3203077582063901
0.01180516528568806,0.3238155428503207
0.01205260936870841,0.3273518659779719
0.01230524004359262,0.3309167109307768
0.01256316602474121,0.3345100535570138
0.0128264983052806,0.3381318620310768
0.01309535020482668,0.3417820966716075
0.01336983741824945,0.3454607097585893
0.01365007806546014,0.3491676453495198
0.01393619274224144,0.3529028390947651
0.01422830457214352,0.3566662180522234
0.01452653925946781,0.3604577005014215
0.01483102514336103,0.3642771957571702
0.01514189325304352,0.3681246039829263
0.01545927736419479,0.3719998160039938
0.01578331405652117,0.375902713120724
0.0161141427725302,0.3798331669218673
0.01645190587753661,0.3837910390982366
0.01679674872092653,0.3877761812568619
0.01714881969870541,0.3917884347358016
0.01750827031735723,0.3958276304198037
0.01787525525904235,0.3998935885570051
0.0182499324481615,0.4039861185768615
0.0186324631193156,0.4081050189095246
0.01902301188668946,0.4122500768068657
0.01942174681489025,0.4164210681653771
0.01982883949127071,0.4206177573511726
0.02024446509976802,0.4248398970273195
0.02066880249629082,0.4290872279837523
0.02110203428568597,0.4333594789700073
0.02154434690031882,0.4376563665310422
0.02199593068030075,0.4419775948464061
0.02245697995539772,0.4463228555730205
0.02292769312865649,0.4506918276918672
0.02340827276178294,0.4550841773588529
0.02389892566231048,0.4594995577601565
0.0243998629725955,0.4639376089723559
0.02491130026067786,0.4683979578276368
0.02543345761304648,0.4728802177844104
0.02596655972934872,0.477383988803648
0.02651083601908536,0.4819088572312726
0.02706652070033241,0.486454395686938
0.02763385290053173,0.4910201629595317
0.02821307675939471,0.4956057039097579
0.02880444153396298,0.5002105493801501
0.02940820170587061,0.5048342161128661
0.03002461709085549,0.509476206675642
0.0306539529505653,0.5141360093962597
0.03129648010670751,0.518813098305914
0.03195247505759213,0.5235069330918487
0.03262222009711666,0.5282169590596451
0.03330600343624589,0.5329426071055517
0.0340041193270371,0.5376832936992353
0.03471686818926559,0.5424384208773499
0.03544455673970436,0.5472073762483153
0.03618749812411277,0.5519895330086895
0.03694601205199302,0.556784249971544
0.03772042493417001,0.5615908716072187
0.03851107002325569,0.566408728096864
0.0393182875570577,0.571237135399155
0.04014242490499318,0.576075395330564
0.04098383671757262,0.5809227956595893
0.04184288507901585,0.5857786102153104
0.04271993966306777,0.5906420990106577
0.04361537789208006,0.5955125083807682
0.04452958509942651,0.6003890711367865
0.04546295469532399,0.6052710067354841
0.04641588833612782,0.6101575214650332
0.04738879609717651,0.6150478086472896
0.04838209664925957,0.6199410488569099
0.04939621743878315,0.6248364101576201
0.05043159487171359,0.6297330483559522
0.05148867450137497,0.6346301072727305
0.05256791122018419,0.6395267190325973
0.05366976945540476,0.6444220043718332
0.05479472336900281,0.6493150729647155
0.05594325706169378,0.6542050237686488
0.05711586478126435,0.6590909453882625
0.05831305113526219,0.6639719164586688
0.0595353313081437,0.6688470060480393
0.06078323128297224,0.6737152740796315
0.062057288067765,0.6785757717733905
0.06335804992658255,0.6834275421071943
0.0646860766154632,0.6882696202978125
0.06604193962330306,0.693101034301598
0.06742622241778336,0.6979208053349053
0.06883952069645496,0.7027279484142055
0.07028244264308353,0.7075214729158162
0.07175560918936921,0.7123003831551481
0.0732596542821523,0.7170636789853209
0.07479522515621813,0.7218103564149613
0.07636298261282241,0.7265394082449728
0.07796360130405237,0.7312498247239994
0.07959777002314977,0.7359405942222923
0.08126619200091946,0.7406107039236232
0.08296958520834916,0.7452591405348488
0.08470868266557402,0.7498848910126963
0.08648423275731726,0.7544869433072784
0.08829699955494083,0.7590642871217994
0.09014776314524918,0.7636159146878834
0.09203731996618231,0.7681408215558763
0.09396648314954691,0.7726380073994532
0.09593608287093147,0.7771064768337897
0.09794696670695385,0.7815452402465106
0.1,0.7859533146405879
0.1020960662306048,0.7903297244882868
0.1042360673976401,0.794673502595227
0.1064209244064725,0.7989836909735615
0.1086515774652537,0.8032593417232211
0.1109289864895223,0.8074995179201354
0.1132541315152813,0.8117032945102669
0.1156280131207375,0.8158697592082655
0.1180516528568806,0.8199980133994873
0.1205260936870841,0.8240871730440695
0.1230524004359262,0.8281363695817219
0.1256316602474122,0.8321447508358238
0.128264983052806,0.8361114819153926
0.1309535020482668,0.8400357461134332
0.1336983741824945,0.8439167458001332
0.1365007806546014,0.8477537033093463
0.1393619274224144,0.8515458618167435
0.1422830457214352,0.8552924862080017
0.1452653925946781,0.8589928639353515
0.1483102514336103,0.862646305860779
0.1514189325304352,0.8662521470841631
0.1545927736419478,0.8698097477545853
0.1578331405652116,0.8733184938630574
0.161141427725302,0.8767777980148757
0.1645190587753661,0.8801871001798105
0.1679674872092653,0.8835458684183396
0.1714881969870541,0.8868535995821153
0.1750827031735723,0.8901098199868811
0.1787525525904236,0.8933140860560467
0.182499324481615,0.8964659849331466
0.186324631193156,0.8995651350614383
0.1902301188668946,0.9026111867289046
0.1942174681489025,0.9056038225769694
0.1982883949127071,0.9085427580712672
0.2024446509976802,0.9114277419328465
0.2066880249629082,0.9142585565282474
0.2110203428568597,0.9170350182169313
0.2154434690031882,0.9197569776546232
0.2199593068030075,0.9224243200511765
0.2245697995539772,0.9250369653816534
0.2292769312865649,0.9275948685493962
0.2340827276178294,0.9300980194999431
0.2389892566231048,0.9325464432847437
0.243998629725955,0.9349402000737252
0.2491130026067786,0.9372793851158597
0.2543345761304648,0.9395641286470061
0.2596655972934873,0.9417945957444034
0.2651083601908536,0.9439709861273236
0.2706652070033241,0.9460935339035151
0.2763385290053172,0.948162507261198
0.2821307675939471,0.950178208106514
0.2880444153396298,0.9521409716464709
0.2940820170587061,0.9540511659175636
0.3002461709085549,0.9559091912604087
0.306539529505653,0.9577154797408718
0.312964801067075,0.9594704945183252
0.3195247505759213,0.9611747291618292
0.3262222009711667,0.9628287069151775
0.3330600343624588,0.9644329799119197
0.340041193270371,0.9659881283416131
0.3471686818926559,0.9674947595687281
0.3544455673970436,0.9689535072057762
0.3618749812411277,0.9703650301423868
0.3694601205199303,0.9717300115322123
0.3772042493417002,0.9730491577396831
0.3851107002325569,0.9743231972487844
0.393182875570577,0.9755528795361577
0.4014242490499318,0.9767389739109716
0.4098383671757261,0.9778822683241292
0.4184288507901585,0.9789835681494968
0.4271993966306777,0.9800436949399626
0.4361537789208006,0.9810634851612243
0.4452958509942651,0.9820437889063123
0.4546295469532399,0.9829854685939331
0.4641588833612782,0.983889397653799
0.4738879609717651,0.9847564592021706
0.4838209664925957,0.9855875447108965
0.4939621743878316,0.9863835526732722
0.5043159487171359,0.9871453872700754
0.5148867450137498,0.9878739570391434
0.5256791122018419,0.9885701735518728
0.5366976945540476,0.9892349501000023
0.5479472336900282,0.9898692003960228
0.5594325706169377,0.99047383729052
0.5711586478126435,0.9910497715097047
0.5831305113526218,0.9915979104163228
0.595353313081437,0.9921191567970572
0.6078323128297224,0.9926144076794458
0.62057288067765,0.9930845531812333
0.6335804992658254,0.9935304753949593
0.6468607661546321,0.9939530473104521
0.6604193962330305,0.9943531317777624
0.6742622241778335,0.9947315805129116
0.6883952069645496,0.9950892331486701
0.7028244264308353,0.9954269163324083
0.7175560918936921,0.9957454428728746
0.732596542821523,0.9960456109375735
0.7479522515621814,0.9963282033022081
0.7636298261282242,0.9965939866534564
0.7796360130405237,0.9968437109461344
0.7959777002314977,0.9970781088155889
0.8126619200091946,0.9972978950459438
0.8296958520834898,0.9975037660946084
0.8470868266557402,0.997696399673233
0.8648423275731727,0.9978764543850797
0.8829699955494082,0.9980445694185623
0.9014776314524917,0.9982013642964921
0.9203731996618231,0.998347438680356
0.9396648314954691,0.9984833722287544
0.9593608287093147,0.998609724508923
0.9794696670695385,0.9987270349600768
1,0.9988358229071304
1.020960662306048,0.998936587623181
1.042360673976403,0.9990298084389777
1.064209244064722,0.9991159448974495
1.086515774652537,0.9991954369512348
1.109289864895223,0.9992687052010238
1.132541315152813,0.9993361511724205
1.156280131207378,0.9993981576289324
1.180516528568803,0.9994550889186182
1.205260936870841,0.9995072913518539
1.230524004359262,0.9995550936076274
1.256316602474121,0.9995988071657387
1.282649830528062,0.9996387267622563
1.309535020482665,0.9996751308655796
1.336983741824945,0.9997082821704598
1.365007806546014,0.99973842810736
1.393619274224144,0.9997658013645677
1.422830457214355,0.9997906204205226
1.452653925946778,0.9998130900838864
1.483102514336103,0.9998334020389542
1.514189325304352,0.9998517353940892
1.545927736419479,0.9998682572309612
1.57833140565212,0.9998831231524692
1.611414277253017,0.999896477827342
1.645190587753661,0.9999084555295291
1.679674872092653,0.9999191806706166
1.714881969870541,0.9999287683236353
1.750827031735727,0.9999373247367588
1.787525525904232,0.9999449478355245
1.824993244816151,0.9999517277123502
1.86324631193156,0.9999577471022535
1.902301188668946,0.9999630818438199
1.942174681489028,0.9999678013245993
1.982883949127067,0.999971968910247
2.024446509976802,0.9999756423568493
2.066880249629082,0.9999788742060048
2.110203428568596,0.9999817121623494
2.154434690031886,0.9999841994533294
2.19959306803007,0.9999863751711361
2.245697995539772,0.9999882745968171
2.292769312865649,0.9999899295066745
2.340827276178294,0.9999913684611494
2.389892566231053,0.9999926170764714
2.439986297259545,0.9999936982794235
2.491130026067786,0.9999946325456422
2.543345761304648,0.9999954381219216
2.596655972934872,0.999996131233049
2.651083601908542,0.9999967262737335
2.706652070033236,0.9999972359862281
2.763385290053167,0.999997671624272
2.821307675939471,0.9999980431039986
2.880444153396298,0.9999983591424726
2.940820170587067,0.9999986273845229
3.002461709085543,0.9999988545185461
3.065395295056524,0.9999990463819469
3.12964801067075,0.9999992080568807
3.195247505759214,0.9999993439569449
3.262222009711673,0.9999994579054597
3.330600343624582,0.999999553205951
3.400411932703703,0.9999996327054341
3.47168681892656,0.9999996988510707
3.544455673970436,0.9999997537407451
3.618749812411284,0.9999997991680849
3.694601205199295,0.9999998366624127
3.772042493416994,0.9999998675241003
3.851107002325569,0.999999892855758
3.93182875570577,0.9999999135896663
4.014242490499326,0.9999999305118321
4.098383671757253,0.9999999442830158
4.184288507901576,0.9999999554570573
4.271993966306777,0.9999999644967962
4.361537789208006,0.9999999717878576
4.45295850994266,0.9999999776505532
4.54629546953239,0.9999999823501201
4.641588833612772,0.9999999861055031
4.738879609717651,0.9999999890968603
4.838209664925957,0.9999999914719575
4.939621743878326,0.9999999933515983
5.043159487171349,0.9999999948342176
5.148867450137487,0.9999999959997559
5.256791122018419,0.9999999969129139
5.366976945540476,0.9999999976258787
5.479472336900293,0.9999999981805975
5.594325706169389,0.9999999986106685
5.711586478126423,0.9999999989429064
5.831305113526219,0.9999999991986348
5.95353313081437,0.9999999993947488
6.078323128297236,0.999999999544585
6.205728806776513,0.9999999996586314
6.335804992658241,0.9999999997451043
6.46860766154632,0.9999999998104162
6.604193962330306,0.9999999998595516
6.742622241778349,0.9999999998963697
6.883952069645511,0.9999999999238468
7.028244264308339,0.9999999999442691
7.175560918936921,0.999999999959385
7.32596542821523,0.9999999999705262
7.479522515621829,0.9999999999787029
7.636298261282257,0.9999999999846781
7.796360130405221,0.9999999999890254
7.959777002314977,0.9999999999921744
8.126619200091946,0.999999999994445
8.296958520834915,0.9999999999960748
8.470868266557419,0.9999999999972394
8.648423275731709,0.9999999999980675
8.829699955494084,0.9999999999986537
9.014776314524918,0.9999999999990666
9.203731996618231,0.9999999999993561
9.39664831495471,0.9999999999995579
9.593608287093128,0.999999999999698
9.794696670695386,0.9999999999997948
10,0.9999999999998613
