#Weibull - Linearized data and linear fitting
#Linearized-data(x), Linearized-data(y), Aproximation(x), Aproximation(y)
-16.81124283151826,-5.738183037010812,-16.81124283151826,-8.877587439587886
-10.12663110385034,-5.043421648294511,-10.12663110385034,-4.587990362869565
-10.07784093968091,-4.63633797376997,-10.07784093968091,-4.55668111797692
-10.00884806819395,-4.347032951140505,-10.00884806819395,-4.512407548785179
-9.596002852788168,-4.122262040154097,-9.596002852788168,-4.247479726304211
-9.552830680922959,-3.938308688225388,-9.552830680922959,-4.219775615762971
-9.525051116815883,-3.782521751595053,-9.525051116815883,-4.201949129821685
-9.47170513611059,-3.647349614052643,-9.47170513611059,-4.16771636175515
-9.338173743486069,-3.527921318673356,-9.338173743486069,-4.082027634453093
-7.682112514967626,-3.420911001550644,-7.682112514967626,-3.019312895866833
-7.679945666882535,-3.323946451352591,-7.679945666882535,-3.017922402957121
-7.671324923838628,-3.235276107600493,-7.671324923838628,-3.01239036674218
-7.658531572378719,-3.153569809099613,-7.658531572378719,-3.004180716689251
-7.641724454062337,-3.077793594098025,-7.641724454062337,-2.993395383369202
-7.637566443913673,-3.007127799524225,-7.637566443913673,-2.990727137417855
-7.631361667026791,-2.94091164657618,-7.631361667026791,-2.98674545622529
-7.627246434881684,-2.87860465547141,-7.627246434881684,-2.984104661441862
-7.612975040776352,-2.819759105837948,-7.612975040776352,-2.974946533351707
-7.555929093899351,-2.763999952965055,-7.555929093899351,-2.938339451754228
-6.946496107298568,-2.711009901581667,-6.946496107298568,-2.547258852867976
-6.911763300379676,-2.660518125155212,-6.911763300379676,-2.52497038599879
-6.529318843261892,-2.612291611846588,-6.529318843261892,-2.279551101813692
-6.510994611504119,-2.566128435738464,-6.510994611504119,-2.267792218248935
-6.501623726330812,-2.521852461176817,-6.501623726330812,-2.261778806657757
-6.231754257257163,-2.479309128867081,-6.231754257257163,-2.088600268726772
-6.223648843074341,-2.438362068933604,-6.223648843074341,-2.083398925342785
-6.010443513705785,-2.398890353528713,-6.010443513705785,-1.946582458678807
-6.001110924159788,-2.323953364612489,-6.001110924159788,-1.940593621859904
-6.001110924159788,-2.323953364612489,-6.001110924159788,-1.940593621859904
-5.999900025929084,-2.28830511055003,-5.999900025929084,-1.939816573659912
-5.997885114910905,-2.253763414940376,-5.997885114910905,-1.938523580623734
-5.991064627086655,-2.220257640189997,-5.991064627086655,-1.934146790194516
-5.813485739748164,-2.18772366785635,-5.813485739748164,-1.820192246976816
-5.808476545770866,-2.156103119889484,-5.808476545770866,-1.816977785955423
-5.680456649352704,-2.125342692787708,-5.680456649352704,-1.734825853156671
-5.665042646340271,-2.095393585573552,-5.665042646340271,-1.724934498960436
-5.661873071578992,-2.066211006160122,-5.661873071578992,-1.722900544082527
-5.660435670152835,-2.037753743559684,-5.660435670152835,-1.721978146012615
-5.659000331884308,-2.009983795668957,-5.659000331884308,-1.72105707189618
-5.655278065596586,-1.982866044185622,-5.655278065596586,-1.71866844810813
-5.648442379623036,-1.956367969670955,-5.648442379623036,-1.714281904840683
-5.531258760342357,-1.930459400952187,-5.531258760342357,-1.6390837435735
-5.525971073340132,-1.905112294014917,-5.525971073340132,-1.635690570172947
-5.524716210582919,-1.880300536316619,-5.524716210582919,-1.634885309398751
-5.413728218059364,-1.855999773092594,-5.413728218059364,-1.563662957573992
-5.412158182971797,-1.832187252753352,-5.412158182971797,-1.562655446861874
-5.409472415914199,-1.808841688909306,-5.409472415914199,-1.560931957302812
-5.408132232555244,-1.785943136921877,-5.408132232555244,-1.560071945255284
-5.405902577227974,-1.763472883183446,-5.405902577227974,-1.558641148170338
-5.307761825376036,-1.741413345582841,-5.307761825376036,-1.49566302776455
-5.303329908371581,-1.719747983827074,-5.303329908371581,-1.492819012434852
-5.303128923545259,-1.698461218470708,-5.303128923545259,-1.49269003801441
-5.302727075036737,-1.67753835765748,-5.302727075036737,-1.49243216691319
-5.206832676425858,-1.656965530709053,-5.206832676425858,-1.430895558847788
-5.204280724621654,-1.636729627806891,-5.204280724621654,-1.429257940172955
-5.122852597217295,-1.61681824510842,-5.122852597217295,-1.377004515216253
-5.121175869795624,-1.597219634720234,-5.121175869795624,-1.37592853872884
-5.119000318774381,-1.577922659021422,-5.119000318774381,-1.374532461038591
-5.118666038309961,-1.558916748890762,-5.118666038309961,-1.374317949177409
-5.035953102080546,-1.540191865444005,-5.035953102080546,-1.321240046688633
-5.033187698566767,-1.521738464933095,-5.033187698566767,-1.319465453441945
-5.032727540571072,-1.503547466498762,-5.032727540571072,-1.319170164429871
-4.896860279837411,-1.485610222502496,-4.896860279837411,-1.231982482002104
-4.828313737302302,-1.467918491194151,-4.828313737302302,-1.187995327555912
-4.826440492920621,-1.450464411497834,-4.826440492920621,-1.186793243732498
-4.769455380295947,-1.433240479722016,-4.769455380295947,-1.150225200218541
-4.767571475346915,-1.416239528020196,-4.767571475346915,-1.149016275378713
-4.767336236578481,-1.399454704446473,-4.767336236578481,-1.148865319784804
-4.712421376735067,-1.382879454466303,-4.712421376735067,-1.113625782793044
-4.706317367993049,-1.366507503796767,-4.706317367993049,-1.109708765751104
-4.657938251526748,-1.350332842463169,-4.657938251526748,-1.078663295195336
-4.655937303041744,-1.334349709969874,-4.655937303041744,-1.077379262087413
-4.65562172948419,-1.31855258149312,-4.65562172948419,-1.077176754677091
-4.605970506158861,-1.302936155012385,-4.605970506158861,-1.045314957596152
-4.604170685655008,-1.287495339304654,-4.604170685655008,-1.044159990772876
-4.558286600089241,-1.272225242733004,-4.558286600089241,-1.014715612052097
-4.557523532520738,-1.257121162767192,-4.557523532520738,-1.014225942263553
-4.556761046780403,-1.242178576179517,-4.556761046780403,-1.013736645841258
-4.555428094093277,-1.227393129864343,-4.555428094093277,-1.01288127380425
-4.554572133225,-1.212760632234183,-4.554572133225,-1.012331993249458
-4.42110015866002,-1.198277045149335,-4.42110015866002,-0.9266813952426978
-4.420933796989365,-1.183938476341773,-4.420933796989365,-0.9265746389245757
-4.382186647475247,-1.169741172297324,-4.382186647475247,-0.9017101193296708
-4.348669231019885,-1.155681511563166,-4.348669231019885,-0.8802015833812071
-4.306548173497976,-1.141755998450427,-4.306548173497976,-0.8531719857657747
-4.30240247611827,-1.127961257104132,-4.30240247611827,-0.8505116410688134
-4.270342157479368,-1.11429402591499,-4.270342157479368,-0.8299381426047414
-4.269269541265836,-1.100751152249555,-4.269269541265836,-0.8292498316659083
-4.268126683998586,-1.087329587477148,-4.268126683998586,-0.8285164461840846
-4.26805529876816,-1.074026382273623,-4.26805529876816,-0.8284706374089106
-4.266842528867419,-1.060838682183588,-4.266842528867419,-0.827692388135371
-4.265844880384472,-1.047763723424116,-4.265844880384472,-0.8270521849058661
-4.265773657849632,-1.034798828914242,-4.265773657849632,-0.827006480534439
-4.234641647760824,-1.02194140451574,-4.234641647760824,-0.8070286890171585
-4.232779385609356,-1.009188935471725,-4.232779385609356,-0.8058336526251486
-4.231195744971298,-0.9965389830306326,-4.231195744971298,-0.8048174110649289
-4.1993051578586,-0.9839891812440156,-4.1993051578586,-0.7843528313964876
-4.198372632646148,-0.9715372339274256,-4.198372632646148,-0.7837544185659049
-4.196908990577926,-0.959180911774425,-4.196908990577926,-0.7828151815551416
-4.167625184416515,-0.9469180496144562,-4.167625184416515,-0.764023405095599
-4.133418086208239,-0.934746543805949,-4.133418086208239,-0.742072291933723
-4.104516117543597,-0.922664349756639,-4.104516117543597,-0.7235255452644889
-4.103910167091802,-0.9106694795636179,-4.103910167091802,-0.7231366994507671
-4.102154984314078,-0.8987599997661412,-4.102154984314078,-0.7220103772021214
-4.073013691520272,-0.8869340292046796,-4.073013691520272,-0.7033100533130459
-4.07277878430754,-0.8751897369801405,-4.07277878430754,-0.7031593104824843
-4.045040244537957,-0.8635253405075788,-4.045040244537957,-0.6853591503601628
-4.015829174153735,-0.8519391036590853,-4.015829174153735,-0.666614049338164
-4.015385518423299,-0.8404293349908819,-4.015385518423299,-0.6663293500314758
-3.988418206681859,-0.8289943860499696,-3.988418206681859,-0.6490240963644258
-3.987878657731682,-0.8176326497559745,-3.987878657731682,-0.6486778612061668
-3.987770782866421,-0.8063425588540994,-3.987770782866421,-0.6486086365861701
-3.962790122481799,-0.795122584435348,-3.962790122481799,-0.6325782413850789
-3.961896255923874,-0.7839712345204195,-3.961896255923874,-0.6320046362857752
-3.96095067905157,-0.7728870527039011,-3.96095067905157,-0.6313978480454863
-3.934575409898658,-0.7618686168555721,-3.934575409898658,-0.6144725153462509
-3.91147315662271,-0.750914537875835,-3.91147315662271,-0.5996475169536091
-3.911323250313873,-0.7400234585024621,-3.911323250313873,-0.5995513202423612
-3.887086520138114,-0.7291940521660107,-3.887086520138114,-0.5839983141521461
-3.885868047951295,-0.7184250218914139,-3.885868047951295,-0.5832164056519094
-3.885332390175102,-0.7077150992433923,-3.885332390175102,-0.5828726675075726
-3.862899563468594,-0.6970630433134735,-3.862899563468594,-0.5684772483294516
-3.862566396715553,-0.6864676397465259,-3.862566396715553,-0.5682634511504789
-3.861995511828498,-0.6759276998048326,-3.861995511828498,-0.5678971073383889
-3.861757739280596,-0.6654420594678344,-3.861757739280596,-0.5677445257872147
-3.837982892719682,-0.655009578565782,-3.837982892719682,-0.5524879160599803
-3.815713325290738,-0.6446291399456267,-3.815713325290738,-0.538197262356402
-3.793529111380357,-0.6342996486675703,-3.793529111380357,-0.523961381049282
-3.793173871589765,-0.624020031230778,-3.793173871589765,-0.5237334193322314
-3.7900708946774,-0.6137892348268355,-3.7900708946774,-0.5217422011082451
-3.729035004091031,-0.6036062266196095,-3.729035004091031,-0.482574723848421
-3.728285784493029,-0.5934699930502373,-3.728285784493029,-0.4820939404718623
-3.727537125804815,-0.583379539166029,-3.727537125804815,-0.4816135170379734
-3.726747482557832,-0.5733338879721402,-3.726747482557832,-0.4811067933116144
-3.708021499642303,-0.5633320798049201,-3.708021499642303,-0.4690901011168147
-3.687640222278985,-0.553373171725896,-3.687640222278985,-0.456011186235999
-3.686482329514215,-0.5434562369354043,-3.686482329514215,-0.4552681522915807
-3.667235386056065,-0.5335803642049292,-3.667235386056065,-0.4429171533469274
-3.666922286761894,-0.5237446573272495,-3.666922286761894,-0.4427162337016715
-3.648198269506932,-0.5139482345835416,-3.648198269506932,-0.4307008028952917
-3.647468832868388,-0.5041902282266166,-3.647468832868388,-0.430232714485699
-3.610327087215947,-0.494469783979516,-3.610327087215947,-0.4063984021777032
-3.609661702007307,-0.4847860605487208,-3.609661702007307,-0.4059714163538211
-3.609255295558324,-0.4751382291512599,-3.609255295558324,-0.4057106203664784
-3.592878603786509,-0.4655254730550352,-3.592878603786509,-0.3952014970227953
-3.592733260230423,-0.4559469871317087,-3.592733260230423,-0.3951082282857754
-3.592152097161506,-0.4464019774215286,-3.592152097161506,-0.3947352888387166
-3.591353549024698,-0.436889660709489,-3.591353549024698,-0.3942228507356782
-3.574194546035793,-0.427409264112245,-3.574194546035793,-0.3832117087188649
-3.556483706089708,-0.4179600246752271,-3.556483706089708,-0.3718464461794568
-3.555853189044859,-0.408541188979421,-3.555853189044859,-0.3714418356826032
-3.505391910680012,-0.3991520127572968,-3.505391910680012,-0.3390602163784655
-3.505158876406274,-0.389791760517384,-3.505158876406274,-0.3389106754357563
-3.504925896424858,-0.3804597051770182,-3.504925896424858,-0.3387611693330934
-3.458275798701933,-0.3711551277027879,-3.458275798701933,-0.3088252312452291
-3.457386853313532,-0.3618773167582353,-3.457386853313532,-0.3082547841205792
-3.457228196187115,-0.3526255683583674,-3.457228196187115,-0.3081529719026961
-3.456688950166847,-0.3433991855305571,-3.456688950166847,-0.3078069311382643
-3.455801413656196,-0.3341974779814187,-3.455801413656196,-0.3072373881076926
-3.440863794124619,-0.3250197617692533,-3.440863794124619,-0.2976517350157464
-3.425500320185329,-0.3158653589816726,-3.425500320185329,-0.2877928059435548
-3.424793595517342,-0.306733597418014,-3.424793595517342,-0.2873392920831617
-3.410096864849188,-0.2976238102761719,-3.410096864849188,-0.2779082203201615
-3.409945535419865,-0.2885353358434725,-3.409945535419865,-0.277811110375098
-3.394778029859972,-0.2794675171912324,-3.394778029859972,-0.2680779366080219
-3.394718415564446,-0.2704197018726366,-3.394718415564446,-0.2680396813856938
-3.380307110770653,-0.2613912416235876,-3.380307110770653,-0.2587917708961014
-3.380160222596356,-0.2523814920661713,-3.380160222596356,-0.25869751095869
-3.364769025048604,-0.2433898124143959,-3.364769025048604,-0.2488207913079792
-3.364624401431315,-0.2344155651818555,-3.364624401431315,-0.2487279845644881
-3.340478646627449,-0.2254581158909787,-3.340478646627449,-0.2332333584827497
-3.337321580074682,-0.2165168327835161,-3.337321580074682,-0.2312074302751765
-3.335774876353745,-0.2075910865319266,-3.335774876353745,-0.2302148915862923
-3.335409641124152,-0.1986802499513172,-3.335409641124152,-0.2299805156738228
-3.322127454678675,-0.1897836977115932,-3.322127454678675,-0.2214571742337925
-3.309101452941757,-0.1809008060494673,-3.309101452941757,-0.2130982296535502
-3.295567902178342,-0.1720309524799817,-3.295567902178342,-0.2044135846573305
-3.295190075218593,-0.1631735155071846,-3.295190075218593,-0.2041711284776639
-3.294839363675239,-0.1543278743336017,-3.294839363675239,-0.2039460725922317
-3.269038180061265,-0.1454934085681381,-3.269038180061265,-0.1873891376025323
-3.268906758473766,-0.1366694979320377,-3.268906758473766,-0.1873048027629756
-3.268854194674442,-0.1278555219625183,-3.268854194674442,-0.187271071930265
-3.25401089563653,-0.1190508597136949,-3.25401089563653,-0.177745945452336
-3.242477158120527,-0.1102548894543921,-3.242477158120527,-0.1703446050681967
-3.242425965328461,-0.1014669883624353,-3.242425965328461,-0.1703117540276062
-3.242349181053843,-0.09268653221500017,-3.242349181053843,-0.1702624806197617
-3.21800120745754,-0.08391289507458433,-3.21800120745754,-0.1546380882664373
-3.204110372667727,-0.07514544897015316,-3.204110372667727,-0.1457241697420562
-3.169014805697276,-0.06638356357299409,-3.169014805697276,-0.1232029153124075
-3.156370619516804,-0.05762660586679773,-3.156370619516804,-0.1150889864430999
-3.121794487217637,-0.04887393981146442,-3.121794487217637,-0.09290105959301331
-3.121613007247991,-0.04012492600011715,-3.121613007247991,-0.09278460167758085
-3.111771829954,-0.03137892130877504,-3.111771829954,-0.08646939788241625
-3.100159891163217,-0.02263527853812376,-3.100159891163217,-0.0790178747841026
-3.090152849173483,-0.01389334604678958,-3.090152849173483,-0.07259623358569378
-3.089339903519167,-0.005152467375497135,-3.089339903519167,-0.07207455641963612
-3.0885276182087,0.003588019138537357,-3.0885276182087,-0.07155330300430074
-3.077246062737537,0.01232878075765969,-3.077246062737537,-0.06431379092170131
-3.07715927224972,0.02107049075099553,-3.07715927224972,-0.06425809640450364
-3.067271240736307,0.02981382881358148,-3.067271240736307,-0.0579128256838608
-3.066734304908714,0.03855948149820941,-3.066734304908714,-0.05756826739831467
-3.066626952330539,0.04730814266081423,-3.066626952330539,-0.05749937793632642
-3.065854353785798,0.0560605139202946,-3.065854353785798,-0.05700359200379768
-3.045889371551926,0.06481730513369641,-3.045889371551926,-0.04419181879748324
-3.034888988755185,0.0735792348877469,-3.034888988755185,-0.03713273865788835
-3.014140673237346,0.08234703100778953,-3.014140673237346,-0.02381829090563259
-3.003744284164169,0.0911214310852231,-3.003744284164169,-0.01714680092332865
-2.964873345968007,0.09990318302462819,-2.964873345968007,0.007797155382376353
-2.955454427055421,0.1086930456118256,-2.955454427055421,0.01384139081134639
-2.954897479115655,0.1174917891042005,-2.954897479115655,0.01419879111395717
-2.937633191170345,0.1263001958447038,-2.937633191170345,0.02527749577458849
-2.935917391252833,0.1351190609010393,-2.935917391252833,0.02637854556031161
-2.918419442451358,0.1439491927316424,-2.918419442451358,0.03760719324925699
-2.907849609578463,0.1527914138801659,-2.907849609578463,0.04438998423849383
-2.889482153711332,0.1616465617003,-2.889482153711332,0.0561766052427155
-2.872188087462536,0.1705154891128896,-2.872188087462536,0.06727441900478559
-2.872029019248448,0.1793990653974379,-2.872029019248448,0.06737649502265275
-2.871481311216134,0.188298177020242,-2.871481311216134,0.06772796596367758
-2.8455035603073,0.1972137285015619,-2.8455035603073,0.08439820634533235
-2.8285920387557,0.2061466433244053,-2.8285920387557,0.09525053649793325
-2.812161497359604,0.2150978648876922,-2.812161497359604,0.1057942158039236
-2.811945124598426,0.2240683575067802,-2.811945124598426,0.1059330648503072
-2.811678883915278,0.2330591074645472,-2.811678883915278,0.1061039147519418
-2.803707941298651,0.2420711241164818,-2.803707941298651,0.1112189660877505
-2.803476887693187,0.251105441053493,-2.803476887693187,0.1113672360114115
-2.795292513846358,0.260163117326447,-2.795292513846358,0.1166192487772115
-2.787223287006388,0.2692452387367566,-2.787223287006388,0.1217973703008359
-2.77868728070165,0.2783529191976984,-2.77868728070165,0.127275029914198
-2.778574601924579,0.2874873021715147,-2.778574601924579,0.12734733726314
-2.771149758045527,0.2966495621877774,-2.771149758045527,0.1321119503620347
-2.762749288624593,0.3058409064489493,-2.762749288624593,0.1375026342998837
-2.75514180863606,0.3150625765295846,-2.75514180863606,0.1423844472232785
-2.754937427007685,0.3243158501761649,-2.754937427007685,0.1425156014131299
-2.716541147375277,0.3336020432151779,-2.716541147375277,0.167154963514943
-2.709215880242227,0.3429225115777197,-2.709215880242227,0.1718556769984285
-2.708660387227905,0.3522786534496485,-2.708660387227905,0.1722121436575927
-2.702137714350608,0.3616719115571286,-2.702137714350608,0.1763978225940426
-2.686954292807477,0.371103775598327,-2.686954292807477,0.1861412098421626
-2.636199417339737,0.3805757848330169,-2.636199417339737,0.218711233996965
-2.60198893103012,0.390089530842968,-2.60198893103012,0.2406645213448964
-2.588841515501148,0.3996466604772386,-2.588841515501148,0.2491013786399952
-2.588601886126765,0.409248878997865,-2.588601886126765,0.249255151739425
-2.58845547421656,0.4188979534429818,-2.58845547421656,0.2493491060523454
-2.582232860417505,0.428595716226114,-2.582232860417505,0.2533422334095403
-2.58191547146791,0.4383440689923062,-2.58191547146791,0.2535459057791301
-2.575312873664016,0.4481449867538888,-2.575312873664016,0.2577828735181995
-2.569014609412375,0.4580005223310883,-2.569014609412375,0.2618245466957774
-2.568636145319532,0.4679128111253849,-2.568636145319532,0.2620674117315402
-2.568518720063834,0.4778840762565556,-2.568518720063834,0.262142764953851
-2.564352535595143,0.4879166340977612,-2.564352535595143,0.2648162564663041
-2.549573179118271,0.4980129002468946,-2.549573179118271,0.2743003502210044
-2.549317179116873,0.5081753959767769,-2.549317179116873,0.2744646285519492
-2.542951103103841,0.5184067552117384,-2.542951103103841,0.2785498173659289
-2.536701122375946,0.5287097320837413,-2.536701122375946,0.2825605064159689
-2.530339256865939,0.5390872091276004,-2.530339256865939,0.2866429932986769
-2.530314141649884,0.549542206182158,-2.530314141649884,0.286659110039897
-2.529987701228639,0.5600778900726106,-2.529987701228639,0.286868590849515
-2.505631942609133,0.5706975851587471,-2.505631942609133,0.302497978947414
-2.499573686831404,0.5814047848448421,-2.499573686831404,0.306385635752759
-2.487638377561121,0.5922031641595927,-2.487638377561121,0.314044669641538
-2.45782469881941,0.6030965935290923,-2.45782469881941,0.3331764718144785
-2.434289583991474,0.6140891538827362,-2.434289583991474,0.348279242757521
-2.429033060982356,0.6251851532515873,-2.429033060982356,0.3516524178426623
-2.412165611462782,0.636389145041573,-2.412165611462782,0.3624764664334554
-2.384337594866305,0.6477059481905802,-2.384337594866305,0.3803340449296058
-2.38419653048103,0.6591406694497844,-2.38419653048103,0.380424567670395
-2.378926326250768,0.6706987280662944,-2.378926326250768,0.3838065221624216
-2.37349050650982,0.6823858831875592,-2.37349050650982,0.3872947541525953
-2.358478425034586,0.6942082643592909,-2.358478425034586,0.3969281903842143
-2.352416298859392,0.7061724055496315,-2.352416298859392,0.400818330870935
-2.326314419693282,0.7182852832050225,-2.326314419693282,0.4175682258729683
-2.316288558052538,0.7305543589303414,-2.316288558052538,0.4240019438715337
-2.305830353159075,0.7429876274906415,-2.305830353159075,0.4307131018215216
-2.301116172386371,0.7555936709584334,-2.301116172386371,0.4337382492624737
-2.296483744136069,0.7683817199841219,-2.296483744136069,0.4367109351102323
-2.271396551538029,0.7813617233547167,-2.271396551538029,0.4528096933352173
-2.252234242567325,0.7945444272358696,-2.252234242567325,0.465106381294472
-2.229018696037129,0.8079414657758556,-2.229018696037129,0.4800040813535729
-2.19218927577168,0.8215654651018188,-2.19218927577168,0.5036379706420111
-2.17437659185408,0.8354301631775449,-2.17437659185408,0.5150685877031616
-2.152537103417053,0.849550548543367,-2.152537103417053,0.5290832544591579
-2.13976920759204,0.8639430216561877,-2.13976920759204,0.5372765693199339
-2.123034037162759,0.8786255834361484,-2.123034037162759,0.5480157328011424
-2.11878130191894,0.8936180567674625,-2.11878130191894,0.5507447650042296
-2.090170895892922,0.9089423481783708,-2.090170895892922,0.5691044123633964
-2.089823245560972,0.9246227588553348,-2.089823245560972,0.5693275038320424
-2.046416907717461,0.9406863566924154,-2.046416907717461,0.5971818815446472
-2.030613282997914,0.9571634244692595,-2.030613282997914,0.607323260754143
-2.012231591987106,0.9740880038220197,-2.012231591987106,0.6191190166241118
-1.993351922711968,0.9914985609042096,-1.993351922711968,0.6312343312349566
-1.971728595158468,1.009438808243812,-1.971728595158468,0.6451102849090491
-1.946863603448528,1.027958729363854,-1.946863603448528,0.6610664541073457
-1.92952610355495,1.047115869891853,-1.92952610355495,0.6721921397703248
-1.929491672917188,1.066976983708506,-1.929491672917188,0.6722142343315514
-1.922403605420381,1.087620159277511,-1.922403605420381,0.6767627339082787
-1.872616007972279,1.109137606355276,-1.872616007972279,0.7087120439312131
-1.872511928715832,1.131639368041574,-1.872511928715832,0.7087788328626266
-1.840330157484088,1.155258357025961,-1.840330157484088,0.7294302689404955
-1.81561987819594,1.180157332620279,-1.81561987819594,0.7452871572860973
-1.730007953183728,1.206538801152605,-1.730007953183728,0.800225376322004
-1.716071460275881,1.234659461324904,-1.716071460275881,0.809168594218979
-1.688697593419732,1.264851982401703,-1.688697593419732,0.8267347392739852
-1.659137740222054,1.297559145673949,-1.659137740222054,0.8457036584918587
-1.640846023593781,1.333389970435436,-1.640846023593781,0.8574416767004609
-1.620321929036179,1.373217592394276,-1.620321929036179,0.8706122391210389
-1.605420991076166,1.41836335963361,-1.605420991076166,0.8801743532000166
-1.472340386029993,1.4709797864644,-1.472340386029993,0.9655738046013813
-1.42762064944156,1.534968778594746,-1.42762064944156,0.9942710063472009
-1.417244410697357,1.618723811040402,-1.417244410697357,1.000929565617029
-1.324608655393329,1.747423131662908,-1.324608655393329,1.060375062429808
-1.238101968110185,3.505641878858904,-1.238101968110185,1.115887461355006
